Crime ID,Month,Reported by,Falls within,Longitude,Latitude,Location,LSOA code,LSOA name,Crime type,Last outcome category,Context
,2021-06,Derbyshire Constabulary,Derbyshire Constabulary,-1.376412,53.098677,On or near Mansfield Road,E01019400,Amber Valley 001A,Anti-social behaviour,,
,2021-06,Derbyshire Constabulary,Derbyshire Constabulary,-1.373260,53.100835,On or near Salcombe Road,E01019400,Amber Valley 001A,Anti-social behaviour,,
,2021-06,Derbyshire Constabulary,Derbyshire Constabulary,-1.376752,53.101034,On or near Meadow Lane,E01019400,Amber Valley 001A,Anti-social behaviour,,
,2021-06,Derbyshire Constabulary,Derbyshire Constabulary,-1.376752,53.101034,On or near Meadow Lane,E01019400,Amber Valley 001A,Anti-social behaviour,,
78b13cbaff23f3de0efb8cb71752d4fa00fa84942933cdd7da97fd9f2ad5fc02,2021-06,Derbyshire Constabulary,Derbyshire Constabulary,-1.381917,53.101231,On or near Cedar Avenue,E01019400,Amber Valley 001A,Public order,Unable to prosecute suspect,
cacb79341cff74763ce35618857e9524c79e0aebd61537df7ea2247642cf9211,2021-06,Derbyshire Constabulary,Derbyshire Constabulary,-1.371779,53.100971,On or near Wood Street North,E01019400,Amber Valley 001A,Public order,Unable to prosecute suspect,
376695a32d3b1461123fac622438e2153f843354fd4b6b1643344e2f018e5903,2021-06,Derbyshire Constabulary,Derbyshire Constabulary,-1.377638,53.098647,On or near Mansfield Road,E01019400,Amber Valley 001A,Public order,Unable to prosecute suspect,
80b850cf64c3e606427139f77cb9d67f11c4e345a12b237c45d6887dd92c96f0,2021-06,Derbyshire Constabulary,Derbyshire Constabulary,-1.373564,53.099408,On or near Catherine Street,E01019400,Amber Valley 001A,Public order,Investigation complete; no suspect identified,
fc5faaca556adfacff778e3c8807a3f88215784f25343e7d4f6b72a01421f41c,2021-06,Derbyshire Constabulary,Derbyshire Constabulary,-1.381917,53.101231,On or near Cedar Avenue,E01019400,Amber Valley 001A,Public order,Unable to prosecute suspect,
b5c907963f5e2020d981e3e819f00a3740efcd15f895bcf6ce84824ecd8be1d5,2021-06,Derbyshire Constabulary,Derbyshire Constabulary,-1.377638,53.098647,On or near Mansfield Road,E01019400,Amber Valley 001A,Public order,Awaiting court outcome,
15b976f4a1f9f1879db85b68eb2b4f860f5d6362be02a60e374b03f5b9be1862,2021-06,Derbyshire Constabulary,Derbyshire Constabulary,-1.375369,53.099579,On or near Priory Road,E01019400,Amber Valley 001A,Public order,Unable to prosecute suspect,
51ecb360575ab2a089cf45eed2005f745cbe985287742a370524573453091d28,2021-06,Derbyshire Constabulary,Derbyshire Constabulary,-1.376412,53.098677,On or near Mansfield Road,E01019400,Amber Valley 001A,Violence and sexual offences,Status update unavailable,
91cc540624917af4cdca2ff39dd704d77235ba962b55f1b1f9313319f8912b13,2021-06,Derbyshire Constabulary,Derbyshire Constabulary,-1.373564,53.099408,On or near Catherine Street,E01019400,Amber Valley 001A,Violence and sexual offences,Unable to prosecute suspect,
63c476ac2d5d278224160f6437eeca4a2be8462c8124998be8a7890b3ef2d7da,2021-06,Derbyshire Constabulary,Derbyshire Constabulary,-1.375369,53.099579,On or near Priory Road,E01019400,Amber Valley 001A,Violence and sexual offences,Unable to prosecute suspect,
df3aaf954184f0e9004bbf08a396b78138e80ae00e6010f421b1981bf1ef1868,2021-06,Derbyshire Constabulary,Derbyshire Constabulary,-1.380324,53.100836,On or near Beech Avenue,E01019400,Amber Valley 001A,Violence and sexual offences,Formal action is not in the public interest,
812eaf383f99cbcb2e5c16ec9697e6e3de475804a70ff9faa8f68e64972e53d5,2021-06,Derbyshire Constabulary,Derbyshire Constabulary,-1.373564,53.099408,On or near Catherine Street,E01019400,Amber Valley 001A,Violence and sexual offences,Unable to prosecute suspect,
90392523e94c5844a8f5e58e0f18c1e6f8a22498347620f90ccb34f197e3be72,2021-06,Derbyshire Constabulary,Derbyshire Constabulary,-1.371779,53.100971,On or near Wood Street North,E01019400,Amber Valley 001A,Violence and sexual offences,Unable to prosecute suspect,
3dbc8617bb571275b6709d0c9b00cdfcffb89476aaee4410f750434976da7e15,2021-06,Derbyshire Constabulary,Derbyshire Constabulary,-1.376412,53.098677,On or near Mansfield Road,E01019400,Amber Valley 001A,Violence and sexual offences,Unable to prosecute suspect,
c37b7a2fc1016a84c88aaac7bcb49a0bb2607007c8dba9e0c7800182544691d7,2021-06,Derbyshire Constabulary,Derbyshire Constabulary,-1.376412,53.098677,On or near Mansfield Road,E01019400,Amber Valley 001A,Violence and sexual offences,Unable to prosecute suspect,
dba1eb79b87abc1aecdc4f7a547aae3748232ba2c9f7494505a21e88b8dd1d5b,2021-06,Derbyshire Constabulary,Derbyshire Constabulary,-1.373407,53.096899,On or near Milton Avenue,E01019400,Amber Valley 001A,Violence and sexual offences,Unable to prosecute suspect,
a78328a15a3a1d4cdef07fea365768ed861ca72b911bb01f163582b2bb7f60ce,2021-06,Derbyshire Constabulary,Derbyshire Constabulary,-1.381917,53.101231,On or near Cedar Avenue,E01019400,Amber Valley 001A,Violence and sexual offences,Unable to prosecute suspect,
,2021-06,Derbyshire Constabulary,Derbyshire Constabulary,-1.387533,53.096981,On or near Chapel Street,E01019401,Amber Valley 001B,Anti-social behaviour,,
,2021-06,Derbyshire Constabulary,Derbyshire Constabulary,-1.387121,53.097573,On or near High Street,E01019401,Amber Valley 001B,Anti-social behaviour,,
,2021-06,Derbyshire Constabulary,Derbyshire Constabulary,-1.390530,53.097302,On or near King Street,E01019401,Amber Valley 001B,Anti-social behaviour,,
,2021-06,Derbyshire Constabulary,Derbyshire Constabulary,-1.387398,53.101224,On or near Frederick Street,E01019401,Amber Valley 001B,Anti-social behaviour,,
,2021-06,Derbyshire Constabulary,Derbyshire Constabulary,-1.389351,53.098303,On or near Bonsall Lane,E01019401,Amber Valley 001B,Anti-social behaviour,,
,2021-06,Derbyshire Constabulary,Derbyshire Constabulary,-1.391112,53.095256,On or near King Street,E01019401,Amber Valley 001B,Anti-social behaviour,,
,2021-06,Derbyshire Constabulary,Derbyshire Constabulary,-1.387398,53.101224,On or near Frederick Street,E01019401,Amber Valley 001B,Anti-social behaviour,,
,2021-06,Derbyshire Constabulary,Derbyshire Constabulary,-1.387121,53.097573,On or near High Street,E01019401,Amber Valley 001B,Anti-social behaviour,,
,2021-06,Derbyshire Constabulary,Derbyshire Constabulary,-1.391112,53.095256,On or near King Street,E01019401,Amber Valley 001B,Anti-social behaviour,,
,2021-06,Derbyshire Constabulary,Derbyshire Constabulary,-1.391112,53.095256,On or near King Street,E01019401,Amber Valley 001B,Anti-social behaviour,,
,2021-06,Derbyshire Constabulary,Derbyshire Constabulary,-1.385096,53.098218,On or near Parking Area,E01019401,Amber Valley 001B,Anti-social behaviour,,
,2021-06,Derbyshire Constabulary,Derbyshire Constabulary,-1.390530,53.097302,On or near King Street,E01019401,Amber Valley 001B,Anti-social behaviour,,
,2021-06,Derbyshire Constabulary,Derbyshire Constabulary,-1.390530,53.097302,On or near King Street,E01019401,Amber Valley 001B,Anti-social behaviour,,
,2021-06,Derbyshire Constabulary,Derbyshire Constabulary,-1.386137,53.098529,On or near Parking Area,E01019401,Amber Valley 001B,Anti-social behaviour,,
,2021-06,Derbyshire Constabulary,Derbyshire Constabulary,-1.386159,53.094862,On or near Southcroft,E01019401,Amber Valley 001B,Anti-social behaviour,,
e2febd6b71f021b351ec1ea9cf2a9710452a505535f21415f97dcbab47ae9f31,2021-06,Derbyshire Constabulary,Derbyshire Constabulary,-1.389254,53.097781,On or near Parking Area,E01019401,Amber Valley 001B,Burglary,Investigation complete; no suspect identified,
da83fefce3e9d8a25425f8556d4bbaccbec3f8747c976d9b14404ce4c1cb1743,2021-06,Derbyshire Constabulary,Derbyshire Constabulary,-1.389928,53.096580,On or near New Street,E01019401,Amber Valley 001B,Criminal damage and arson,Investigation complete; no suspect identified,
0bbd12f3054de25ea6e9b371bfddeb8ded816f382f99e088dfa1d2cbd4947286,2021-06,Derbyshire Constabulary,Derbyshire Constabulary,-1.384894,53.100896,On or near Rodger'S Lane,E01019401,Amber Valley 001B,Criminal damage and arson,Awaiting court outcome,
74d8f78d6e220235191112c99c2c660ab12fb1ce21ecf6d43ae90c8f928d664f,2021-06,Derbyshire Constabulary,Derbyshire Constabulary,-1.389351,53.098303,On or near Bonsall Lane,E01019401,Amber Valley 001B,Public order,Status update unavailable,
46a08be952de29136df72c63ac10ac3d3d4a34dc6814abb4a85f9951ac5e0ddf,2021-06,Derbyshire Constabulary,Derbyshire Constabulary,-1.387121,53.097573,On or near High Street,E01019401,Amber Valley 001B,Public order,Investigation complete; no suspect identified,
42fca5d0a4b861954250598f75fd6aa544e6e6e706a7dc44f88becc508c02b24,2021-06,Derbyshire Constabulary,Derbyshire Constabulary,-1.388010,53.094952,On or near Marshall Street,E01019401,Amber Valley 001B,Public order,Unable to prosecute suspect,
6dc71fa164bbff5d8e4cb10bc285faf5991bbcb06e7133f97a2de12213b1bb84,2021-06,Derbyshire Constabulary,Derbyshire Constabulary,-1.387822,53.096605,On or near Shopping Area,E01019401,Amber Valley 001B,Shoplifting,Investigation complete; no suspect identified,
27b1ea7c194e6c3b932908acce61e7984ec4cbcbf627e9ff9a287ea4a69d6d22,2021-06,Derbyshire Constabulary,Derbyshire Constabulary,-1.386571,53.097408,On or near Central Road,E01019401,Amber Valley 001B,Shoplifting,Investigation complete; no suspect identified,
6d1f94e98ea4811031ce0f562b65aee88afcc11d6864dc65ea0328c466340e54,2021-06,Derbyshire Constabulary,Derbyshire Constabulary,-1.386571,53.097408,On or near Central Road,E01019401,Amber Valley 001B,Shoplifting,Investigation complete; no suspect identified,
c15c2a706966e000ac4733f163acac6c1a6757e5bb8912654f286b434e60dd20,2021-06,Derbyshire Constabulary,Derbyshire Constabulary,-1.386571,53.097408,On or near Central Road,E01019401,Amber Valley 001B,Shoplifting,Investigation complete; no suspect identified,
d464906d17c2ecfbd188912d9a851e792ffa798c71a283cccf5ae2002b730c52,2021-06,Derbyshire Constabulary,Derbyshire Constabulary,-1.387822,53.096605,On or near Shopping Area,E01019401,Amber Valley 001B,Shoplifting,Investigation complete; no suspect identified,
a37fbda0e055e152a34f68c132ec5ee206f0810f4a53524360efa37e58a33cac,2021-06,Derbyshire Constabulary,Derbyshire Constabulary,-1.387822,53.096605,On or near Shopping Area,E01019401,Amber Valley 001B,Shoplifting,Investigation complete; no suspect identified,
7645e44f813d236689e728f4c1c10751b743de41ef49d9394abade39ce20c80d,2021-06,Derbyshire Constabulary,Derbyshire Constabulary,-1.386571,53.097408,On or near Central Road,E01019401,Amber Valley 001B,Shoplifting,Investigation complete; no suspect identified,
c2644d48e22254af73ff73d24cfaa4e8eb443bbb614083ac2eb4cb04029d03e7,2021-06,Derbyshire Constabulary,Derbyshire Constabulary,-1.383966,53.099983,On or near Firs Avenue,E01019401,Amber Valley 001B,Vehicle crime,Investigation complete; no suspect identified,
f49f4ad7a2e5bd381fde27e71a75e35b8fcd3bc199d0b72ab26b7a5d15473882,2021-06,Derbyshire Constabulary,Derbyshire Constabulary,-1.387121,53.097573,On or near High Street,E01019401,Amber Valley 001B,Violence and sexual offences,Unable to prosecute suspect,
db64e6f6c981eafdb638e7b5fdf892d4f8c45fce0b449947cebdb9266f3470a7,2021-06,Derbyshire Constabulary,Derbyshire Constabulary,-1.383966,53.099983,On or near Firs Avenue,E01019401,Amber Valley 001B,Violence and sexual offences,Investigation complete; no suspect identified,
426cf5798e933df2042c8d13728b872825d446e7f901ce8176b4029b7d48bfba,2021-06,Derbyshire Constabulary,Derbyshire Constabulary,-1.386159,53.094862,On or near Southcroft,E01019401,Amber Valley 001B,Violence and sexual offences,Unable to prosecute suspect,
a6a6325d26c55c5a4d138282be92814624737c0bd2b2a5d3eff70a8d6f834090,2021-06,Derbyshire Constabulary,Derbyshire Constabulary,-1.383966,53.099983,On or near Firs Avenue,E01019401,Amber Valley 001B,Violence and sexual offences,Investigation complete; no suspect identified,
aa5afb3d6082fc44f00dac150f3f5e5f36f4ce69dcdcbe60a7a2a904627ef7f2,2021-06,Derbyshire Constabulary,Derbyshire Constabulary,-1.390530,53.097302,On or near King Street,E01019401,Amber Valley 001B,Violence and sexual offences,Unable to prosecute suspect,
19e81f4dba73614edfacc05203180245b8de102fb743d9a4b37519804ff95d59,2021-06,Derbyshire Constabulary,Derbyshire Constabulary,-1.389352,53.099283,On or near Rowland Court,E01019401,Amber Valley 001B,Violence and sexual offences,Unable to prosecute suspect,
95e2a429a1cc211c2db06a93a9bf2b47e453e848db11638598cf7b0e5ac0bfd6,2021-06,Derbyshire Constabulary,Derbyshire Constabulary,-1.389352,53.099283,On or near Rowland Court,E01019401,Amber Valley 001B,Violence and sexual offences,Unable to prosecute suspect,
b73080eddeb4b581803fc3222ff8d4943b5d77cc993b0c03d01d289616863904,2021-06,Derbyshire Constabulary,Derbyshire Constabulary,-1.386571,53.097408,On or near Central Road,E01019401,Amber Valley 001B,Violence and sexual offences,Local resolution,
0658814707640cd05df29fcbfb56cd19a464e50c603f614cd77e1bda0c3f280b,2021-06,Derbyshire Constabulary,Derbyshire Constabulary,-1.386159,53.094862,On or near Southcroft,E01019401,Amber Valley 001B,Violence and sexual offences,Unable to prosecute suspect,
6484a29a1c6a66dabd8db5d29cf865e9a2abb5ab2ba8817a33d838c8b7a93f40,2021-06,Derbyshire Constabulary,Derbyshire Constabulary,-1.383966,53.099983,On or near Firs Avenue,E01019401,Amber Valley 001B,Violence and sexual offences,Awaiting court outcome,
05b6364438fd37b2832ba7a6dd40dd0a116b6495dfe75cfc7787fbff61abf3cc,2021-06,Derbyshire Constabulary,Derbyshire Constabulary,-1.383966,53.099983,On or near Firs Avenue,E01019401,Amber Valley 001B,Violence and sexual offences,Offender given a caution,
d60af1316a22a32f166dac445d662e40341536ecfae49394b6644133c52b5230,2021-06,Derbyshire Constabulary,Derbyshire Constabulary,-1.389351,53.098303,On or near Bonsall Lane,E01019401,Amber Valley 001B,Violence and sexual offences,Unable to prosecute suspect,
321dc9989aa6dfd8f4e11be9298c2e556bfe5f29f36bb9c3479ff80b0139d5a2,2021-06,Derbyshire Constabulary,Derbyshire Constabulary,-1.390530,53.097302,On or near King Street,E01019401,Amber Valley 001B,Violence and sexual offences,Unable to prosecute suspect,
bb47c94622cd4d8af24feef61b805eb71188332c043db1490235e2f2e6ccf230,2021-06,Derbyshire Constabulary,Derbyshire Constabulary,-1.384894,53.100896,On or near Rodger'S Lane,E01019401,Amber Valley 001B,Violence and sexual offences,Awaiting court outcome,
,2021-06,Derbyshire Constabulary,Derbyshire Constabulary,-1.369702,53.092843,On or near Pinewood Close,E01019402,Amber Valley 001C,Anti-social behaviour,,
,2021-06,Derbyshire Constabulary,Derbyshire Constabulary,-1.375320,53.095722,On or near Byron Avenue,E01019402,Amber Valley 001C,Anti-social behaviour,,
,2021-06,Derbyshire Constabulary,Derbyshire Constabulary,-1.375320,53.095722,On or near Byron Avenue,E01019402,Amber Valley 001C,Anti-social behaviour,,
,2021-06,Derbyshire Constabulary,Derbyshire Constabulary,-1.374747,53.095099,On or near Ley Gardens,E01019402,Amber Valley 001C,Anti-social behaviour,,
,2021-06,Derbyshire Constabulary,Derbyshire Constabulary,-1.375320,53.095722,On or near Byron Avenue,E01019402,Amber Valley 001C,Anti-social behaviour,,
,2021-06,Derbyshire Constabulary,Derbyshire Constabulary,-1.368174,53.092206,On or near Elmwood Drive,E01019402,Amber Valley 001C,Anti-social behaviour,,
3a15f187e8352dc13ffa287b4f9a1c780f520104bdf1bdd70c14b779b3b4e9c5,2021-06,Derbyshire Constabulary,Derbyshire Constabulary,-1.370381,53.092406,On or near Ash Court,E01019402,Amber Valley 001C,Public order,Investigation complete; no suspect identified,
76cdc8c09c4cc784b3a35f852404af5eb1432d20a2e4dd8c06e0cfa163230d1e,2021-06,Derbyshire Constabulary,Derbyshire Constabulary,-1.372176,53.092191,On or near Birchwood Road,E01019402,Amber Valley 001C,Public order,Unable to prosecute suspect,
9d0c3c28a8db0cc2262a6442e36d923908cac3cde6f04f33cd587098f7dae77e,2021-06,Derbyshire Constabulary,Derbyshire Constabulary,-1.374528,53.094756,On or near Ley Avenue,E01019402,Amber Valley 001C,Shoplifting,Investigation complete; no suspect identified,
3841b6dc6b880fcf505022bdc62af52b7974b1dd899e0519791df29c8d15536e,2021-06,Derbyshire Constabulary,Derbyshire Constabulary,-1.374528,53.094756,On or near Ley Avenue,E01019402,Amber Valley 001C,Shoplifting,Investigation complete; no suspect identified,
23589d75af8dc2b40e22d1e48f2155e14dd63e54c300dce78dcf02f32e6ddd1d,2021-06,Derbyshire Constabulary,Derbyshire Constabulary,-1.372176,53.092191,On or near Birchwood Road,E01019402,Amber Valley 001C,Violence and sexual offences,Unable to prosecute suspect,
43c9106ca71a1f7225c5d25a0c9c8f9cdae6c3a30fa01193b6f1775a9d15d37d,2021-06,Derbyshire Constabulary,Derbyshire Constabulary,-1.372176,53.092191,On or near Birchwood Road,E01019402,Amber Valley 001C,Violence and sexual offences,Unable to prosecute suspect,
,2021-06,Derbyshire Constabulary,Derbyshire Constabulary,-1.391191,53.092793,On or near Park Street,E01019404,Amber Valley 001D,Anti-social behaviour,,
,2021-06,Derbyshire Constabulary,Derbyshire Constabulary,-1.382613,53.097459,On or near John Street,E01019404,Amber Valley 001D,Anti-social behaviour,,
,2021-06,Derbyshire Constabulary,Derbyshire Constabulary,-1.400617,53.092544,On or near Wingfield Road,E01019404,Amber Valley 001D,Anti-social behaviour,,
,2021-06,Derbyshire Constabulary,Derbyshire Constabulary,-1.388878,53.094786,On or near Supermarket,E01019404,Amber Valley 001D,Anti-social behaviour,,
,2021-06,Derbyshire Constabulary,Derbyshire Constabulary,-1.395294,53.090935,On or near A615,E01019404,Amber Valley 001D,Anti-social behaviour,,
,2021-06,Derbyshire Constabulary,Derbyshire Constabulary,-1.390470,53.094156,On or near Lincoln Street,E01019404,Amber Valley 001D,Anti-social behaviour,,
,2021-06,Derbyshire Constabulary,Derbyshire Constabulary,-1.390470,53.094156,On or near Lincoln Street,E01019404,Amber Valley 001D,Anti-social behaviour,,
db07b701e6bc3a304a61bc2a9b9f483432f16bc5b514ab7af1cdc80d443bdc24,2021-06,Derbyshire Constabulary,Derbyshire Constabulary,-1.388878,53.094786,On or near Supermarket,E01019404,Amber Valley 001D,Criminal damage and arson,Unable to prosecute suspect,
e1c0cd7ad29fc30b4868685dc8c228d59d312fb63cd5c911e0917ed3a4f98674,2021-06,Derbyshire Constabulary,Derbyshire Constabulary,-1.382859,53.096957,On or near Raglan Street,E01019404,Amber Valley 001D,Criminal damage and arson,Unable to prosecute suspect,
a3e86a7d7ed150bf74d3423fcfe948c0719d21bdfb7f61e68e46bdf0d17aea25,2021-06,Derbyshire Constabulary,Derbyshire Constabulary,-1.391483,53.091159,On or near Long Meadow Road,E01019404,Amber Valley 001D,Criminal damage and arson,Investigation complete; no suspect identified,
4093fa74796a247fd84cebacac6426c08b647b8f239d9681aab64fe24c5312a2,2021-06,Derbyshire Constabulary,Derbyshire Constabulary,-1.386105,53.094502,On or near Grange Street,E01019404,Amber Valley 001D,Possession of weapons,Offender given a caution,
705d4fe36182d12e5fef98930364a1fb4caf8ef069b4494eee805e96993a09e7,2021-06,Derbyshire Constabulary,Derbyshire Constabulary,-1.391191,53.092793,On or near Park Street,E01019404,Amber Valley 001D,Public order,Unable to prosecute suspect,
8efac9faadb4cfca1e529d9d9dc7b9d6a66132dcf8c2957f49a83366c0833c18,2021-06,Derbyshire Constabulary,Derbyshire Constabulary,-1.386105,53.094502,On or near Grange Street,E01019404,Amber Valley 001D,Public order,Unable to prosecute suspect,
72f05ecc5f06791825010489136151d34cb162875d1f4ed78425ef8851ef120e,2021-06,Derbyshire Constabulary,Derbyshire Constabulary,-1.388878,53.094786,On or near Supermarket,E01019404,Amber Valley 001D,Shoplifting,Awaiting court outcome,
476f495689db966f08e98e536fb4c606f7dafa6806e5fbebd9975ef2bd6634af,2021-06,Derbyshire Constabulary,Derbyshire Constabulary,-1.382613,53.097459,On or near John Street,E01019404,Amber Valley 001D,Shoplifting,Investigation complete; no suspect identified,
140b1debcbd924938160b0d692c8b598901f66934437defacd3ebac8dd9fc3ca,2021-06,Derbyshire Constabulary,Derbyshire Constabulary,-1.390470,53.094156,On or near Lincoln Street,E01019404,Amber Valley 001D,Vehicle crime,Investigation complete; no suspect identified,
9b0615ad8d801296e35cac3637a2455d0eb681564f824e3d1fecd6e14b93d136,2021-06,Derbyshire Constabulary,Derbyshire Constabulary,-1.392671,53.093754,On or near Haddon Close,E01019404,Amber Valley 001D,Violence and sexual offences,Unable to prosecute suspect,
c89e67d8192c89133c128dd9518f547b72cf9f0742884bb68874728636e36ee3,2021-06,Derbyshire Constabulary,Derbyshire Constabulary,-1.386105,53.094502,On or near Grange Street,E01019404,Amber Valley 001D,Violence and sexual offences,Unable to prosecute suspect,
15a16d8a497a990c9215cd2088a9ff8647c52c8f7017b3ef6e3346b027c0528d,2021-06,Derbyshire Constabulary,Derbyshire Constabulary,-1.400617,53.092544,On or near Wingfield Road,E01019404,Amber Valley 001D,Violence and sexual offences,Offender given a caution,
e7e9f694be9b95cf303355ca704a8472820001d78542a1284bcb9bef4390afca,2021-06,Derbyshire Constabulary,Derbyshire Constabulary,-1.386105,53.094502,On or near Grange Street,E01019404,Amber Valley 001D,Violence and sexual offences,Investigation complete; no suspect identified,
145a9a63ddab703f553564060073f4cf7722ed257ade80cd8f4eb250421ec2e0,2021-06,Derbyshire Constabulary,Derbyshire Constabulary,-1.392671,53.093754,On or near Haddon Close,E01019404,Amber Valley 001D,Violence and sexual offences,Unable to prosecute suspect,
2ad7913375ce0a1582b23b24e239055a3623a6f7c26fd53083e9968b70ee6db8,2021-06,Derbyshire Constabulary,Derbyshire Constabulary,-1.391191,53.092793,On or near Park Street,E01019404,Amber Valley 001D,Violence and sexual offences,Unable to prosecute suspect,
01ae34f0c54eca98c9d304d8ac31cb5e627b4a2f8c90b33af48c7e20a6ef0caa,2021-06,Derbyshire Constabulary,Derbyshire Constabulary,-1.386105,53.094502,On or near Grange Street,E01019404,Amber Valley 001D,Violence and sexual offences,Investigation complete; no suspect identified,
99b843e063466e4d803fd1d6ab88c49d278c10aec9bcdf093356bc3ebbb3fcab,2021-06,Derbyshire Constabulary,Derbyshire Constabulary,-1.388878,53.094786,On or near Supermarket,E01019404,Amber Valley 001D,Violence and sexual offences,Awaiting court outcome,
9c316927dfc010496828bf659f5e57cb77450be773473a715f07d73d16494072,2021-06,Derbyshire Constabulary,Derbyshire Constabulary,-1.386105,53.094502,On or near Grange Street,E01019404,Amber Valley 001D,Violence and sexual offences,Unable to prosecute suspect,
0fa7870b75a371787c75f585421bcf6b50b50a641cafd1311bfb09cd3d2317e9,2021-06,Derbyshire Constabulary,Derbyshire Constabulary,-1.392671,53.093754,On or near Haddon Close,E01019404,Amber Valley 001D,Violence and sexual offences,Unable to prosecute suspect,
067caf0e61196dd52fa074060e891b2c9f86a65a481fe272a3975534f3af6fef,2021-06,Derbyshire Constabulary,Derbyshire Constabulary,-1.382859,53.096957,On or near Raglan Street,E01019404,Amber Valley 001D,Other crime,Unable to prosecute suspect,
,2021-06,Derbyshire Constabulary,Derbyshire Constabulary,-1.504502,53.084833,On or near Stoney Wood Drive,E01019423,Amber Valley 002B,Anti-social behaviour,,
,2021-06,Derbyshire Constabulary,Derbyshire Constabulary,-1.478505,53.082654,On or near Surgery Lane,E01019423,Amber Valley 002B,Anti-social behaviour,,
5f4ac990499a300f35b6be906aee7a9aaf7750626fa3b4ad8ad7c56b37484797,2021-06,Derbyshire Constabulary,Derbyshire Constabulary,-1.477536,53.086228,On or near Hill Crest,E01019424,Amber Valley 002C,Criminal damage and arson,Local resolution,
e2ebd791f7dc6aa28c1aa1ac16c05fe6cb912cd10f8ec06cc333a1b964bb478a,2021-06,Derbyshire Constabulary,Derbyshire Constabulary,-1.482307,53.083129,On or near Chatsworth Avenue,E01019424,Amber Valley 002C,Criminal damage and arson,Offender given penalty notice,
92dffaf5543e3709405a22a56d438f5b4de0f83240bd5979737e2e1049f9586a,2021-06,Derbyshire Constabulary,Derbyshire Constabulary,-1.478911,53.077505,On or near Amber Hill,E01019424,Amber Valley 002C,Criminal damage and arson,Unable to prosecute suspect,
22fdc6cc32e6c0a11d3d2516e384d8f7d6abc09aa6f5d4c77d73d74a43a14890,2021-06,Derbyshire Constabulary,Derbyshire Constabulary,-1.484010,53.090463,On or near Plaistow Green Road,E01019424,Amber Valley 002C,Criminal damage and arson,Investigation complete; no suspect identified,
3b68f02297c708300732e6794ac94ee258d1a1fc206bcc5a2dbbfe53baacec8d,2021-06,Derbyshire Constabulary,Derbyshire Constabulary,-1.481315,53.082370,On or near The Tors,E01019424,Amber Valley 002C,Violence and sexual offences,Status update unavailable,
,2021-06,Derbyshire Constabulary,Derbyshire Constabulary,-1.434192,53.102318,On or near Birches Avenue,E01019477,Amber Valley 002D,Anti-social behaviour,,
,2021-06,Derbyshire Constabulary,Derbyshire Constabulary,-1.435716,53.095422,On or near The Paddock,E01019477,Amber Valley 002D,Anti-social behaviour,,
,2021-06,Derbyshire Constabulary,Derbyshire Constabulary,-1.472256,53.071175,On or near Top Hagg Lane,E01019477,Amber Valley 002D,Anti-social behaviour,,
,2021-06,Derbyshire Constabulary,Derbyshire Constabulary,-1.437853,53.096457,On or near Cart Road,E01019477,Amber Valley 002D,Anti-social behaviour,,
4f769b699f380ffb3591679e445c98f164d615c6658f4619c49766a0a6475376,2021-06,Derbyshire Constabulary,Derbyshire Constabulary,-1.436256,53.094094,On or near Parks Avenue,E01019477,Amber Valley 002D,Burglary,Investigation complete; no suspect identified,
7e671e704aa84973f898aba3a3b12b1e9640a2cd53ffa59b1302cdbc3a6de833,2021-06,Derbyshire Constabulary,Derbyshire Constabulary,-1.436256,53.094094,On or near Parks Avenue,E01019477,Amber Valley 002D,Burglary,Investigation complete; no suspect identified,
767077d1baefa56399bb9ed9e37a1857d1981cc83989cc1bf4ec4200f93cbffe,2021-06,Derbyshire Constabulary,Derbyshire Constabulary,-1.435716,53.095422,On or near The Paddock,E01019477,Amber Valley 002D,Criminal damage and arson,Awaiting court outcome,
6e0230937b20cf86a1ea1e28d5fdbee53408858c141c6286d051f1489a25b994,2021-06,Derbyshire Constabulary,Derbyshire Constabulary,-1.435269,53.102179,On or near Wessington Lane,E01019477,Amber Valley 002D,Criminal damage and arson,Unable to prosecute suspect,
9d95de36c9ab22d3c51dfc373c00c9aa5f01f7c0a4826dc2d222ef4f8fff77de,2021-06,Derbyshire Constabulary,Derbyshire Constabulary,-1.404961,53.063441,On or near Park/Open Space,E01019477,Amber Valley 002D,Criminal damage and arson,Investigation complete; no suspect identified,
2df0db363344f3d75fa4c4b35de70d5ee07e7307de8afebf9f22d68077aaf5bb,2021-06,Derbyshire Constabulary,Derbyshire Constabulary,-1.404961,53.063441,On or near Park/Open Space,E01019477,Amber Valley 002D,Violence and sexual offences,Investigation complete; no suspect identified,
eea50fd30baf6660a58b2097513a20732aba4a5665b6a81693d0487f0ed9186f,2021-06,Derbyshire Constabulary,Derbyshire Constabulary,-1.434097,53.103828,On or near Meadow View,E01019477,Amber Valley 002D,Violence and sexual offences,Awaiting court outcome,
,2021-06,Derbyshire Constabulary,Derbyshire Constabulary,-1.378652,53.095587,On or near Nottingham Road,E01019403,Amber Valley 003A,Anti-social behaviour,,
,2021-06,Derbyshire Constabulary,Derbyshire Constabulary,-1.378652,53.095587,On or near Nottingham Road,E01019403,Amber Valley 003A,Anti-social behaviour,,
,2021-06,Derbyshire Constabulary,Derbyshire Constabulary,-1.378822,53.097278,On or near Roberts Drive,E01019403,Amber Valley 003A,Anti-social behaviour,,
,2021-06,Derbyshire Constabulary,Derbyshire Constabulary,-1.382440,53.091777,On or near West End,E01019403,Amber Valley 003A,Anti-social behaviour,,
,2021-06,Derbyshire Constabulary,Derbyshire Constabulary,-1.379932,53.092762,On or near Brook Avenue,E01019403,Amber Valley 003A,Anti-social behaviour,,
,2021-06,Derbyshire Constabulary,Derbyshire Constabulary,-1.379496,53.090953,On or near A38,E01019403,Amber Valley 003A,Anti-social behaviour,,
71229cd88c287d2bd3ed458b9641378a65e8f43452e8c80d09280f1a825d79fb,2021-06,Derbyshire Constabulary,Derbyshire Constabulary,-1.377931,53.092797,On or near Pease Close,E01019403,Amber Valley 003A,Criminal damage and arson,Investigation complete; no suspect identified,
8589d643bbe1e24170b7c57caea9868d2dc5a2c6a0f04975d0c40c5d02a76a8d,2021-06,Derbyshire Constabulary,Derbyshire Constabulary,-1.377931,53.092797,On or near Pease Close,E01019403,Amber Valley 003A,Drugs,Offender given a drugs possession warning,
79f67abb1fbe2a0cf791c9be99603f1ca5c37caa3ee057dcfde18440ebd8b367,2021-06,Derbyshire Constabulary,Derbyshire Constabulary,-1.378842,53.095903,On or near Petrol Station,E01019403,Amber Valley 003A,Other theft,Investigation complete; no suspect identified,
cdd10cc78281afe8fb36cdcfe8855238c62e9eeb45609a0cd713af60b5a83999,2021-06,Derbyshire Constabulary,Derbyshire Constabulary,-1.378842,53.095903,On or near Petrol Station,E01019403,Amber Valley 003A,Other theft,Investigation complete; no suspect identified,
9fadaef33e7a6d41903eec64ad0ecbc517f60ab4f944e3f71eace8ce1ceccddb,2021-06,Derbyshire Constabulary,Derbyshire Constabulary,-1.378652,53.095587,On or near Nottingham Road,E01019403,Amber Valley 003A,Public order,Investigation complete; no suspect identified,
98bdcaf2c56868378ce15f140e057f5ef9b33c6af8401c478bf6dc5c32092cbd,2021-06,Derbyshire Constabulary,Derbyshire Constabulary,-1.378652,53.095587,On or near Nottingham Road,E01019403,Amber Valley 003A,Public order,Investigation complete; no suspect identified,
b459b5119e5839799b68ac3f73a95b53c207fc382e2786fe4f65326012bac3e6,2021-06,Derbyshire Constabulary,Derbyshire Constabulary,-1.378842,53.095903,On or near Petrol Station,E01019403,Amber Valley 003A,Public order,Formal action is not in the public interest,
7945f7ad7c0d62af32b6b4dbe7d2fcd4dcb8e89edf73027a27673b17ddea4de1,2021-06,Derbyshire Constabulary,Derbyshire Constabulary,-1.380089,53.097446,On or near Ellesmere Avenue,E01019403,Amber Valley 003A,Shoplifting,Awaiting court outcome,
eb3faa239e567f3d532fef49d872664c052f8a1f7b13ef67623a10c8d990bd6b,2021-06,Derbyshire Constabulary,Derbyshire Constabulary,-1.378842,53.095903,On or near Petrol Station,E01019403,Amber Valley 003A,Shoplifting,Investigation complete; no suspect identified,
3926cc55ce0e4681d540c46595989cfdb2feb1f08059210e4814a267400bfc36,2021-06,Derbyshire Constabulary,Derbyshire Constabulary,-1.381042,53.092453,On or near Brook Close,E01019403,Amber Valley 003A,Violence and sexual offences,Unable to prosecute suspect,
5043d866a1b1b143e7b2d01ce36d07d7cbc780f2f202cd9693245143c5e59bbf,2021-06,Derbyshire Constabulary,Derbyshire Constabulary,-1.378652,53.095587,On or near Nottingham Road,E01019403,Amber Valley 003A,Violence and sexual offences,Status update unavailable,
8a625fe50ee2d983e8450268e82d5d925fa042f9a2a5ca7ab478dcdea2dda20c,2021-06,Derbyshire Constabulary,Derbyshire Constabulary,-1.378652,53.095587,On or near Nottingham Road,E01019403,Amber Valley 003A,Violence and sexual offences,Status update unavailable,
2bc062ff3f4a2dc8fe54534b720d3513a6c62b5d4ddfdcb4d37e50693fe999a7,2021-06,Derbyshire Constabulary,Derbyshire Constabulary,-1.382432,53.092371,On or near West End Close,E01019403,Amber Valley 003A,Other crime,Status update unavailable,
,2021-06,Derbyshire Constabulary,Derbyshire Constabulary,-1.347594,53.062781,On or near Openacre,E01019444,Amber Valley 003B,Anti-social behaviour,,
,2021-06,Derbyshire Constabulary,Derbyshire Constabulary,-1.359440,53.068976,On or near Bradshaw Avenue,E01019444,Amber Valley 003B,Anti-social behaviour,,
,2021-06,Derbyshire Constabulary,Derbyshire Constabulary,-1.350881,53.063473,On or near Bullock Lane,E01019444,Amber Valley 003B,Anti-social behaviour,,
7508f9a39b0fde4e33cab10a0bf942b0501ea42d53a6d6025494eccba8c77ca2,2021-06,Derbyshire Constabulary,Derbyshire Constabulary,-1.347409,53.061180,On or near Deepdale,E01019444,Amber Valley 003B,Burglary,Unable to prosecute suspect,
8d843af52a2ecc5d4224d628e992c7d4f5fa8e7bcdce31164faaee92640c1168,2021-06,Derbyshire Constabulary,Derbyshire Constabulary,-1.350881,53.063473,On or near Bullock Lane,E01019444,Amber Valley 003B,Criminal damage and arson,Investigation complete; no suspect identified,
1b49eb11311013eac7cea5da8a1f205ff1ed4b50fae7784257192fabb45f5b0c,2021-06,Derbyshire Constabulary,Derbyshire Constabulary,-1.347594,53.062781,On or near Openacre,E01019444,Amber Valley 003B,Criminal damage and arson,Investigation complete; no suspect identified,
6a6f8c735206e19f6bb836b089b98e04249e03c1f93bd5264827d12eb206c8cc,2021-06,Derbyshire Constabulary,Derbyshire Constabulary,-1.362848,53.067601,On or near Parking Area,E01019444,Amber Valley 003B,Criminal damage and arson,Awaiting court outcome,
9ae3c4407c08850d94884f1a488ef46dc88cd40f0ab0ab207efc7777197b721f,2021-06,Derbyshire Constabulary,Derbyshire Constabulary,-1.358494,53.069349,On or near Market Place,E01019444,Amber Valley 003B,Criminal damage and arson,Unable to prosecute suspect,
78472cdb90df49b59cb664724012f5b0553229d0af66c51416ab5ea479308bd2,2021-06,Derbyshire Constabulary,Derbyshire Constabulary,-1.347594,53.062781,On or near Openacre,E01019444,Amber Valley 003B,Criminal damage and arson,Unable to prosecute suspect,
929a6109e3340e3f554cbe9ccae62ef29642700f922728ce883d2f534ba00b5b,2021-06,Derbyshire Constabulary,Derbyshire Constabulary,-1.347409,53.061180,On or near Deepdale,E01019444,Amber Valley 003B,Criminal damage and arson,Investigation complete; no suspect identified,
a66cd6e3cd5cf2b64e87fcc97077db68176fb7be1b3ccd0d4dd280e22c245b4b,2021-06,Derbyshire Constabulary,Derbyshire Constabulary,-1.358494,53.069349,On or near Market Place,E01019444,Amber Valley 003B,Drugs,Offender given penalty notice,
6ae58f49312e7373460a282dfd9cff3d6bbbb4fdde493223a21b9bf74914d4b8,2021-06,Derbyshire Constabulary,Derbyshire Constabulary,-1.358494,53.069349,On or near Market Place,E01019444,Amber Valley 003B,Other theft,Unable to prosecute suspect,
bfc87238484e31ab376fc66e5e9ac8f6a5d0e56ac61a0b8d4c5211b3c67919d7,2021-06,Derbyshire Constabulary,Derbyshire Constabulary,-1.347594,53.062781,On or near Openacre,E01019444,Amber Valley 003B,Possession of weapons,Unable to prosecute suspect,
a2131bcb6bdb0c5e9c74a6da7a7b46596012d8726ab69345ff6f48be0d74eeec,2021-06,Derbyshire Constabulary,Derbyshire Constabulary,-1.358494,53.069349,On or near Market Place,E01019444,Amber Valley 003B,Public order,Unable to prosecute suspect,
ee5e586cb2fe7fa3cd2c7b0ec4a69790a727e448399a01fd8afe6772b8161e84,2021-06,Derbyshire Constabulary,Derbyshire Constabulary,-1.359440,53.068976,On or near Bradshaw Avenue,E01019444,Amber Valley 003B,Public order,Unable to prosecute suspect,
3cfe05893c6b2bf3026fdeb5ef828c98a76cafcac61ea7703eeecf44c4f9d1bd,2021-06,Derbyshire Constabulary,Derbyshire Constabulary,-1.358754,53.067930,On or near Bullock Lane,E01019444,Amber Valley 003B,Public order,Investigation complete; no suspect identified,
a41ad425d51a61253ddc8561648b7710332a334b83c0988285828caf15b2a61f,2021-06,Derbyshire Constabulary,Derbyshire Constabulary,-1.358494,53.069349,On or near Market Place,E01019444,Amber Valley 003B,Public order,Unable to prosecute suspect,
b943230b50518eec240e0abade4a8415c76f16752dbf5f083f30a054b65244c4,2021-06,Derbyshire Constabulary,Derbyshire Constabulary,-1.359440,53.068976,On or near Bradshaw Avenue,E01019444,Amber Valley 003B,Public order,Status update unavailable,
2cf28e049d649de099c26259d9bb5a09c0e5e1ab1f9076b0acdb55859d0512ee,2021-06,Derbyshire Constabulary,Derbyshire Constabulary,-1.358494,53.069349,On or near Market Place,E01019444,Amber Valley 003B,Vehicle crime,Status update unavailable,
0b4704375ab02a75b8d2825dd9823c3d828a9e69c2879975003cdfa77c805035,2021-06,Derbyshire Constabulary,Derbyshire Constabulary,-1.358494,53.069349,On or near Market Place,E01019444,Amber Valley 003B,Violence and sexual offences,Status update unavailable,
e2cad8a40495e5ea08fe6f7326992962292c2ae59de2c7b8783286c81ea1ecc5,2021-06,Derbyshire Constabulary,Derbyshire Constabulary,-1.359635,53.067854,On or near High Street,E01019444,Amber Valley 003B,Violence and sexual offences,Unable to prosecute suspect,
4f39ff7d464acfdc102c10dff912440922a7298d9d44a65d9cd2f492c8d09cf1,2021-06,Derbyshire Constabulary,Derbyshire Constabulary,-1.359635,53.067854,On or near High Street,E01019444,Amber Valley 003B,Violence and sexual offences,Unable to prosecute suspect,
bb8f3e87c15129fa2f40b49175a8004e5672c316bad1179869b66aee1a51b4f8,2021-06,Derbyshire Constabulary,Derbyshire Constabulary,-1.358494,53.069349,On or near Market Place,E01019444,Amber Valley 003B,Violence and sexual offences,Unable to prosecute suspect,
3861855b8c673fb2b69652f29ce7c086848032a8e79cc094b6e950eb93d1c07b,2021-06,Derbyshire Constabulary,Derbyshire Constabulary,-1.348969,53.062600,On or near King William Street,E01019444,Amber Valley 003B,Violence and sexual offences,Local resolution,
f226f42d6cdd3528e344f7e7167618f6553842ee890ccd371b6da989b1153058,2021-06,Derbyshire Constabulary,Derbyshire Constabulary,-1.359440,53.068976,On or near Bradshaw Avenue,E01019444,Amber Valley 003B,Violence and sexual offences,Unable to prosecute suspect,
f5a99b0e92d33285270f76d94bb0326117664b0252c0b34b4bc1756ffcd4deeb,2021-06,Derbyshire Constabulary,Derbyshire Constabulary,-1.362848,53.067601,On or near Parking Area,E01019444,Amber Valley 003B,Violence and sexual offences,Unable to prosecute suspect,
819543d4e7a89d37d999ac7b7fbdd2dacb001cb4683eaddca62372af7b02e3b0,2021-06,Derbyshire Constabulary,Derbyshire Constabulary,-1.358754,53.067930,On or near Bullock Lane,E01019444,Amber Valley 003B,Violence and sexual offences,Status update unavailable,
d77611af69b1cee32eb81edd1adff3d36bebffbe515adbdd3f71dfdf754de87e,2021-06,Derbyshire Constabulary,Derbyshire Constabulary,-1.347409,53.061180,On or near Deepdale,E01019444,Amber Valley 003B,Violence and sexual offences,Unable to prosecute suspect,
0567ab0ccf2f31bbce7a9be089e8e0dc57690ea1af88bd145cbc5ab340a625a4,2021-06,Derbyshire Constabulary,Derbyshire Constabulary,-1.362848,53.067601,On or near Parking Area,E01019444,Amber Valley 003B,Violence and sexual offences,Unable to prosecute suspect,
2c417f5eb6ca12f8648cfd07297dc9fc3f03e8a1c5349f13fd886e098c504238,2021-06,Derbyshire Constabulary,Derbyshire Constabulary,-1.358754,53.067930,On or near Bullock Lane,E01019444,Amber Valley 003B,Violence and sexual offences,Investigation complete; no suspect identified,
30c3852b0d1ecc5967b3080d62ba1dee401a2803f57cd996b692d62a952f2771,2021-06,Derbyshire Constabulary,Derbyshire Constabulary,-1.358494,53.069349,On or near Market Place,E01019444,Amber Valley 003B,Violence and sexual offences,Unable to prosecute suspect,
28ead9cff5f6428c09a99c4253ac1cdcb5b4a4c42517ecdddf91d99257ce4479,2021-06,Derbyshire Constabulary,Derbyshire Constabulary,-1.358754,53.067930,On or near Bullock Lane,E01019444,Amber Valley 003B,Violence and sexual offences,Investigation complete; no suspect identified,
eac98bdef81b917bea3717a99db664d0967ccb5723d0ad6aeb2207b0f64d9b53,2021-06,Derbyshire Constabulary,Derbyshire Constabulary,-1.362848,53.067601,On or near Parking Area,E01019444,Amber Valley 003B,Violence and sexual offences,Awaiting court outcome,
5973c2c44808dd2fe453205b18a35cf5d2d1be5ff1ce5df2ebcfc314bedf65b9,2021-06,Derbyshire Constabulary,Derbyshire Constabulary,-1.358494,53.069349,On or near Market Place,E01019444,Amber Valley 003B,Violence and sexual offences,Unable to prosecute suspect,
74389c29ce92f616811148d696356cd0dbb662587a54ce8b2414560f82c11a04,2021-06,Derbyshire Constabulary,Derbyshire Constabulary,-1.359635,53.067854,On or near High Street,E01019444,Amber Valley 003B,Violence and sexual offences,Unable to prosecute suspect,
be0118f04cc3643890be87bd7a3f0e70f0f51ae76755b475229c00ca6ed54fcf,2021-06,Derbyshire Constabulary,Derbyshire Constabulary,-1.359635,53.067854,On or near High Street,E01019444,Amber Valley 003B,Violence and sexual offences,Unable to prosecute suspect,
3a32f1ebf2ef12eda41d7359f26b416e3b9314bf80d09093c041a3a1ed1dfd67,2021-06,Derbyshire Constabulary,Derbyshire Constabulary,-1.347594,53.062781,On or near Openacre,E01019444,Amber Valley 003B,Violence and sexual offences,Unable to prosecute suspect,
9ceed913908768677edb5665b1f0bdc8bff4c152943622aecf9e491c5ae60c12,2021-06,Derbyshire Constabulary,Derbyshire Constabulary,-1.358754,53.067930,On or near Bullock Lane,E01019444,Amber Valley 003B,Violence and sexual offences,Status update unavailable,
52a507b8231e947a2afe667c5956758c1d7ad024e748104b2ede626b0143769b,2021-06,Derbyshire Constabulary,Derbyshire Constabulary,-1.347377,53.063292,On or near Victoria Street,E01019444,Amber Valley 003B,Violence and sexual offences,Status update unavailable,
710a0f818c937364bd2a185c4d6b2ed41abbbfa25e460b1ae965ef033713abd6,2021-06,Derbyshire Constabulary,Derbyshire Constabulary,-1.358754,53.067930,On or near Bullock Lane,E01019444,Amber Valley 003B,Violence and sexual offences,Status update unavailable,
046e9540ac22744bc22f043f41bbf082ebab1b5503131b388f4cd9e6a08c65cd,2021-06,Derbyshire Constabulary,Derbyshire Constabulary,-1.348969,53.062600,On or near King William Street,E01019444,Amber Valley 003B,Violence and sexual offences,Status update unavailable,
8a05d78b2b14179665d027f5578fd78e7f1f2faae4c440cf227bc3b50679bab3,2021-06,Derbyshire Constabulary,Derbyshire Constabulary,-1.358494,53.069349,On or near Market Place,E01019444,Amber Valley 003B,Other crime,Unable to prosecute suspect,
,2021-06,Derbyshire Constabulary,Derbyshire Constabulary,-1.361568,53.074399,On or near Spencer Drive,E01019468,Amber Valley 003C,Anti-social behaviour,,
,2021-06,Derbyshire Constabulary,Derbyshire Constabulary,-1.365258,53.080262,On or near Douglas Road,E01019468,Amber Valley 003C,Anti-social behaviour,,
,2021-06,Derbyshire Constabulary,Derbyshire Constabulary,-1.361568,53.074399,On or near Spencer Drive,E01019468,Amber Valley 003C,Anti-social behaviour,,
,2021-06,Derbyshire Constabulary,Derbyshire Constabulary,-1.365745,53.081694,On or near Smedley Avenue,E01019468,Amber Valley 003C,Anti-social behaviour,,
,2021-06,Derbyshire Constabulary,Derbyshire Constabulary,-1.358901,53.076111,On or near Lower Somercotes,E01019468,Amber Valley 003C,Anti-social behaviour,,
,2021-06,Derbyshire Constabulary,Derbyshire Constabulary,-1.364274,53.074126,On or near Ward Drive,E01019468,Amber Valley 003C,Anti-social behaviour,,
07a6c2f2ce54c039dbfb4aa9024fbeb5359f97be777c17094f89774b63aa9478,2021-06,Derbyshire Constabulary,Derbyshire Constabulary,-1.365745,53.081694,On or near Smedley Avenue,E01019468,Amber Valley 003C,Public order,Unable to prosecute suspect,
519b551724dbf9b338aad410a8f124f857afd4dfbc653f71453acf099f20e960,2021-06,Derbyshire Constabulary,Derbyshire Constabulary,-1.365745,53.081694,On or near Smedley Avenue,E01019468,Amber Valley 003C,Public order,Local resolution,
cb111255d22be523aba0dd88001243b46b233efac7a88d220bd680247dbd1c07,2021-06,Derbyshire Constabulary,Derbyshire Constabulary,-1.365745,53.081694,On or near Smedley Avenue,E01019468,Amber Valley 003C,Public order,Local resolution,
4a9b0e7a139d25e1055884d401c0a7393570e6b7059862601d26447857ef1f5b,2021-06,Derbyshire Constabulary,Derbyshire Constabulary,-1.361568,53.074399,On or near Spencer Drive,E01019468,Amber Valley 003C,Public order,Unable to prosecute suspect,
a66ccfa769d819884ee5e3193187790a2b7cc7c8f7f8b40502ca4ab384a3d80d,2021-06,Derbyshire Constabulary,Derbyshire Constabulary,-1.361454,53.089186,On or near Clover Nook Road,E01019468,Amber Valley 003C,Vehicle crime,Investigation complete; no suspect identified,
84c9e73db4d296dcbfcfe699b1e6809ddc64c094e6b4d71bb2031e73a093173b,2021-06,Derbyshire Constabulary,Derbyshire Constabulary,-1.365745,53.081694,On or near Smedley Avenue,E01019468,Amber Valley 003C,Violence and sexual offences,Unable to prosecute suspect,
a047c8a9fe7d3e1d408d17be0af4034c689c7d62833986c6c8a9fc0df0efe40a,2021-06,Derbyshire Constabulary,Derbyshire Constabulary,-1.360689,53.079338,On or near Bonnington Drive,E01019468,Amber Valley 003C,Violence and sexual offences,Unable to prosecute suspect,
ba7c92a9656e3cfc1e525ccd6bf954644b101ccccdf25a9f35b7f12f90c9b474,2021-06,Derbyshire Constabulary,Derbyshire Constabulary,-1.358901,53.076111,On or near Lower Somercotes,E01019468,Amber Valley 003C,Violence and sexual offences,Investigation complete; no suspect identified,
c737df8fe1306aeafc14c5068d53eb2f736945843a8e8d6c1f819c0ab9ca4917,2021-06,Derbyshire Constabulary,Derbyshire Constabulary,-1.357787,53.075718,On or near Bramley Street,E01019468,Amber Valley 003C,Violence and sexual offences,Investigation complete; no suspect identified,
8371f75058c9b1812ae1eaba5c1fdcaabe62796e2634eaece0e9c63337862316,2021-06,Derbyshire Constabulary,Derbyshire Constabulary,-1.365745,53.081694,On or near Smedley Avenue,E01019468,Amber Valley 003C,Violence and sexual offences,Unable to prosecute suspect,
d4e06db8c9b22964176cc9ee086a289576e4bf8e89f5d0a6ac1d74bb2f5c6c86,2021-06,Derbyshire Constabulary,Derbyshire Constabulary,-1.364274,53.074126,On or near Ward Drive,E01019468,Amber Valley 003C,Other crime,Unable to prosecute suspect,
,2021-06,Derbyshire Constabulary,Derbyshire Constabulary,-1.367855,53.079278,On or near Supermarket,E01019469,Amber Valley 003D,Anti-social behaviour,,
,2021-06,Derbyshire Constabulary,Derbyshire Constabulary,-1.364220,53.074764,On or near Windmill Rise,E01019469,Amber Valley 003D,Anti-social behaviour,,
,2021-06,Derbyshire Constabulary,Derbyshire Constabulary,-1.364220,53.074764,On or near Windmill Rise,E01019469,Amber Valley 003D,Anti-social behaviour,,
,2021-06,Derbyshire Constabulary,Derbyshire Constabulary,-1.367855,53.079278,On or near Supermarket,E01019469,Amber Valley 003D,Anti-social behaviour,,
,2021-06,Derbyshire Constabulary,Derbyshire Constabulary,-1.361735,53.078265,On or near Everest Drive,E01019469,Amber Valley 003D,Anti-social behaviour,,
,2021-06,Derbyshire Constabulary,Derbyshire Constabulary,-1.364252,53.077659,On or near Somercotes Hill,E01019469,Amber Valley 003D,Anti-social behaviour,,
,2021-06,Derbyshire Constabulary,Derbyshire Constabulary,-1.367855,53.079278,On or near Supermarket,E01019469,Amber Valley 003D,Anti-social behaviour,,
,2021-06,Derbyshire Constabulary,Derbyshire Constabulary,-1.365094,53.079263,On or near Castle Drive,E01019469,Amber Valley 003D,Anti-social behaviour,,
,2021-06,Derbyshire Constabulary,Derbyshire Constabulary,-1.367855,53.079278,On or near Supermarket,E01019469,Amber Valley 003D,Anti-social behaviour,,
,2021-06,Derbyshire Constabulary,Derbyshire Constabulary,-1.368163,53.075603,On or near Sarah Close,E01019469,Amber Valley 003D,Anti-social behaviour,,
,2021-06,Derbyshire Constabulary,Derbyshire Constabulary,-1.365094,53.079263,On or near Castle Drive,E01019469,Amber Valley 003D,Anti-social behaviour,,
,2021-06,Derbyshire Constabulary,Derbyshire Constabulary,-1.367855,53.079278,On or near Supermarket,E01019469,Amber Valley 003D,Anti-social behaviour,,
,2021-06,Derbyshire Constabulary,Derbyshire Constabulary,-1.365947,53.078108,On or near Bowns Yard,E01019469,Amber Valley 003D,Anti-social behaviour,,
,2021-06,Derbyshire Constabulary,Derbyshire Constabulary,-1.365875,53.076930,On or near Froggett Close,E01019469,Amber Valley 003D,Anti-social behaviour,,
107eecb6de5aeb68a7615f958536fbe2ef498df86d1a2db52b5dd3123c6e4d8c,2021-06,Derbyshire Constabulary,Derbyshire Constabulary,-1.367855,53.079278,On or near Supermarket,E01019469,Amber Valley 003D,Burglary,Investigation complete; no suspect identified,
551c9506978ce7a4a71a84ce335adee3d0709fc775d2fea5805691327167eba3,2021-06,Derbyshire Constabulary,Derbyshire Constabulary,-1.364252,53.077659,On or near Somercotes Hill,E01019469,Amber Valley 003D,Criminal damage and arson,Investigation complete; no suspect identified,
9db78d3349b842d6fdf1debc3a13d59cacc41a42b9f9cf872d2784af1ccba88d,2021-06,Derbyshire Constabulary,Derbyshire Constabulary,-1.365094,53.079263,On or near Castle Drive,E01019469,Amber Valley 003D,Public order,Unable to prosecute suspect,
28b13daabbbc95ec0561563e8c2e8133fdbf353b2ca083da995689a77ca055bd,2021-06,Derbyshire Constabulary,Derbyshire Constabulary,-1.365947,53.078108,On or near Bowns Yard,E01019469,Amber Valley 003D,Shoplifting,Investigation complete; no suspect identified,
5516bbe56e06c925c45ec0dd004c993b9be3ef18ab4484f738b0003a39b119f7,2021-06,Derbyshire Constabulary,Derbyshire Constabulary,-1.365094,53.079263,On or near Castle Drive,E01019469,Amber Valley 003D,Violence and sexual offences,Unable to prosecute suspect,
d3e75a44f2d08fa6e3d064880afa831ae3669f83016d181acb8159455a92725d,2021-06,Derbyshire Constabulary,Derbyshire Constabulary,-1.368163,53.075603,On or near Sarah Close,E01019469,Amber Valley 003D,Violence and sexual offences,Unable to prosecute suspect,
b3b013e3689badae2ccfbacf7079645d1dda40c6db59f8646fc6b218c2b966b5,2021-06,Derbyshire Constabulary,Derbyshire Constabulary,-1.365094,53.079263,On or near Castle Drive,E01019469,Amber Valley 003D,Violence and sexual offences,Unable to prosecute suspect,
81d02dcb477a881a161e263b9db06acd614da38b7c2ef635773b164d7e543563,2021-06,Derbyshire Constabulary,Derbyshire Constabulary,-1.368163,53.075603,On or near Sarah Close,E01019469,Amber Valley 003D,Violence and sexual offences,Status update unavailable,
3a9d3e1920afdc7f50b04a4da201fe07573d5a5de2e233dece22551cccf099fa,2021-06,Derbyshire Constabulary,Derbyshire Constabulary,-1.365947,53.078108,On or near Bowns Yard,E01019469,Amber Valley 003D,Violence and sexual offences,Unable to prosecute suspect,
1be7be8df29dddbb59906f844a5b274a7f60c197cc7102047af694141ee0ee32,2021-06,Derbyshire Constabulary,Derbyshire Constabulary,-1.365094,53.079263,On or near Castle Drive,E01019469,Amber Valley 003D,Violence and sexual offences,Unable to prosecute suspect,
,2021-06,Derbyshire Constabulary,Derbyshire Constabulary,-1.370239,53.081655,On or near Parking Area,E01019471,Amber Valley 003E,Anti-social behaviour,,
,2021-06,Derbyshire Constabulary,Derbyshire Constabulary,-1.378617,53.085618,On or near Wimsey Way,E01019471,Amber Valley 003E,Anti-social behaviour,,
,2021-06,Derbyshire Constabulary,Derbyshire Constabulary,-1.370968,53.079762,On or near Victoria Street,E01019471,Amber Valley 003E,Anti-social behaviour,,
,2021-06,Derbyshire Constabulary,Derbyshire Constabulary,-1.369946,53.081302,On or near Mill Yard,E01019471,Amber Valley 003E,Anti-social behaviour,,
,2021-06,Derbyshire Constabulary,Derbyshire Constabulary,-1.372890,53.080006,On or near John Street,E01019471,Amber Valley 003E,Anti-social behaviour,,
,2021-06,Derbyshire Constabulary,Derbyshire Constabulary,-1.364742,53.089985,On or near Garnham Close,E01019471,Amber Valley 003E,Anti-social behaviour,,
,2021-06,Derbyshire Constabulary,Derbyshire Constabulary,-1.376313,53.089058,On or near Shopping Area,E01019471,Amber Valley 003E,Anti-social behaviour,,
,2021-06,Derbyshire Constabulary,Derbyshire Constabulary,-1.376313,53.089058,On or near Shopping Area,E01019471,Amber Valley 003E,Anti-social behaviour,,
,2021-06,Derbyshire Constabulary,Derbyshire Constabulary,-1.376313,53.089058,On or near Shopping Area,E01019471,Amber Valley 003E,Anti-social behaviour,,
,2021-06,Derbyshire Constabulary,Derbyshire Constabulary,-1.378617,53.085618,On or near Wimsey Way,E01019471,Amber Valley 003E,Anti-social behaviour,,
,2021-06,Derbyshire Constabulary,Derbyshire Constabulary,-1.378617,53.085618,On or near Wimsey Way,E01019471,Amber Valley 003E,Anti-social behaviour,,
,2021-06,Derbyshire Constabulary,Derbyshire Constabulary,-1.368861,53.081971,On or near Mill Street,E01019471,Amber Valley 003E,Anti-social behaviour,,
,2021-06,Derbyshire Constabulary,Derbyshire Constabulary,-1.373735,53.084559,On or near Nottingham Road,E01019471,Amber Valley 003E,Anti-social behaviour,,
,2021-06,Derbyshire Constabulary,Derbyshire Constabulary,-1.373735,53.084559,On or near Nottingham Road,E01019471,Amber Valley 003E,Anti-social behaviour,,
,2021-06,Derbyshire Constabulary,Derbyshire Constabulary,-1.378617,53.085618,On or near Wimsey Way,E01019471,Amber Valley 003E,Anti-social behaviour,,
,2021-06,Derbyshire Constabulary,Derbyshire Constabulary,-1.378617,53.085618,On or near Wimsey Way,E01019471,Amber Valley 003E,Anti-social behaviour,,
,2021-06,Derbyshire Constabulary,Derbyshire Constabulary,-1.378617,53.085618,On or near Wimsey Way,E01019471,Amber Valley 003E,Anti-social behaviour,,
,2021-06,Derbyshire Constabulary,Derbyshire Constabulary,-1.378617,53.085618,On or near Wimsey Way,E01019471,Amber Valley 003E,Anti-social behaviour,,
,2021-06,Derbyshire Constabulary,Derbyshire Constabulary,-1.373735,53.084559,On or near Nottingham Road,E01019471,Amber Valley 003E,Anti-social behaviour,,
,2021-06,Derbyshire Constabulary,Derbyshire Constabulary,-1.369946,53.081302,On or near Mill Yard,E01019471,Amber Valley 003E,Anti-social behaviour,,
,2021-06,Derbyshire Constabulary,Derbyshire Constabulary,-1.376313,53.089058,On or near Shopping Area,E01019471,Amber Valley 003E,Anti-social behaviour,,
ee6836759df8f86b616d85e33ce01788f7d0c63d9f0fc60ea560c7ef5cd0c63f,2021-06,Derbyshire Constabulary,Derbyshire Constabulary,-1.374670,53.090092,On or near Monk Road,E01019471,Amber Valley 003E,Bicycle theft,Investigation complete; no suspect identified,
5b7f7cf828c1f332d9b2ffc08457ed9d9caaa5d008ccff69ea2a4a391751e9a6,2021-06,Derbyshire Constabulary,Derbyshire Constabulary,-1.369946,53.081302,On or near Mill Yard,E01019471,Amber Valley 003E,Criminal damage and arson,Unable to prosecute suspect,
e884509ab6c8f99f3ad7e3d5ed6994ccf95fd3c3116d18a028386d5a4e6ddfa9,2021-06,Derbyshire Constabulary,Derbyshire Constabulary,-1.370239,53.081655,On or near Parking Area,E01019471,Amber Valley 003E,Other theft,Unable to prosecute suspect,
ce3ec2921283d7610d062255102f71dff956651a2d520db7cdbc68512744ca6b,2021-06,Derbyshire Constabulary,Derbyshire Constabulary,-1.370239,53.081655,On or near Parking Area,E01019471,Amber Valley 003E,Other theft,Unable to prosecute suspect,
a57dcbb1bd28c7c3af9056886121db9a50bceea18cc3a3aa9de9706df7e05220,2021-06,Derbyshire Constabulary,Derbyshire Constabulary,-1.378617,53.085618,On or near Wimsey Way,E01019471,Amber Valley 003E,Public order,Investigation complete; no suspect identified,
5fd12a78b04d8ce0436cf1b35053abffae6fae483c38d699b0ae24a566e9c427,2021-06,Derbyshire Constabulary,Derbyshire Constabulary,-1.373889,53.082177,On or near Belvoir Way,E01019471,Amber Valley 003E,Public order,Unable to prosecute suspect,
5abefe2e3257b45c2e36bf6d3f5578abd899213052c5deec386d503e682e8ef9,2021-06,Derbyshire Constabulary,Derbyshire Constabulary,-1.374867,53.084708,On or near Supermarket,E01019471,Amber Valley 003E,Public order,Investigation complete; no suspect identified,
717fad0f1baee321401802373c82c4890485591609dca977db80ef06c92e0108,2021-06,Derbyshire Constabulary,Derbyshire Constabulary,-1.372545,53.082215,On or near Supermarket,E01019471,Amber Valley 003E,Robbery,Status update unavailable,
717fad0f1baee321401802373c82c4890485591609dca977db80ef06c92e0108,2021-06,Derbyshire Constabulary,Derbyshire Constabulary,-1.373889,53.082177,On or near Belvoir Way,E01019471,Amber Valley 003E,Robbery,Status update unavailable,
2dfb32ba9cc1e7a8e2889b99e7cddbf4532d73a45f32cc62d30033cb2e50a05d,2021-06,Derbyshire Constabulary,Derbyshire Constabulary,-1.374867,53.084708,On or near Supermarket,E01019471,Amber Valley 003E,Shoplifting,Awaiting court outcome,
bf6a3a5d57fc199a6075230153c1196698d00a6b6db23ee0bb6fa49df4d108d0,2021-06,Derbyshire Constabulary,Derbyshire Constabulary,-1.374867,53.084708,On or near Supermarket,E01019471,Amber Valley 003E,Shoplifting,Investigation complete; no suspect identified,
5a562f9e64e9a94ba7e8ec8aa143755a6960b92967e4561d691b91d7d6cad400,2021-06,Derbyshire Constabulary,Derbyshire Constabulary,-1.378617,53.085618,On or near Wimsey Way,E01019471,Amber Valley 003E,Shoplifting,Investigation complete; no suspect identified,
8b0283fa0bae620a37ad36d8a9cc9f92a93f3ecce4999dfacf038101b006d3e0,2021-06,Derbyshire Constabulary,Derbyshire Constabulary,-1.378617,53.085618,On or near Wimsey Way,E01019471,Amber Valley 003E,Shoplifting,Investigation complete; no suspect identified,
1e8999c99bde713957a4081e12633be1d6d82db2cb1c658f3a3c64235e182268,2021-06,Derbyshire Constabulary,Derbyshire Constabulary,-1.374867,53.084708,On or near Supermarket,E01019471,Amber Valley 003E,Shoplifting,Investigation complete; no suspect identified,
09db433d3a1c00502723f1ed57290f19a3a089cd61fda6487bf0e0a9862dc2e5,2021-06,Derbyshire Constabulary,Derbyshire Constabulary,-1.374867,53.084708,On or near Supermarket,E01019471,Amber Valley 003E,Shoplifting,Investigation complete; no suspect identified,
0f0d4275ace50f21ebd84640dfc4cfa2daecbc3d59898d73dbee12c4ee3646c7,2021-06,Derbyshire Constabulary,Derbyshire Constabulary,-1.369946,53.081302,On or near Mill Yard,E01019471,Amber Valley 003E,Violence and sexual offences,Local resolution,
0265961a0a8ef5e6acade4ab9422375f40c610a0443d45f9cf1eb783be58004a,2021-06,Derbyshire Constabulary,Derbyshire Constabulary,-1.368098,53.082102,On or near Wheatley Avenue,E01019471,Amber Valley 003E,Violence and sexual offences,Local resolution,
93532cb23039ddd77b8f818f951df5412cff632e8013186a852bf5753656dd92,2021-06,Derbyshire Constabulary,Derbyshire Constabulary,-1.372324,53.078942,On or near Leabrooks Road,E01019471,Amber Valley 003E,Violence and sexual offences,Unable to prosecute suspect,
d36927c2e9a6f48f80e5d3cfdd75ce5b70d3ebd3b75e53726d505fdba9bd5d84,2021-06,Derbyshire Constabulary,Derbyshire Constabulary,-1.372380,53.081234,On or near Tower Close,E01019471,Amber Valley 003E,Violence and sexual offences,Status update unavailable,
18849d3198a28166410baea9d060c6a05a3d6964bb4359b772f9134df8c665e1,2021-06,Derbyshire Constabulary,Derbyshire Constabulary,-1.373732,53.081655,On or near Warwick Road,E01019471,Amber Valley 003E,Violence and sexual offences,Offender given a caution,
8aa6348bdbc89ce0a607f205afefa344da307e94f884f4ac6625ec0e62b06fd2,2021-06,Derbyshire Constabulary,Derbyshire Constabulary,-1.368861,53.081971,On or near Mill Street,E01019471,Amber Valley 003E,Violence and sexual offences,Unable to prosecute suspect,
3b68f02297c708300732e6794ac94ee258d1a1fc206bcc5a2dbbfe53baacec8d,2021-06,Derbyshire Constabulary,Derbyshire Constabulary,-1.371069,53.080050,On or near Mansfield Street,E01019471,Amber Valley 003E,Violence and sexual offences,Unable to prosecute suspect,
b6c6b8202067c1e3b4922309058e02fd72438b28e4d89f0ef4cdb08265485e07,2021-06,Derbyshire Constabulary,Derbyshire Constabulary,-1.366551,53.083703,On or near Ashfield Avenue,E01019471,Amber Valley 003E,Violence and sexual offences,Investigation complete; no suspect identified,
385f00dbb9843c03793c664906a7a0c98269dd2df8fd461444d07c2c089fe60b,2021-06,Derbyshire Constabulary,Derbyshire Constabulary,-1.374241,53.081586,On or near Warwick Court,E01019471,Amber Valley 003E,Violence and sexual offences,Unable to prosecute suspect,
4c0575ecc420e3cf2bd6b123881f7e46194fde3e8867eb1e3d8763c3f2311eeb,2021-06,Derbyshire Constabulary,Derbyshire Constabulary,-1.369946,53.081302,On or near Mill Yard,E01019471,Amber Valley 003E,Violence and sexual offences,Unable to prosecute suspect,
72c2b81eecc7e3b305e4b480a8f88725b9b74bb88539d601681cea36415837fa,2021-06,Derbyshire Constabulary,Derbyshire Constabulary,-1.368861,53.081971,On or near Mill Street,E01019471,Amber Valley 003E,Violence and sexual offences,Unable to prosecute suspect,
ce30c30b0a6f315cb159a3e5f907b81558f3f46719aca11da023bcbeba0c4a6b,2021-06,Derbyshire Constabulary,Derbyshire Constabulary,-1.371069,53.080050,On or near Mansfield Street,E01019471,Amber Valley 003E,Violence and sexual offences,Unable to prosecute suspect,
b81a411ee521dab12edf7b64435531b7ccc380ecf7373224b300f49fc408af16,2021-06,Derbyshire Constabulary,Derbyshire Constabulary,-1.370239,53.081655,On or near Parking Area,E01019471,Amber Valley 003E,Violence and sexual offences,Unable to prosecute suspect,
4c3318fad0455d06fdd83f165ca44873925001d11e9c3f3d9fed66165547f76f,2021-06,Derbyshire Constabulary,Derbyshire Constabulary,-1.370239,53.081655,On or near Parking Area,E01019471,Amber Valley 003E,Violence and sexual offences,Unable to prosecute suspect,
ffd90aa51a773c40c0eb4085d3ef15a384f5122231f317bea63fd77e92a16490,2021-06,Derbyshire Constabulary,Derbyshire Constabulary,-1.369946,53.081302,On or near Mill Yard,E01019471,Amber Valley 003E,Other crime,Local resolution,
895fd1204e349fb0bcf725ac2d63c093deeef56fd4f65e10ab94fe90f03f702a,2021-06,Derbyshire Constabulary,Derbyshire Constabulary,-1.372545,53.082215,On or near Supermarket,E01019471,Amber Valley 003E,Other crime,Status update unavailable,
,2021-06,Derbyshire Constabulary,Derbyshire Constabulary,-1.369385,53.073668,On or near Middleton Way,E01019443,Amber Valley 004A,Anti-social behaviour,,
47b33e8b28cc4c74859735827706a9696969d5241da2795db2d973c8fd672475,2021-06,Derbyshire Constabulary,Derbyshire Constabulary,-1.367590,53.072912,On or near Sports/Recreation Area,E01019443,Amber Valley 004A,Public order,Local resolution,
b943230b50518eec240e0abade4a8415c76f16752dbf5f083f30a054b65244c4,2021-06,Derbyshire Constabulary,Derbyshire Constabulary,-1.374573,53.066872,On or near Charity Road,E01019443,Amber Valley 004A,Public order,Local resolution,
bdb13edc9f59ce86c383866500815b009d6008cb4ca2e110ab8fa9d5d3968895,2021-06,Derbyshire Constabulary,Derbyshire Constabulary,-1.373527,53.075236,On or near The Croft,E01019443,Amber Valley 004A,Shoplifting,Unable to prosecute suspect,
9b0df6bf6ab7acc8bf53f8d6d909b3e5733c9cb3fd2177cb6fff126032fdc9bd,2021-06,Derbyshire Constabulary,Derbyshire Constabulary,-1.369867,53.071360,On or near Greenhill Lane,E01019443,Amber Valley 004A,Shoplifting,Investigation complete; no suspect identified,
b82c6d679aec91267aadd87d9349139d3f5e20771afb03cd341f8985ed2751b9,2021-06,Derbyshire Constabulary,Derbyshire Constabulary,-1.374423,53.075195,On or near Supermarket,E01019443,Amber Valley 004A,Shoplifting,Investigation complete; no suspect identified,
b2abaeadc0831d1be55f4509a231e345c07cb57ed318b650defbc60f19df46f9,2021-06,Derbyshire Constabulary,Derbyshire Constabulary,-1.374423,53.075195,On or near Supermarket,E01019443,Amber Valley 004A,Theft from the person,Investigation complete; no suspect identified,
c4690e09c471ac10fabe84b483640c38f2a486bc508c6134c90b81f4fba6f7ce,2021-06,Derbyshire Constabulary,Derbyshire Constabulary,-1.376559,53.074065,On or near Hathersage Drive,E01019443,Amber Valley 004A,Violence and sexual offences,Unable to prosecute suspect,
54567272bdc0e5750219030d62244ac740a5090bf9cf28b52a5b12c77207209a,2021-06,Derbyshire Constabulary,Derbyshire Constabulary,-1.374423,53.075195,On or near Supermarket,E01019443,Amber Valley 004A,Violence and sexual offences,Unable to prosecute suspect,
04376a8b5caaa7ff79567e42e883781150bc9726a91903da71d22571e3b8f74c,2021-06,Derbyshire Constabulary,Derbyshire Constabulary,-1.369867,53.071360,On or near Greenhill Lane,E01019443,Amber Valley 004A,Violence and sexual offences,Unable to prosecute suspect,
8bd97baabd98ec3b2b95099c95cc7616f64d671819d38345923ec2afe590003f,2021-06,Derbyshire Constabulary,Derbyshire Constabulary,-1.367590,53.072912,On or near Sports/Recreation Area,E01019443,Amber Valley 004A,Violence and sexual offences,Unable to prosecute suspect,
04376a8b5caaa7ff79567e42e883781150bc9726a91903da71d22571e3b8f74c,2021-06,Derbyshire Constabulary,Derbyshire Constabulary,-1.376934,53.074984,On or near Swanwick Road,E01019443,Amber Valley 004A,Violence and sexual offences,Status update unavailable,
e2f490417c457f2d36965ca841d09795cffe32010922984913cfb3f72df34b61,2021-06,Derbyshire Constabulary,Derbyshire Constabulary,-1.374423,53.075195,On or near Supermarket,E01019443,Amber Valley 004A,Violence and sexual offences,Unable to prosecute suspect,
ef6a855d744b4514023921fb0d40f186d3c669d6bc85e302a8d76b6fd3fc4c32,2021-06,Derbyshire Constabulary,Derbyshire Constabulary,-1.370211,53.073348,On or near Emmerson Road,E01019443,Amber Valley 004A,Violence and sexual offences,Investigation complete; no suspect identified,
bc81521984091722a2920584ea64426fb9e07ada2462d88fefde6c71ae2ee92d,2021-06,Derbyshire Constabulary,Derbyshire Constabulary,-1.374974,53.079441,On or near Leamoor Avenue,E01019470,Amber Valley 004B,Criminal damage and arson,Investigation complete; no suspect identified,
f984cc42b293f86e54f6ee1201bf6d7e527f2248aaf89554dbc91f49243f6e9f,2021-06,Derbyshire Constabulary,Derbyshire Constabulary,-1.366742,53.075829,On or near James Avenue,E01019470,Amber Valley 004B,Drugs,Offender given penalty notice,
31b2af505d3ff7ef8b8619713070051f4cdd30273c13ffa69648e4e685231426,2021-06,Derbyshire Constabulary,Derbyshire Constabulary,-1.377415,53.080919,On or near Sleetmoor Lane,E01019470,Amber Valley 004B,Public order,Investigation complete; no suspect identified,
96728703ebf76f0cdfd0ef272be9935ba54a33ba8e4d413023f2ea2230929c1b,2021-06,Derbyshire Constabulary,Derbyshire Constabulary,-1.372071,53.077862,On or near Sherwood Street,E01019470,Amber Valley 004B,Violence and sexual offences,Unable to prosecute suspect,
e9a7b3b9418e7ff7851f9bd891c63a4ae345406e876a988747dce907f4795365,2021-06,Derbyshire Constabulary,Derbyshire Constabulary,-1.373313,53.076601,On or near Main Road,E01019470,Amber Valley 004B,Violence and sexual offences,Unable to prosecute suspect,
70a5cce3845920db0585f07d559123ff13bd65a4033f039f35f870b91331961d,2021-06,Derbyshire Constabulary,Derbyshire Constabulary,-1.367740,53.076931,On or near Quarry Road,E01019470,Amber Valley 004B,Violence and sexual offences,Unable to prosecute suspect,
1d4c6f50dec351bb58b3cbe9a4747fe64c9e443f7f690efed6d9703ebdeac0c9,2021-06,Derbyshire Constabulary,Derbyshire Constabulary,-1.367135,53.074474,On or near Welbeck Close,E01019470,Amber Valley 004B,Violence and sexual offences,Awaiting court outcome,
f0ff52c7ddbd04d5867a42f38d6dea28fcdee31c98f83b9b16616f2169cdf026,2021-06,Derbyshire Constabulary,Derbyshire Constabulary,-1.372071,53.077862,On or near Sherwood Street,E01019470,Amber Valley 004B,Violence and sexual offences,Unable to prosecute suspect,
59d9455234e30d46d0343632f2dd6d1e426204e7dc3ef213e3d23c2cb89296ed,2021-06,Derbyshire Constabulary,Derbyshire Constabulary,-1.367135,53.074474,On or near Welbeck Close,E01019470,Amber Valley 004B,Violence and sexual offences,Awaiting court outcome,
b93fb2ef7b2c0d49b4872d5a974a53df2a71806a612463f38b443f2901bef1bf,2021-06,Derbyshire Constabulary,Derbyshire Constabulary,-1.367135,53.074474,On or near Welbeck Close,E01019470,Amber Valley 004B,Violence and sexual offences,Status update unavailable,
f9edf28a7faa8ad01f793177964a3cb053852b92e31880cd09ee48758beb2d5e,2021-06,Derbyshire Constabulary,Derbyshire Constabulary,-1.377415,53.080919,On or near Sleetmoor Lane,E01019470,Amber Valley 004B,Violence and sexual offences,Investigation complete; no suspect identified,
,2021-06,Derbyshire Constabulary,Derbyshire Constabulary,-1.390318,53.077471,On or near Horton Close,E01019473,Amber Valley 004C,Anti-social behaviour,,
,2021-06,Derbyshire Constabulary,Derbyshire Constabulary,-1.393650,53.086783,On or near Turnpike Close,E01019473,Amber Valley 004C,Anti-social behaviour,,
,2021-06,Derbyshire Constabulary,Derbyshire Constabulary,-1.392015,53.079871,On or near Braybrook Close,E01019473,Amber Valley 004C,Anti-social behaviour,,
,2021-06,Derbyshire Constabulary,Derbyshire Constabulary,-1.395452,53.079628,On or near Larkhill,E01019473,Amber Valley 004C,Anti-social behaviour,,
,2021-06,Derbyshire Constabulary,Derbyshire Constabulary,-1.392015,53.079871,On or near Braybrook Close,E01019473,Amber Valley 004C,Anti-social behaviour,,
,2021-06,Derbyshire Constabulary,Derbyshire Constabulary,-1.389468,53.079489,On or near Holly Grove,E01019473,Amber Valley 004C,Anti-social behaviour,,
fc8ae230c51459f8347b8a0fc6f6b6c55317cae12b3019f451ff260d7f10928b,2021-06,Derbyshire Constabulary,Derbyshire Constabulary,-1.389793,53.081846,On or near Sleetmoor Lane,E01019473,Amber Valley 004C,Other theft,Investigation complete; no suspect identified,
2d06297a1454a87266b432986219a43cac11a35fe1e1c91141906647bb737b70,2021-06,Derbyshire Constabulary,Derbyshire Constabulary,-1.396908,53.088705,On or near Derby Road,E01019473,Amber Valley 004C,Violence and sexual offences,Investigation complete; no suspect identified,
,2021-06,Derbyshire Constabulary,Derbyshire Constabulary,-1.402426,53.075168,On or near Palmer Drive,E01019475,Amber Valley 004E,Anti-social behaviour,,
,2021-06,Derbyshire Constabulary,Derbyshire Constabulary,-1.396845,53.075032,On or near Nether Close,E01019475,Amber Valley 004E,Anti-social behaviour,,
,2021-06,Derbyshire Constabulary,Derbyshire Constabulary,-1.406642,53.073572,On or near Bolton Street,E01019475,Amber Valley 004E,Anti-social behaviour,,
,2021-06,Derbyshire Constabulary,Derbyshire Constabulary,-1.404413,53.074999,On or near Lower Drive,E01019475,Amber Valley 004E,Anti-social behaviour,,
1b815a9b5335bebc4fc6dc48f63efdaef809691d1106140b618ac07d0036f39d,2021-06,Derbyshire Constabulary,Derbyshire Constabulary,-1.407025,53.075039,On or near Cromwell Drive,E01019475,Amber Valley 004E,Burglary,Investigation complete; no suspect identified,
8d1f2a4644de87a73b98b8cbf956f491b4584b750da272757b4a0992c5150fa5,2021-06,Derbyshire Constabulary,Derbyshire Constabulary,-1.407025,53.075039,On or near Cromwell Drive,E01019475,Amber Valley 004E,Other theft,Investigation complete; no suspect identified,
759430400a1994c031c27301b3539b1c26e529bbc94050eb8ed833464c701252,2021-06,Derbyshire Constabulary,Derbyshire Constabulary,-1.398417,53.075742,On or near Derby Road,E01019475,Amber Valley 004E,Other theft,Investigation complete; no suspect identified,
154b5dce969a6edd1a74e411a4e12a7c95b3ab93400c451d77754660fdfbdcf0,2021-06,Derbyshire Constabulary,Derbyshire Constabulary,-1.406642,53.073572,On or near Bolton Street,E01019475,Amber Valley 004E,Other theft,Investigation complete; no suspect identified,
97596bfab9c52ab8e4187330e9360fa6fecd9782b1a4428504052ccfd0be1a2b,2021-06,Derbyshire Constabulary,Derbyshire Constabulary,-1.403980,53.072857,On or near South Street,E01019475,Amber Valley 004E,Public order,Unable to prosecute suspect,
043d4f5b4b1b7bdbd403382804f9327e9ac3aef7f4f5604d607b1a516478a3e7,2021-06,Derbyshire Constabulary,Derbyshire Constabulary,-1.403980,53.072857,On or near South Street,E01019475,Amber Valley 004E,Public order,Investigation complete; no suspect identified,
fce969747ccf0a07681fc3373f2edb29b330e8eba5301df1ecab114c8e4531e5,2021-06,Derbyshire Constabulary,Derbyshire Constabulary,-1.403980,53.072857,On or near South Street,E01019475,Amber Valley 004E,Public order,Unable to prosecute suspect,
04e5a01fd0ab64fe040569840191fb92c5fe3c7224e627081b6f3f186a43298f,2021-06,Derbyshire Constabulary,Derbyshire Constabulary,-1.403980,53.072857,On or near South Street,E01019475,Amber Valley 004E,Public order,Unable to prosecute suspect,
a10e583e58b4d5a9d6ea3d20da58e5f0dfa22f63d7e2e1c0e1225a2ea6688001,2021-06,Derbyshire Constabulary,Derbyshire Constabulary,-1.404413,53.074999,On or near Lower Drive,E01019475,Amber Valley 004E,Vehicle crime,Investigation complete; no suspect identified,
a18082a6dca9b6be5d882d6118c2de207fa19943a7ad4668b4c746d01b80977e,2021-06,Derbyshire Constabulary,Derbyshire Constabulary,-1.403980,53.072857,On or near South Street,E01019475,Amber Valley 004E,Violence and sexual offences,Unable to prosecute suspect,
bc34b8261e99797eef02d63b781d647bd9fe8416a292e375b8fbd96f9a456036,2021-06,Derbyshire Constabulary,Derbyshire Constabulary,-1.399859,53.076162,On or near High Street,E01019475,Amber Valley 004E,Violence and sexual offences,Investigation complete; no suspect identified,
caa1ea101614f30ac5a9ff73cf6d0eeaa45048085e038ff98c23456b1d07239f,2021-06,Derbyshire Constabulary,Derbyshire Constabulary,-1.403980,53.072857,On or near South Street,E01019475,Amber Valley 004E,Violence and sexual offences,Unable to prosecute suspect,
0219f09c746fa225b65a835c773c82adab5a2753ae55601e109fd653cff4c8af,2021-06,Derbyshire Constabulary,Derbyshire Constabulary,-1.402545,53.074108,On or near Prospect Gardens,E01019475,Amber Valley 004E,Violence and sexual offences,Offender given a caution,
3d108681c82f6945b83030f9d731a5ed3343d5bbc3286a08a3e25aa9e198cbd3,2021-06,Derbyshire Constabulary,Derbyshire Constabulary,-1.402426,53.075168,On or near Palmer Drive,E01019475,Amber Valley 004E,Violence and sexual offences,Local resolution,
0265961a0a8ef5e6acade4ab9422375f40c610a0443d45f9cf1eb783be58004a,2021-06,Derbyshire Constabulary,Derbyshire Constabulary,-1.398417,53.075742,On or near Derby Road,E01019475,Amber Valley 004E,Violence and sexual offences,Status update unavailable,
3e9dbc44a3a89252b9a7ca922ac7f129c79b8e14277805cbc9ffc3a91cb2bffa,2021-06,Derbyshire Constabulary,Derbyshire Constabulary,-1.390138,53.073281,On or near The Delves,E01019476,Amber Valley 004F,Burglary,Unable to prosecute suspect,
446779cf14eb3cab2672e30c1783f64ea528d481bff8c26ead7bc5a45b4e11fb,2021-06,Derbyshire Constabulary,Derbyshire Constabulary,-1.398476,53.077998,On or near Cross Keys Lane,E01019476,Amber Valley 004F,Other theft,Investigation complete; no suspect identified,
ced0dfdbd106688f1ef7c3806a03acbd78c229896bc8e477868352f571759f99,2021-06,Derbyshire Constabulary,Derbyshire Constabulary,-1.391473,53.072812,On or near Hayes Lane,E01019476,Amber Valley 004F,Violence and sexual offences,Status update unavailable,
b8d81141ae2ff0980db5d1c94b94f9ec04ae91cfd0e06ed4dc938879b870d4c5,2021-06,Derbyshire Constabulary,Derbyshire Constabulary,-1.376600,53.043277,On or near White Gates,E01019420,Amber Valley 005A,Bicycle theft,Investigation complete; no suspect identified,
9ab3f3c9ea8de625e7203046425d71457ff4ae1c2cf524cb23d16bd5f63532ec,2021-06,Derbyshire Constabulary,Derbyshire Constabulary,-1.376048,53.042285,On or near Parking Area,E01019420,Amber Valley 005A,Criminal damage and arson,Offender given penalty notice,
4cee24ba9cdca572bb34ef6414de1a61a7f1b27a9f89d75fde3969d0f7b7627d,2021-06,Derbyshire Constabulary,Derbyshire Constabulary,-1.361455,53.036608,On or near Nottingham Road,E01019420,Amber Valley 005A,Public order,Unable to prosecute suspect,
a6caaf82d6493da6ef214d390c64f7c043a5006665c7b4021ed9c0a6f4f1f072,2021-06,Derbyshire Constabulary,Derbyshire Constabulary,-1.376600,53.043277,On or near White Gates,E01019420,Amber Valley 005A,Shoplifting,Investigation complete; no suspect identified,
57cbceb183be07f7aee1f62bc15ddd0b52dc6582d2774f9355661edc60df44ab,2021-06,Derbyshire Constabulary,Derbyshire Constabulary,-1.378312,53.040428,On or near Jessop Street,E01019420,Amber Valley 005A,Violence and sexual offences,Unable to prosecute suspect,
08a667a164abcfa4d4701106b2dd6342c905981eef4bad01ddc3580a03b89cba,2021-06,Derbyshire Constabulary,Derbyshire Constabulary,-1.376821,53.039341,On or near Hollywell Avenue,E01019420,Amber Valley 005A,Violence and sexual offences,Investigation complete; no suspect identified,
f68c3bbfc1b5a33a9718be7494f15bc959e8d4cd6319c761b41247a88124da2c,2021-06,Derbyshire Constabulary,Derbyshire Constabulary,-1.376821,53.039341,On or near Hollywell Avenue,E01019420,Amber Valley 005A,Violence and sexual offences,Unable to prosecute suspect,
7554e0ceae02614d8db6984cccfd822a08f3a6a0a652c1ad3e6ea0da355442bb,2021-06,Derbyshire Constabulary,Derbyshire Constabulary,-1.375403,53.045617,On or near Glasshouse Hill,E01019420,Amber Valley 005A,Violence and sexual offences,Status update unavailable,
80e3b324bcc185c6959bb0a4681c06e0e934f92c763b9d9e153ea506e12d9e5d,2021-06,Derbyshire Constabulary,Derbyshire Constabulary,-1.374860,53.041947,On or near Market Place,E01019420,Amber Valley 005A,Violence and sexual offences,Unable to prosecute suspect,
1095740ab8e5d5477e0205c45c04e237816a5171848ac65ce7e89baa0392073c,2021-06,Derbyshire Constabulary,Derbyshire Constabulary,-1.374860,53.041947,On or near Market Place,E01019420,Amber Valley 005A,Violence and sexual offences,Unable to prosecute suspect,
350aa15dd6f28e0931da8bee33bce72364ce70882538b5ef02919e0addb801f0,2021-06,Derbyshire Constabulary,Derbyshire Constabulary,-1.376821,53.039341,On or near Hollywell Avenue,E01019420,Amber Valley 005A,Other crime,Further investigation is not in the public interest,
2cb91e16402c62f09aa750090f9bc6d2e19c947315d0d95233d2047f0afdc6d9,2021-06,Derbyshire Constabulary,Derbyshire Constabulary,-1.376821,53.039341,On or near Hollywell Avenue,E01019420,Amber Valley 005A,Other crime,Further investigation is not in the public interest,
,2021-06,Derbyshire Constabulary,Derbyshire Constabulary,-1.349274,53.061154,On or near Waterside,E01019442,Amber Valley 005B,Anti-social behaviour,,
,2021-06,Derbyshire Constabulary,Derbyshire Constabulary,-1.349274,53.061154,On or near Waterside,E01019442,Amber Valley 005B,Anti-social behaviour,,
,2021-06,Derbyshire Constabulary,Derbyshire Constabulary,-1.349274,53.061154,On or near Waterside,E01019442,Amber Valley 005B,Anti-social behaviour,,
a7cc6cc514844b0a5277c62f3da0862a3922111f6e367ed7f2fc1b2f822aa139,2021-06,Derbyshire Constabulary,Derbyshire Constabulary,-1.351837,53.062436,On or near Casson Street,E01019442,Amber Valley 005B,Burglary,Investigation complete; no suspect identified,
df45ed4531f561ef9592e68d5dded01d000d51930723136d8822e9e4bd0aa307,2021-06,Derbyshire Constabulary,Derbyshire Constabulary,-1.349274,53.061154,On or near Waterside,E01019442,Amber Valley 005B,Burglary,Status update unavailable,
661fd64947a0d743f3a81ce7099bf5312c3d9fd1a8ee87134b62e0effd4c815d,2021-06,Derbyshire Constabulary,Derbyshire Constabulary,-1.351763,53.058372,On or near Cheviot Avenue,E01019442,Amber Valley 005B,Criminal damage and arson,Investigation complete; no suspect identified,
1057a0c06d550f433e6166fdb0909911b383f0930c5b4e34f906ab53ef08aca2,2021-06,Derbyshire Constabulary,Derbyshire Constabulary,-1.351763,53.058372,On or near Cheviot Avenue,E01019442,Amber Valley 005B,Criminal damage and arson,Unable to prosecute suspect,
4a97d416fe884d8ebec3c6a893afffd639c79ada576704f954cbaf76a4aa9ff3,2021-06,Derbyshire Constabulary,Derbyshire Constabulary,-1.357347,53.054115,On or near Monument Lane,E01019442,Amber Valley 005B,Public order,Unable to prosecute suspect,
68a5b5ca97c12a990b5e33cd7c1882855618ba9dfc93c43ed825f90b19c1896a,2021-06,Derbyshire Constabulary,Derbyshire Constabulary,-1.351433,53.060492,On or near Market Place,E01019442,Amber Valley 005B,Violence and sexual offences,Unable to prosecute suspect,
5bdfbdac0651ad826a47a7c2946fdd7378a296c07eaf5352dc66c8ccd401fa32,2021-06,Derbyshire Constabulary,Derbyshire Constabulary,-1.345474,53.058895,On or near St Davids Close,E01019442,Amber Valley 005B,Violence and sexual offences,Local resolution,
673652a4900dc0cbd216c275e6f9f654cb3fffe9626f0f6e7fd4c659ec90ab70,2021-06,Derbyshire Constabulary,Derbyshire Constabulary,-1.346597,53.058632,On or near Vicarage Lane,E01019442,Amber Valley 005B,Violence and sexual offences,Unable to prosecute suspect,
0774405275b853e73d4f3a8364b6dcda3275f6a383225a60f934dd00d1daae34,2021-06,Derbyshire Constabulary,Derbyshire Constabulary,-1.345474,53.058895,On or near St Davids Close,E01019442,Amber Valley 005B,Violence and sexual offences,Unable to prosecute suspect,
c6e3d62e39e25c68885a7fe187f17890978685a8f411a8697867bde298686c34,2021-06,Derbyshire Constabulary,Derbyshire Constabulary,-1.347547,53.059904,On or near Parkside Close,E01019442,Amber Valley 005B,Violence and sexual offences,Investigation complete; no suspect identified,
96c90e198ea1080a04149fca748126630b95555130140f9d82d36afc75f3bf2d,2021-06,Derbyshire Constabulary,Derbyshire Constabulary,-1.351883,53.061321,On or near Queen Street,E01019442,Amber Valley 005B,Violence and sexual offences,Unable to prosecute suspect,
d2a84ac58beb5a3965554d15693378a5209aed4076c7e652372b306a0c45bbfb,2021-06,Derbyshire Constabulary,Derbyshire Constabulary,-1.349274,53.061154,On or near Waterside,E01019442,Amber Valley 005B,Violence and sexual offences,Unable to prosecute suspect,
1f30d579579f7eca6c9381f13a0653f9840e8b21bf27ab10cfec679b1e16fab8,2021-06,Derbyshire Constabulary,Derbyshire Constabulary,-1.351433,53.060492,On or near Market Place,E01019442,Amber Valley 005B,Violence and sexual offences,Unable to prosecute suspect,
,2021-06,Derbyshire Constabulary,Derbyshire Constabulary,-1.366800,53.066777,On or near South Street,E01019445,Amber Valley 005C,Anti-social behaviour,,
,2021-06,Derbyshire Constabulary,Derbyshire Constabulary,-1.366459,53.068618,On or near Alfred Street,E01019445,Amber Valley 005C,Anti-social behaviour,,
b2f1a203f89afcf4245a7dd515f415117dac6673031bd7c0a7dbf6e19118f838,2021-06,Derbyshire Constabulary,Derbyshire Constabulary,-1.366564,53.063531,On or near Valley View Road,E01019445,Amber Valley 005C,Burglary,Investigation complete; no suspect identified,
e2eea939889a50ffaa366352392e73ced32d2144e469efb9d58c5b75a663e00c,2021-06,Derbyshire Constabulary,Derbyshire Constabulary,-1.367760,53.068445,On or near Orchard Road,E01019445,Amber Valley 005C,Criminal damage and arson,Status update unavailable,
0442ef840a3dcab30f7debf49271ba42cd1c8bee2fb1869cb70667a207bf140f,2021-06,Derbyshire Constabulary,Derbyshire Constabulary,-1.367760,53.068445,On or near Orchard Road,E01019445,Amber Valley 005C,Criminal damage and arson,Unable to prosecute suspect,
c7a2fa5cff88b7a8ae7959037d9b55ff722d7364bd89a855400616833a984aa3,2021-06,Derbyshire Constabulary,Derbyshire Constabulary,-1.366903,53.067883,On or near Frederick Street,E01019445,Amber Valley 005C,Other theft,Unable to prosecute suspect,
f087693a876cbfb6ecfe9e5adc88f5b25b227a49b552ce95521d399859b4e8a4,2021-06,Derbyshire Constabulary,Derbyshire Constabulary,-1.368155,53.069032,On or near Cadeby Court,E01019445,Amber Valley 005C,Possession of weapons,Unable to prosecute suspect,
ca8b581c533ac6b881ffccc1a473d19218f1c902c9ea920250371f7cd4ba6df0,2021-06,Derbyshire Constabulary,Derbyshire Constabulary,-1.367424,53.069010,On or near Raven Close,E01019445,Amber Valley 005C,Public order,Investigation complete; no suspect identified,
34ee2304bf8bf4ed5cbc8de7f62a14453517f2990bdc6bf7e736dd41960c9a17,2021-06,Derbyshire Constabulary,Derbyshire Constabulary,-1.367823,53.064176,On or near Shawcroft Avenue,E01019445,Amber Valley 005C,Robbery,Unable to prosecute suspect,
19ac8d445f18a5a4901405c3bdaf36243282ce8d929fb1049f0e7abedb8a56a4,2021-06,Derbyshire Constabulary,Derbyshire Constabulary,-1.368155,53.069032,On or near Cadeby Court,E01019445,Amber Valley 005C,Violence and sexual offences,Unable to prosecute suspect,
06769514c7e72ab8f366ecc60e21d4fa56d94d2c064d7be08151edccef2e0d8b,2021-06,Derbyshire Constabulary,Derbyshire Constabulary,-1.367880,53.070477,On or near West Street,E01019445,Amber Valley 005C,Violence and sexual offences,Unable to prosecute suspect,
eeb4c317c290db70b81402d814b91765d527a0743ad8fe09eea5ef00f7f1ba8f,2021-06,Derbyshire Constabulary,Derbyshire Constabulary,-1.367823,53.064176,On or near Shawcroft Avenue,E01019445,Amber Valley 005C,Violence and sexual offences,Unable to prosecute suspect,
4da7cfdf1867258b33e844477ab33e4ebd6868ddfaa6371156dd6759c00fb829,2021-06,Derbyshire Constabulary,Derbyshire Constabulary,-1.365366,53.064828,On or near Chestnut Avenue,E01019445,Amber Valley 005C,Violence and sexual offences,Unable to prosecute suspect,
0bbf9637767be8dc12264f112616fd382ca9426fafac093d95e422386181dd0b,2021-06,Derbyshire Constabulary,Derbyshire Constabulary,-1.366642,53.067370,On or near Stewart Street,E01019445,Amber Valley 005C,Violence and sexual offences,Investigation complete; no suspect identified,
9a5c7e0163a1a019a5b5139d56a0ba7d0fcc49d53bfe5ea3222dc371805d1fbb,2021-06,Derbyshire Constabulary,Derbyshire Constabulary,-1.367823,53.064176,On or near Shawcroft Avenue,E01019445,Amber Valley 005C,Violence and sexual offences,Unable to prosecute suspect,
4bffbb918bbbc478e2b648d29f1bff38bb57ff8fd334d0c1513aa7d11346793a,2021-06,Derbyshire Constabulary,Derbyshire Constabulary,-1.367424,53.069010,On or near Raven Close,E01019445,Amber Valley 005C,Other crime,Investigation complete; no suspect identified,
,2021-06,Derbyshire Constabulary,Derbyshire Constabulary,-1.405319,53.054742,On or near Alma Street,E01019455,Amber Valley 005D,Anti-social behaviour,,
,2021-06,Derbyshire Constabulary,Derbyshire Constabulary,-1.407200,53.060135,On or near Butterley Lane,E01019455,Amber Valley 005D,Anti-social behaviour,,
,2021-06,Derbyshire Constabulary,Derbyshire Constabulary,-1.405724,53.053539,On or near Pentrich Road,E01019455,Amber Valley 005D,Anti-social behaviour,,
ca10cb9f17f35a74e1fb36143d00e78a666867e63e0908c0452d9525ca5c0961,2021-06,Derbyshire Constabulary,Derbyshire Constabulary,-1.405724,53.053539,On or near Pentrich Road,E01019455,Amber Valley 005D,Criminal damage and arson,Investigation complete; no suspect identified,
1488cada295770cb1d012be35bb4b948be1d3c3a34e1885c780ebaef400ca4b4,2021-06,Derbyshire Constabulary,Derbyshire Constabulary,-1.405319,53.054742,On or near Alma Street,E01019455,Amber Valley 005D,Criminal damage and arson,Unable to prosecute suspect,
c0df4c8649c6737e66bc157e583b608e34e59b78d251193e03a19737dce92998,2021-06,Derbyshire Constabulary,Derbyshire Constabulary,-1.405448,53.056225,On or near Moss Lane,E01019455,Amber Valley 005D,Other theft,Investigation complete; no suspect identified,
1a1eba8f711957f2873ad9b862277573bbc08eef98b6413a5faca9908e4a285c,2021-06,Derbyshire Constabulary,Derbyshire Constabulary,-1.405319,53.054742,On or near Alma Street,E01019455,Amber Valley 005D,Other theft,Status update unavailable,
cf3d04b87876506326f0942e94b7db1de1ea8af3ace80d3c72d74d00989a969c,2021-06,Derbyshire Constabulary,Derbyshire Constabulary,-1.406386,53.052014,On or near Wall Street,E01019455,Amber Valley 005D,Possession of weapons,Unable to prosecute suspect,
87e3517c35366ef12c92e3920963d9a31aa50ed358a89169b2ded6f309936831,2021-06,Derbyshire Constabulary,Derbyshire Constabulary,-1.407298,53.051848,On or near Moseley Street,E01019455,Amber Valley 005D,Public order,Awaiting court outcome,
fed84a2fa6c9eac076e1d41379bec42640154b5078ebe7952f7d65c94e9a863d,2021-06,Derbyshire Constabulary,Derbyshire Constabulary,-1.405448,53.056225,On or near Moss Lane,E01019455,Amber Valley 005D,Robbery,Investigation complete; no suspect identified,
3be90b744fed811d50fdeb61d4d9250ce49b1cab540b64d06c50853137e33d69,2021-06,Derbyshire Constabulary,Derbyshire Constabulary,-1.405448,53.056225,On or near Moss Lane,E01019455,Amber Valley 005D,Violence and sexual offences,Unable to prosecute suspect,
995523899567caa808dff2698f6d7ced0981b08ae833d302bc72316148de2894,2021-06,Derbyshire Constabulary,Derbyshire Constabulary,-1.407298,53.051848,On or near Moseley Street,E01019455,Amber Valley 005D,Violence and sexual offences,Unable to prosecute suspect,
f64926d06b589e1c099560ad601281070f038c52e3a1c26ff2cf5117f70b6f20,2021-06,Derbyshire Constabulary,Derbyshire Constabulary,-1.406885,53.053671,On or near Mount Pleasant,E01019455,Amber Valley 005D,Violence and sexual offences,Unable to prosecute suspect,
cefa73f80f70f27df717c8ef5c26828ec8e4e5668292115a60d48226359d1982,2021-06,Derbyshire Constabulary,Derbyshire Constabulary,-1.407298,53.051848,On or near Moseley Street,E01019455,Amber Valley 005D,Violence and sexual offences,Unable to prosecute suspect,
ffff5524bb7b53705c5a295cac10fa62d5b5d8bdb7b5efed03817eeb3235e758,2021-06,Derbyshire Constabulary,Derbyshire Constabulary,-1.406885,53.053671,On or near Mount Pleasant,E01019455,Amber Valley 005D,Violence and sexual offences,Unable to prosecute suspect,
da136c4e76cd5f419fa37d3bec1fa23a0f466549fc09ce6e4999c3bd5d37d808,2021-06,Derbyshire Constabulary,Derbyshire Constabulary,-1.405724,53.053539,On or near Pentrich Road,E01019455,Amber Valley 005D,Other crime,Status update unavailable,
7710165dbd400a67f8b0dec35a6c7cd44e2b6171dd0b5cad50bf2d0c0dcdc285,2021-06,Derbyshire Constabulary,Derbyshire Constabulary,-1.405724,53.053539,On or near Pentrich Road,E01019455,Amber Valley 005D,Other crime,Status update unavailable,
,2021-06,Derbyshire Constabulary,Derbyshire Constabulary,-1.398275,53.058113,On or near Police Station,E01019456,Amber Valley 005E,Anti-social behaviour,,
,2021-06,Derbyshire Constabulary,Derbyshire Constabulary,-1.395616,53.052967,On or near Petrol Station,E01019456,Amber Valley 005E,Anti-social behaviour,,
,2021-06,Derbyshire Constabulary,Derbyshire Constabulary,-1.398275,53.058113,On or near Police Station,E01019456,Amber Valley 005E,Anti-social behaviour,,
,2021-06,Derbyshire Constabulary,Derbyshire Constabulary,-1.395616,53.052967,On or near Petrol Station,E01019456,Amber Valley 005E,Anti-social behaviour,,
,2021-06,Derbyshire Constabulary,Derbyshire Constabulary,-1.404345,53.052894,On or near Havelock Street,E01019456,Amber Valley 005E,Anti-social behaviour,,
7b02676c92d0d917c0a59adce2cb6ab9182a535952d28acd70a05d22bf54927d,2021-06,Derbyshire Constabulary,Derbyshire Constabulary,-1.403179,53.051998,On or near Alfred Street,E01019456,Amber Valley 005E,Criminal damage and arson,Investigation complete; no suspect identified,
7070ed9e96486f00a9672eccaafd322e31a1e3feda087ad563c480588db44f3a,2021-06,Derbyshire Constabulary,Derbyshire Constabulary,-1.404345,53.052894,On or near Havelock Street,E01019456,Amber Valley 005E,Criminal damage and arson,Investigation complete; no suspect identified,
ac60d68a5ea7f534c54aba6c9016275dc1205e17d067d4e303a30c7b9b376dc2,2021-06,Derbyshire Constabulary,Derbyshire Constabulary,-1.395616,53.052967,On or near Petrol Station,E01019456,Amber Valley 005E,Criminal damage and arson,Unable to prosecute suspect,
b06a543525bfe819fc567196a9f65ece230b8e6a72312610daf3dcd51d822439,2021-06,Derbyshire Constabulary,Derbyshire Constabulary,-1.404345,53.052894,On or near Havelock Street,E01019456,Amber Valley 005E,Criminal damage and arson,Investigation complete; no suspect identified,
37cd8124da8a9d568e34c3fa06692b6613f2402f7826fb50681bafa945e3f14e,2021-06,Derbyshire Constabulary,Derbyshire Constabulary,-1.403179,53.051998,On or near Alfred Street,E01019456,Amber Valley 005E,Criminal damage and arson,Investigation complete; no suspect identified,
a915b9f740e5cf8f762bb239fb9cb091101f4e32ea0aff1b4cb705a98b8c0002,2021-06,Derbyshire Constabulary,Derbyshire Constabulary,-1.402543,53.053739,On or near Outram Street,E01019456,Amber Valley 005E,Criminal damage and arson,Offender given a caution,
58c6f20d15f1548794274cb09690ef7f33f6ec2920fd78efe79de3e15a1e997b,2021-06,Derbyshire Constabulary,Derbyshire Constabulary,-1.403598,53.058356,On or near Butterley Hill,E01019456,Amber Valley 005E,Criminal damage and arson,Unable to prosecute suspect,
510634b97f3ac79a18adce9ed96ad861dda51b2cc4a922aac6b7a186f71e26c6,2021-06,Derbyshire Constabulary,Derbyshire Constabulary,-1.400571,53.052893,On or near Walker Avenue,E01019456,Amber Valley 005E,Criminal damage and arson,Investigation complete; no suspect identified,
ad3845cff5c246a1fa8957a8f34407a82842fa7597f7bda60487c7f68c601200,2021-06,Derbyshire Constabulary,Derbyshire Constabulary,-1.398275,53.058113,On or near Police Station,E01019456,Amber Valley 005E,Drugs,Offender given a caution,
7a517fe05edef4a717acb3f3dcf1f2fb8a4ec0fcf4a0a4c069b372750d89c547,2021-06,Derbyshire Constabulary,Derbyshire Constabulary,-1.395616,53.052967,On or near Petrol Station,E01019456,Amber Valley 005E,Drugs,Awaiting court outcome,
391bde8b6611866f2ea5e14f76177476716845d0c7345c745e24298655bf5197,2021-06,Derbyshire Constabulary,Derbyshire Constabulary,-1.395616,53.052967,On or near Petrol Station,E01019456,Amber Valley 005E,Drugs,Offender given a caution,
72ed702b76f06614dddcfa9d3e2e17ede1e3945c5ab06f93cfe0c1304ffa950b,2021-06,Derbyshire Constabulary,Derbyshire Constabulary,-1.395616,53.052967,On or near Petrol Station,E01019456,Amber Valley 005E,Drugs,Status update unavailable,
efecb9d3d7a97e7abf344eb3d3aaafa1de52a51df12749fe7ec4bf0b01b6b2d2,2021-06,Derbyshire Constabulary,Derbyshire Constabulary,-1.396947,53.050627,On or near Dannah Street,E01019456,Amber Valley 005E,Drugs,Unable to prosecute suspect,
4a913024d4dc564a335a091197013a7b66677abcd4f57f649617696a113b48b1,2021-06,Derbyshire Constabulary,Derbyshire Constabulary,-1.395616,53.052967,On or near Petrol Station,E01019456,Amber Valley 005E,Drugs,Awaiting court outcome,
568a4cff438ea9c2adb7a388d5a7e82d544dd533a13113cfa324ce01c3d6a17c,2021-06,Derbyshire Constabulary,Derbyshire Constabulary,-1.398275,53.058113,On or near Police Station,E01019456,Amber Valley 005E,Drugs,Status update unavailable,
7a74fea5874a1ed18d63239cc80402bb8c2216b4b2acd005c1c26f6ff4db538b,2021-06,Derbyshire Constabulary,Derbyshire Constabulary,-1.399078,53.060472,On or near Spinaker Close,E01019456,Amber Valley 005E,Public order,Investigation complete; no suspect identified,
4e4f6bbe4daa816fd7898a4158b041d61c506b3370631b144b0a01c4181c4ea6,2021-06,Derbyshire Constabulary,Derbyshire Constabulary,-1.395616,53.052967,On or near Petrol Station,E01019456,Amber Valley 005E,Shoplifting,Unable to prosecute suspect,
b10748d31bafafcd49ff73045376b38a791e269364780e8c6e9dacbb5083bf25,2021-06,Derbyshire Constabulary,Derbyshire Constabulary,-1.404065,53.051544,On or near Booth Street,E01019456,Amber Valley 005E,Violence and sexual offences,Unable to prosecute suspect,
693f64dc1903055a246e4c37790fe82ba9d5e07cb925f2094062cb98f6aeadca,2021-06,Derbyshire Constabulary,Derbyshire Constabulary,-1.400981,53.059898,On or near Bridge Yard Avenue,E01019456,Amber Valley 005E,Violence and sexual offences,Status update unavailable,
b60bdba033c9937db1cb78c9a86dbb500c491b62b2694b56df45b1861e42198a,2021-06,Derbyshire Constabulary,Derbyshire Constabulary,-1.402543,53.053739,On or near Outram Street,E01019456,Amber Valley 005E,Violence and sexual offences,Unable to prosecute suspect,
6dc5c04a495d6445b2b3e68c798816c796d340a8e18cb9cacf40e2254b3968b6,2021-06,Derbyshire Constabulary,Derbyshire Constabulary,-1.398275,53.058113,On or near Police Station,E01019456,Amber Valley 005E,Violence and sexual offences,Status update unavailable,
b349b507c7d7ca3272a4c0c30d7cc297370cff8679293d24ba869e9043f5e1be,2021-06,Derbyshire Constabulary,Derbyshire Constabulary,-1.398275,53.058113,On or near Police Station,E01019456,Amber Valley 005E,Violence and sexual offences,Unable to prosecute suspect,
464ffac234b24831346d6305cf50b10eddba1c5244171c8922ef34a5860a0a80,2021-06,Derbyshire Constabulary,Derbyshire Constabulary,-1.395616,53.052967,On or near Petrol Station,E01019456,Amber Valley 005E,Violence and sexual offences,Unable to prosecute suspect,
752bbbcd9df3014ba656d03704f2c1543d6dd106bdf7d1e452acd4a3e25c2780,2021-06,Derbyshire Constabulary,Derbyshire Constabulary,-1.395616,53.052967,On or near Petrol Station,E01019456,Amber Valley 005E,Violence and sexual offences,Unable to prosecute suspect,
b00d7e39373e8e73922b7c2455715f3310232ee7b81c778cb4926023d5a879bb,2021-06,Derbyshire Constabulary,Derbyshire Constabulary,-1.404065,53.051544,On or near Booth Street,E01019456,Amber Valley 005E,Violence and sexual offences,Unable to prosecute suspect,
1cd741726505cf037e7ef52318c8927f0e596211d00ba728c48c2f3b8eb37fa9,2021-06,Derbyshire Constabulary,Derbyshire Constabulary,-1.403598,53.058356,On or near Butterley Hill,E01019456,Amber Valley 005E,Violence and sexual offences,Investigation complete; no suspect identified,
32d94b63a0f78997a5b231aee544955ce7aeb914e2926b0e59f74c2027dd8d8e,2021-06,Derbyshire Constabulary,Derbyshire Constabulary,-1.400981,53.059898,On or near Bridge Yard Avenue,E01019456,Amber Valley 005E,Violence and sexual offences,Investigation complete; no suspect identified,
a45698f47f79b3b5b1500cd722328496b22002f30b9424595617c4a8254ac64f,2021-06,Derbyshire Constabulary,Derbyshire Constabulary,-1.400981,53.059898,On or near Bridge Yard Avenue,E01019456,Amber Valley 005E,Violence and sexual offences,Investigation complete; no suspect identified,
6ac0ce49ca96a689c9cc705a418f7815ba313f78cb9ae6652d572ca2133b2b2f,2021-06,Derbyshire Constabulary,Derbyshire Constabulary,-1.398275,53.058113,On or near Police Station,E01019456,Amber Valley 005E,Violence and sexual offences,Status update unavailable,
8aa60b9c6c0d561cc1d747bdb23486aaf9cb980d91437fc97d995e5de0937990,2021-06,Derbyshire Constabulary,Derbyshire Constabulary,-1.395616,53.052967,On or near Petrol Station,E01019456,Amber Valley 005E,Violence and sexual offences,Status update unavailable,
30f213f96d0ded76300965b783e7be76cdb2be6fb1d0c6a8ce6cde47bb269202,2021-06,Derbyshire Constabulary,Derbyshire Constabulary,-1.395616,53.052967,On or near Petrol Station,E01019456,Amber Valley 005E,Violence and sexual offences,Investigation complete; no suspect identified,
23ddf05fb290e142c34ed751cd7ad454f313cde6b61f9c9aee7da4b34a1d9f14,2021-06,Derbyshire Constabulary,Derbyshire Constabulary,-1.400981,53.059898,On or near Bridge Yard Avenue,E01019456,Amber Valley 005E,Violence and sexual offences,Unable to prosecute suspect,
caa1ea101614f30ac5a9ff73cf6d0eeaa45048085e038ff98c23456b1d07239f,2021-06,Derbyshire Constabulary,Derbyshire Constabulary,-1.395616,53.052967,On or near Petrol Station,E01019456,Amber Valley 005E,Violence and sexual offences,Status update unavailable,
49c86d2f61b70990e802787e0ddc2c4a19f2837e1756d7babc372d9988a0c7b5,2021-06,Derbyshire Constabulary,Derbyshire Constabulary,-1.395616,53.052967,On or near Petrol Station,E01019456,Amber Valley 005E,Violence and sexual offences,Unable to prosecute suspect,
8d0f4afc72c937d21e1ee638fd2a89d7a14f95c9414907def7bc6bb37ad9f76b,2021-06,Derbyshire Constabulary,Derbyshire Constabulary,-1.398275,53.058113,On or near Police Station,E01019456,Amber Valley 005E,Violence and sexual offences,Investigation complete; no suspect identified,
b86a44f9dd24d1be556c3470df403656ba69ab86c79d356110ed235e33b56cdc,2021-06,Derbyshire Constabulary,Derbyshire Constabulary,-1.398275,53.058113,On or near Police Station,E01019456,Amber Valley 005E,Other crime,Status update unavailable,
c12f6b5c808c88954918f1de33ea695c0151e67af788a259150159d0853e2a2a,2021-06,Derbyshire Constabulary,Derbyshire Constabulary,-1.398275,53.058113,On or near Police Station,E01019456,Amber Valley 005E,Other crime,Status update unavailable,
228b3c5af23beccd993e35e7d81be35afc7540b333e1f0fc5e0a69f81418cd22,2021-06,Derbyshire Constabulary,Derbyshire Constabulary,-1.398275,53.058113,On or near Police Station,E01019456,Amber Valley 005E,Other crime,Unable to prosecute suspect,
a6d6b2cf4919b6e5f9dd62f9b3a083c54758958efbffee1982b1a46fc1e12081,2021-06,Derbyshire Constabulary,Derbyshire Constabulary,-1.398275,53.058113,On or near Police Station,E01019456,Amber Valley 005E,Other crime,Status update unavailable,
7606d4b138ce99ba86c03a649d103aa8b7bce166ef357bb671ff024202a6d95e,2021-06,Derbyshire Constabulary,Derbyshire Constabulary,-1.398275,53.058113,On or near Police Station,E01019456,Amber Valley 005E,Other crime,Further investigation is not in the public interest,
f737042dc2a0e1b0608c40431464d487c66bc37633f3809526052dbcff71dd54,2021-06,Derbyshire Constabulary,Derbyshire Constabulary,-1.398275,53.058113,On or near Police Station,E01019456,Amber Valley 005E,Other crime,Status update unavailable,
6a2e7eb13f5e2bae69ea992615c41ffe37fc5c1c45bd0d85179f02a4048c0289,2021-06,Derbyshire Constabulary,Derbyshire Constabulary,-1.398275,53.058113,On or near Police Station,E01019456,Amber Valley 005E,Other crime,Unable to prosecute suspect,
8566f5235e88f821c44cc30f7f447c77be188b18d9f326d0a6b06574bee38ab3,2021-06,Derbyshire Constabulary,Derbyshire Constabulary,-1.398275,53.058113,On or near Police Station,E01019456,Amber Valley 005E,Other crime,Status update unavailable,
c5652b36e1c037bad081c95bd7793c46949c3b3977c71123a7c5f24ded5e542d,2021-06,Derbyshire Constabulary,Derbyshire Constabulary,-1.398275,53.058113,On or near Police Station,E01019456,Amber Valley 005E,Other crime,Further investigation is not in the public interest,
84241081a05221da075165e302a924c2ca000d62ab89bd12ff09222dc9a4a3aa,2021-06,Derbyshire Constabulary,Derbyshire Constabulary,-1.394782,53.042220,On or near Honeyfield Drive,E01019457,Amber Valley 005F,Criminal damage and arson,Investigation complete; no suspect identified,
5e7aed66f3b1e2b0fdf3a1e6a1bd88cb36a30618b38ff779e0dd90721859c605,2021-06,Derbyshire Constabulary,Derbyshire Constabulary,-1.393400,53.043993,On or near The Paddocks,E01019457,Amber Valley 005F,Public order,Unable to prosecute suspect,
0e35413c9eaf60b8d4ca9ce29b0d1b5c50fbaee1c89059ffb0ed296875020b8b,2021-06,Derbyshire Constabulary,Derbyshire Constabulary,-1.390834,53.047189,On or near Morleyfields Close,E01019457,Amber Valley 005F,Violence and sexual offences,Status update unavailable,
6933639ff893dd17fda432f22523314997b0cc9146dc3909ce111b382b56bc61,2021-06,Derbyshire Constabulary,Derbyshire Constabulary,-1.384632,53.046996,On or near Eastfield Road,E01019457,Amber Valley 005F,Violence and sexual offences,Unable to prosecute suspect,
af450e0d47a937fc49cc328da8ccbafa430253df201057f4770cca7d6f5ef67d,2021-06,Derbyshire Constabulary,Derbyshire Constabulary,-1.384632,53.046996,On or near Eastfield Road,E01019457,Amber Valley 005F,Violence and sexual offences,Unable to prosecute suspect,
,2021-06,Derbyshire Constabulary,Derbyshire Constabulary,-1.449705,53.048842,On or near Old Road,E01019429,Amber Valley 006A,Anti-social behaviour,,
,2021-06,Derbyshire Constabulary,Derbyshire Constabulary,-1.448143,53.050813,On or near Eagle Street,E01019429,Amber Valley 006A,Anti-social behaviour,,
,2021-06,Derbyshire Constabulary,Derbyshire Constabulary,-1.440272,53.061923,On or near B6013,E01019429,Amber Valley 006A,Anti-social behaviour,,
577d555adf1d3f0eccf426ca91f8ff4f3982a9ea2972646c931bc50dff8d279f,2021-06,Derbyshire Constabulary,Derbyshire Constabulary,-1.439866,53.049480,On or near Ripley Road,E01019429,Amber Valley 006A,Public order,Investigation complete; no suspect identified,
fa3498cbad6cccc2cc3803c28e4bd720a45a42e04ec94e95cd5964e8421c7f8f,2021-06,Derbyshire Constabulary,Derbyshire Constabulary,-1.436405,53.035791,On or near Parking Area,E01019429,Amber Valley 006A,Vehicle crime,Investigation complete; no suspect identified,
,2021-06,Derbyshire Constabulary,Derbyshire Constabulary,-1.412509,53.054813,On or near Northam Drive,E01019454,Amber Valley 006B,Anti-social behaviour,,
,2021-06,Derbyshire Constabulary,Derbyshire Constabulary,-1.410113,53.052230,On or near Jura Avenue,E01019454,Amber Valley 006B,Anti-social behaviour,,
,2021-06,Derbyshire Constabulary,Derbyshire Constabulary,-1.410113,53.052230,On or near Jura Avenue,E01019454,Amber Valley 006B,Anti-social behaviour,,
,2021-06,Derbyshire Constabulary,Derbyshire Constabulary,-1.413102,53.052919,On or near Petrol Station,E01019454,Amber Valley 006B,Anti-social behaviour,,
a2bc81462faec81d1f1c18196a36741f889c4ddae6b6a9b5a2b5cf74d05ae62d,2021-06,Derbyshire Constabulary,Derbyshire Constabulary,-1.419049,53.051097,On or near Copper Beeches,E01019454,Amber Valley 006B,Burglary,Investigation complete; no suspect identified,
ce4142e1dcd32a1dbb85d2e1333112cb7516cebec1f928f9c447d0fab04b1039,2021-06,Derbyshire Constabulary,Derbyshire Constabulary,-1.409009,53.051110,On or near Henry Street,E01019454,Amber Valley 006B,Criminal damage and arson,Unable to prosecute suspect,
6fa71164c5bccd4c4accd1986c3f65514f6ab3ae96ce3ee8bf8e3df26aef3142,2021-06,Derbyshire Constabulary,Derbyshire Constabulary,-1.413102,53.052919,On or near Petrol Station,E01019454,Amber Valley 006B,Other theft,Investigation complete; no suspect identified,
50b6cf3fc03fc70783a67a02250ede2f1a258dc8d6d448fc39d66020e6415417,2021-06,Derbyshire Constabulary,Derbyshire Constabulary,-1.413102,53.052919,On or near Petrol Station,E01019454,Amber Valley 006B,Other theft,Investigation complete; no suspect identified,
b5de63c3172e319bf208b9707f0d59fe984a50749e6f2c4d1da3ba33435550e2,2021-06,Derbyshire Constabulary,Derbyshire Constabulary,-1.413102,53.052919,On or near Petrol Station,E01019454,Amber Valley 006B,Violence and sexual offences,Investigation complete; no suspect identified,
ed0a404e6d2e67ff066436bc2f330ce1ddc0b616e37c4fb97b418cddc7ad2b69,2021-06,Derbyshire Constabulary,Derbyshire Constabulary,-1.410113,53.052230,On or near Jura Avenue,E01019454,Amber Valley 006B,Violence and sexual offences,Further investigation is not in the public interest,
2621df465d3640402715e170c3e76406b8208ab8de316e6900a58596ec979293,2021-06,Derbyshire Constabulary,Derbyshire Constabulary,-1.416977,53.055428,On or near Hardwick Close,E01019454,Amber Valley 006B,Violence and sexual offences,Status update unavailable,
45e3fac91820c843ee2a64a68f52064fcbcb16444a472b157faf12bb8f974bf4,2021-06,Derbyshire Constabulary,Derbyshire Constabulary,-1.419049,53.051097,On or near Copper Beeches,E01019454,Amber Valley 006B,Violence and sexual offences,Unable to prosecute suspect,
c05edfed132ffb7fbf341ad46157bd7a6f3953d9e2230abc077a8056561f99fb,2021-06,Derbyshire Constabulary,Derbyshire Constabulary,-1.419049,53.051097,On or near Copper Beeches,E01019454,Amber Valley 006B,Violence and sexual offences,Investigation complete; no suspect identified,
78289ec69b17d80b853fda8a9b091a296d4625366bf11e66dd05f195fb8eb117,2021-06,Derbyshire Constabulary,Derbyshire Constabulary,-1.410924,53.052882,On or near Ledo Avenue,E01019454,Amber Valley 006B,Violence and sexual offences,Unable to prosecute suspect,
2cb91e16402c62f09aa750090f9bc6d2e19c947315d0d95233d2047f0afdc6d9,2021-06,Derbyshire Constabulary,Derbyshire Constabulary,-1.411925,53.053902,On or near Bideford Close,E01019454,Amber Valley 006B,Other crime,Status update unavailable,
,2021-06,Derbyshire Constabulary,Derbyshire Constabulary,-1.406193,53.033459,On or near Sports/Recreation Area,E01019460,Amber Valley 006C,Anti-social behaviour,,
efc9a5e4932c171eeefd46d6ef5de84b147c7ad3fe27b88f2ce82a40c937dad0,2021-06,Derbyshire Constabulary,Derbyshire Constabulary,-1.408143,53.039186,On or near Sports/Recreation Area,E01019460,Amber Valley 006C,Criminal damage and arson,Unable to prosecute suspect,
e014eb755dbf3480b08f40a05ec4fd48d9b52e6aac043d30ec73b5d18f987f05,2021-06,Derbyshire Constabulary,Derbyshire Constabulary,-1.407258,53.040665,On or near Brook Lane,E01019460,Amber Valley 006C,Other theft,Investigation complete; no suspect identified,
7bcf17affd3e37efdc4c037f3f721b359d9054e6ead4f95d14691d2618c9e1ed,2021-06,Derbyshire Constabulary,Derbyshire Constabulary,-1.404871,53.039583,On or near Wichal Farm Close,E01019460,Amber Valley 006C,Possession of weapons,Status update unavailable,
998dbddce091b87450a3503dba0d0c7c9a0ae67861f4b167d6c576f17fc897b0,2021-06,Derbyshire Constabulary,Derbyshire Constabulary,-1.413462,53.032956,On or near Belle Vue Avenue,E01019460,Amber Valley 006C,Violence and sexual offences,Unable to prosecute suspect,
73a8a4fd67f5767753943a9f1df5ba15445a49694dd3ac5e2f2df5e0a370b726,2021-06,Derbyshire Constabulary,Derbyshire Constabulary,-1.406145,53.037001,On or near Bamford Street,E01019460,Amber Valley 006C,Violence and sexual offences,Investigation complete; no suspect identified,
65d8ca4a96299be4ba4b37aa42f6811e2361b4d48ba0f6413c36f2de5b16221e,2021-06,Derbyshire Constabulary,Derbyshire Constabulary,-1.406145,53.037001,On or near Bamford Street,E01019460,Amber Valley 006C,Violence and sexual offences,Unable to prosecute suspect,
94e39e04d01fb3fbba991181018a7b0986d233ade00ffdbb76de1591f23f293e,2021-06,Derbyshire Constabulary,Derbyshire Constabulary,-1.404871,53.039583,On or near Wichal Farm Close,E01019460,Amber Valley 006C,Violence and sexual offences,Unable to prosecute suspect,
f17fb80836671374ffc76145c329968824dbb6c06882e3ec01049e15e3410346,2021-06,Derbyshire Constabulary,Derbyshire Constabulary,-1.413462,53.032956,On or near Belle Vue Avenue,E01019460,Amber Valley 006C,Violence and sexual offences,Unable to prosecute suspect,
9a0a6ccaaf519b8974100838b572f081f0e25be063e43cc8a3793a2c08e2c41b,2021-06,Derbyshire Constabulary,Derbyshire Constabulary,-1.406145,53.037001,On or near Bamford Street,E01019460,Amber Valley 006C,Violence and sexual offences,Unable to prosecute suspect,
2fb789a96e23351608659b0cfc7980538ada9b6d230d635602faaf35d6bdb76a,2021-06,Derbyshire Constabulary,Derbyshire Constabulary,-1.413462,53.032956,On or near Belle Vue Avenue,E01019460,Amber Valley 006C,Violence and sexual offences,Investigation complete; no suspect identified,
,2021-06,Derbyshire Constabulary,Derbyshire Constabulary,-1.407999,53.049739,On or near Parking Area,E01019461,Amber Valley 006D,Anti-social behaviour,,
,2021-06,Derbyshire Constabulary,Derbyshire Constabulary,-1.407385,53.048765,On or near Parking Area,E01019461,Amber Valley 006D,Anti-social behaviour,,
,2021-06,Derbyshire Constabulary,Derbyshire Constabulary,-1.407385,53.048765,On or near Parking Area,E01019461,Amber Valley 006D,Anti-social behaviour,,
,2021-06,Derbyshire Constabulary,Derbyshire Constabulary,-1.410973,53.049286,On or near Nightingale Close,E01019461,Amber Valley 006D,Anti-social behaviour,,
,2021-06,Derbyshire Constabulary,Derbyshire Constabulary,-1.407385,53.048765,On or near Parking Area,E01019461,Amber Valley 006D,Anti-social behaviour,,
,2021-06,Derbyshire Constabulary,Derbyshire Constabulary,-1.407385,53.048765,On or near Parking Area,E01019461,Amber Valley 006D,Anti-social behaviour,,
,2021-06,Derbyshire Constabulary,Derbyshire Constabulary,-1.413098,53.052119,On or near Cromford Road,E01019461,Amber Valley 006D,Anti-social behaviour,,
a5511887974753c5ee5b9922f9376d5e04d94b8c4be56fb7e3527bcb0c9800d0,2021-06,Derbyshire Constabulary,Derbyshire Constabulary,-1.407999,53.049739,On or near Parking Area,E01019461,Amber Valley 006D,Criminal damage and arson,Status update unavailable,
cca6dbb2379f710ccfee16cb486a501360b1068f134efc919614ddcae5061d36,2021-06,Derbyshire Constabulary,Derbyshire Constabulary,-1.415221,53.048489,On or near Dove Road,E01019461,Amber Valley 006D,Criminal damage and arson,Unable to prosecute suspect,
5308170fed0cef46668f72b4441eb03b6b359eeeb956373443e2809330b4ea4e,2021-06,Derbyshire Constabulary,Derbyshire Constabulary,-1.416407,53.050104,On or near Norman Road,E01019461,Amber Valley 006D,Drugs,Status update unavailable,
068dcc68764a0b677579c5d351feea0c1ef8ec2d242642326021938e12c10401,2021-06,Derbyshire Constabulary,Derbyshire Constabulary,-1.410973,53.049286,On or near Nightingale Close,E01019461,Amber Valley 006D,Public order,Unable to prosecute suspect,
15d114faee6ed2d1ffabbec101ebff498501bd2026c023c48f50416c70839359,2021-06,Derbyshire Constabulary,Derbyshire Constabulary,-1.407385,53.048765,On or near Parking Area,E01019461,Amber Valley 006D,Violence and sexual offences,Status update unavailable,
4e56334715c670ffaf980fc398a08fa72e7c64b808f63234cea6eaa4f3d45dc8,2021-06,Derbyshire Constabulary,Derbyshire Constabulary,-1.408051,53.048067,On or near Ivy Grove,E01019461,Amber Valley 006D,Violence and sexual offences,Unable to prosecute suspect,
9e80a8d018a49d3059952035ca742fdd2757b38705b671b235f5285906adb442,2021-06,Derbyshire Constabulary,Derbyshire Constabulary,-1.410973,53.049286,On or near Nightingale Close,E01019461,Amber Valley 006D,Violence and sexual offences,Unable to prosecute suspect,
,2021-06,Derbyshire Constabulary,Derbyshire Constabulary,-1.418791,53.047041,On or near Micklebring Close,E01019462,Amber Valley 006E,Anti-social behaviour,,
,2021-06,Derbyshire Constabulary,Derbyshire Constabulary,-1.418791,53.047041,On or near Micklebring Close,E01019462,Amber Valley 006E,Anti-social behaviour,,
a9670df67c62e8d601a89a0228e837f5f2c2814bce485a7f2906febc3e058196,2021-06,Derbyshire Constabulary,Derbyshire Constabulary,-1.413754,53.046648,On or near Sandham Lane,E01019462,Amber Valley 006E,Public order,Unable to prosecute suspect,
6847dd443f17817504f73ca0e047f0f07e7df0ef9a7b546b66d368f22e2194f9,2021-06,Derbyshire Constabulary,Derbyshire Constabulary,-1.419513,53.048789,On or near Heage Road,E01019462,Amber Valley 006E,Public order,Investigation complete; no suspect identified,
,2021-06,Derbyshire Constabulary,Derbyshire Constabulary,-1.532523,53.076703,On or near Back Lane,E01019405,Amber Valley 007A,Anti-social behaviour,,
,2021-06,Derbyshire Constabulary,Derbyshire Constabulary,-1.542405,53.024550,On or near White Lane,E01019405,Amber Valley 007A,Anti-social behaviour,,
eeb98922910423920a422a256d725b4060173f8a8ee7cd37cebac2ef8d724673,2021-06,Derbyshire Constabulary,Derbyshire Constabulary,-1.508962,53.007697,On or near Hazelwood Hill,E01019405,Amber Valley 007A,Criminal damage and arson,Investigation complete; no suspect identified,
59bf67a4b94863d3b7c7b46917537b5581328f93167929da57b1989b7f04818d,2021-06,Derbyshire Constabulary,Derbyshire Constabulary,-1.514455,53.009581,On or near Hob Hill,E01019405,Amber Valley 007A,Violence and sexual offences,Investigation complete; no suspect identified,
,2021-06,Derbyshire Constabulary,Derbyshire Constabulary,-1.479145,53.041981,On or near Broadholme Lane,E01019414,Amber Valley 007B,Anti-social behaviour,,
a8ca2f891fac6cc31ef86b22d923153d79f75536b9d07c3c6cc1594c684e2296,2021-06,Derbyshire Constabulary,Derbyshire Constabulary,-1.479145,53.041981,On or near Broadholme Lane,E01019414,Amber Valley 007B,Burglary,Investigation complete; no suspect identified,
6c72d3d3e439f9d3badecd0574efb7c99c0293ea12a381bf094090c8779a7a53,2021-06,Derbyshire Constabulary,Derbyshire Constabulary,-1.488533,53.031352,On or near Lodge Drive,E01019414,Amber Valley 007B,Drugs,Offender given penalty notice,
72bca3dd48ed366572cf8d317a04452256155934ae74cc77ea356ffeec86f821,2021-06,Derbyshire Constabulary,Derbyshire Constabulary,-1.499913,53.027274,On or near Ashbourne Road,E01019414,Amber Valley 007B,Public order,Investigation complete; no suspect identified,
444de975996091b5e9e1ff8e6a326184b1f147e033b89018e8e8d4fe054c036d,2021-06,Derbyshire Constabulary,Derbyshire Constabulary,-1.500152,53.020794,On or near Farnah Green Road,E01019414,Amber Valley 007B,Violence and sexual offences,Unable to prosecute suspect,
4a8c5fb86fa7935ccef9418002eb848d0c2a5913323b767216e58cdeb4479d4a,2021-06,Derbyshire Constabulary,Derbyshire Constabulary,-1.488533,53.031352,On or near Lodge Drive,E01019414,Amber Valley 007B,Violence and sexual offences,Awaiting court outcome,
a4ecefd151f2a51f8ae2c992ec521d5330271a66ca7e54e3aa3e1b8a9271c801,2021-06,Derbyshire Constabulary,Derbyshire Constabulary,-1.500152,53.020794,On or near Farnah Green Road,E01019414,Amber Valley 007B,Violence and sexual offences,Unable to prosecute suspect,
,2021-06,Derbyshire Constabulary,Derbyshire Constabulary,-1.479879,53.060367,On or near Midland Terrace,E01019430,Amber Valley 007D,Anti-social behaviour,,
,2021-06,Derbyshire Constabulary,Derbyshire Constabulary,-1.480143,53.060683,On or near Station Approach,E01019430,Amber Valley 007D,Anti-social behaviour,,
,2021-06,Derbyshire Constabulary,Derbyshire Constabulary,-1.480143,53.060683,On or near Station Approach,E01019430,Amber Valley 007D,Anti-social behaviour,,
,2021-06,Derbyshire Constabulary,Derbyshire Constabulary,-1.480515,53.054617,On or near Dean Road,E01019430,Amber Valley 007D,Anti-social behaviour,,
,2021-06,Derbyshire Constabulary,Derbyshire Constabulary,-1.470165,53.061592,On or near Riversdale,E01019430,Amber Valley 007D,Anti-social behaviour,,
,2021-06,Derbyshire Constabulary,Derbyshire Constabulary,-1.480143,53.060683,On or near Station Approach,E01019430,Amber Valley 007D,Anti-social behaviour,,
,2021-06,Derbyshire Constabulary,Derbyshire Constabulary,-1.479879,53.060367,On or near Midland Terrace,E01019430,Amber Valley 007D,Anti-social behaviour,,
,2021-06,Derbyshire Constabulary,Derbyshire Constabulary,-1.483006,53.058412,On or near Petrol Station,E01019430,Amber Valley 007D,Anti-social behaviour,,
,2021-06,Derbyshire Constabulary,Derbyshire Constabulary,-1.480143,53.060683,On or near Station Approach,E01019430,Amber Valley 007D,Anti-social behaviour,,
f0cef5fdabfa99944f36072eb9437e50d3f08d46586578ff746d06068e70bb66,2021-06,Derbyshire Constabulary,Derbyshire Constabulary,-1.483006,53.058412,On or near Petrol Station,E01019430,Amber Valley 007D,Other theft,Investigation complete; no suspect identified,
272320b3a51b77eddaf7c1ac8d6d3fa9946aefeb1e4ba82ab7d84c50696abf6b,2021-06,Derbyshire Constabulary,Derbyshire Constabulary,-1.465249,53.066936,On or near Drovers Way,E01019430,Amber Valley 007D,Violence and sexual offences,Local resolution,
686da3ca3e62ec2471f0034f8edb434222ad6ca50f70c30a2e8a35d081b02aa2,2021-06,Derbyshire Constabulary,Derbyshire Constabulary,-1.480040,53.053141,On or near Derby Road,E01019430,Amber Valley 007D,Violence and sexual offences,Unable to prosecute suspect,
4ed3f1a3b8b819862306bfcb15ea0eeabebefa08743be299957077f7f505430a,2021-06,Derbyshire Constabulary,Derbyshire Constabulary,-1.481075,53.055132,On or near Devonshire Street,E01019430,Amber Valley 007D,Violence and sexual offences,Further investigation is not in the public interest,
f50c187a3521171371aff5e9ace74b7773afa82831528361420d0ded786039a4,2021-06,Derbyshire Constabulary,Derbyshire Constabulary,-1.468627,53.062853,On or near Riversdale,E01019430,Amber Valley 007D,Other crime,Status update unavailable,
,2021-06,Derbyshire Constabulary,Derbyshire Constabulary,-1.388295,53.042151,On or near Waingroves Road,E01019421,Amber Valley 008A,Anti-social behaviour,,
,2021-06,Derbyshire Constabulary,Derbyshire Constabulary,-1.383532,53.043583,On or near Holborn View,E01019421,Amber Valley 008A,Anti-social behaviour,,
,2021-06,Derbyshire Constabulary,Derbyshire Constabulary,-1.379906,53.041622,On or near Needham Street,E01019421,Amber Valley 008A,Anti-social behaviour,,
bbb2ca3a03971e2b9d9f57046326538ecef429ff6b359586bc0634affca754ce,2021-06,Derbyshire Constabulary,Derbyshire Constabulary,-1.381276,53.043814,On or near Lyndale Drive,E01019421,Amber Valley 008A,Violence and sexual offences,Further investigation is not in the public interest,
921a44a42cd982711d25d2b88dcc531b13142b9787284c94c3cd2d945f5c22f4,2021-06,Derbyshire Constabulary,Derbyshire Constabulary,-1.390692,53.043539,On or near Coupe Street,E01019421,Amber Valley 008A,Violence and sexual offences,Unable to prosecute suspect,
bb5386f4112f8175ee6dc5e0ee024ad0ca5cc9d6f8e0910445200a9004579765,2021-06,Derbyshire Constabulary,Derbyshire Constabulary,-1.384002,53.040934,On or near Sports/Recreation Area,E01019421,Amber Valley 008A,Violence and sexual offences,Unable to prosecute suspect,
a5475b2077b2b3fe1ca98bc8e19d5f6439bb78b2282db84cb29e62355c950538,2021-06,Derbyshire Constabulary,Derbyshire Constabulary,-1.381276,53.043814,On or near Lyndale Drive,E01019421,Amber Valley 008A,Violence and sexual offences,Unable to prosecute suspect,
ea45d04db50544217771d617c758ff45e9a237f1ee8ad2fa53dfa966d065e93b,2021-06,Derbyshire Constabulary,Derbyshire Constabulary,-1.383696,53.042523,On or near Springhill Way,E01019421,Amber Valley 008A,Violence and sexual offences,Unable to prosecute suspect,
64cc5c5c1b39be98bdbf63e7cc9c27b1b41c41976eb0435eb9fc2741a7ccba7f,2021-06,Derbyshire Constabulary,Derbyshire Constabulary,-1.388295,53.042151,On or near Waingroves Road,E01019421,Amber Valley 008A,Violence and sexual offences,Unable to prosecute suspect,
986a85e1f5c89ea32bbaeca0e788b2271d75883f6112825a03eb4b958810e8c4,2021-06,Derbyshire Constabulary,Derbyshire Constabulary,-1.388295,53.042151,On or near Waingroves Road,E01019421,Amber Valley 008A,Violence and sexual offences,Unable to prosecute suspect,
15523b7cd0ded8a5eb1877d5bd45ba891038833d265ac44c1ac11fdd9a8c2fa5,2021-06,Derbyshire Constabulary,Derbyshire Constabulary,-1.381276,53.043814,On or near Lyndale Drive,E01019421,Amber Valley 008A,Violence and sexual offences,Further investigation is not in the public interest,
6209c5c4fe972bc1d10e993a82a241de4b21e78ff09a3e798994882785399308,2021-06,Derbyshire Constabulary,Derbyshire Constabulary,-1.378193,53.035222,On or near Station Lane,E01019422,Amber Valley 008B,Public order,Investigation complete; no suspect identified,
0d4bf9a03e4963612b3af268d30bfa218df5f7448a817fa0f6ef5a2d6751b689,2021-06,Derbyshire Constabulary,Derbyshire Constabulary,-1.389885,53.038384,On or near Queen Street,E01019422,Amber Valley 008B,Violence and sexual offences,Offender given a caution,
5294681138eab5c7d0d900b4a9f3c17c7df3c46b4a58af5ac9ec2b3ecd1eabc2,2021-06,Derbyshire Constabulary,Derbyshire Constabulary,-1.384555,53.037709,On or near Church Street,E01019422,Amber Valley 008B,Violence and sexual offences,Unable to prosecute suspect,
cd98fd002d0aaa84730d4e7a5d819953b68f89a785e2d6be3d2bd083edf54911,2021-06,Derbyshire Constabulary,Derbyshire Constabulary,-1.384555,53.037709,On or near Church Street,E01019422,Amber Valley 008B,Violence and sexual offences,Awaiting court outcome,
7ad508408453a28b95538e80e3c992b309f8fde60e6266770d88c10e6a65decb,2021-06,Derbyshire Constabulary,Derbyshire Constabulary,-1.378193,53.035222,On or near Station Lane,E01019422,Amber Valley 008B,Violence and sexual offences,Investigation complete; no suspect identified,
1613755f09eb69da4db280e55b20b932fbd905040de7ef356ad73810bf55bd6f,2021-06,Derbyshire Constabulary,Derbyshire Constabulary,-1.377236,53.025050,On or near Loscoe-Denby Lane,E01019432,Amber Valley 008C,Public order,Investigation complete; no suspect identified,
8ca3f24eb8128a491f6851731c94e6d61311b3bd8511bbf5e3f1b80f8b7fbd68,2021-06,Derbyshire Constabulary,Derbyshire Constabulary,-1.377236,53.025050,On or near Loscoe-Denby Lane,E01019432,Amber Valley 008C,Public order,Investigation complete; no suspect identified,
697cf6d274fbc877c8da8c006e5f82a670ebb25089a5c6b5b3c10f06810ecab4,2021-06,Derbyshire Constabulary,Derbyshire Constabulary,-1.377236,53.025050,On or near Loscoe-Denby Lane,E01019432,Amber Valley 008C,Public order,Investigation complete; no suspect identified,
b1b63533d5309a549a8a7b8fcfda0d72c560e4e9aa14f95067b3b3425074ddcb,2021-06,Derbyshire Constabulary,Derbyshire Constabulary,-1.368394,53.027116,On or near Clayton Grove,E01019432,Amber Valley 008C,Violence and sexual offences,Investigation complete; no suspect identified,
c889e543e223f912f98e26c9253c5ad4c4f9fb2adad43a8fb9bfde54c49b71b0,2021-06,Derbyshire Constabulary,Derbyshire Constabulary,-1.375740,53.029537,On or near Springfield Avenue,E01019432,Amber Valley 008C,Violence and sexual offences,Investigation complete; no suspect identified,
463996d7cea49fb5e426e9ee050d96ad9a3e914dca1a3cfb529252c2a3fe7b31,2021-06,Derbyshire Constabulary,Derbyshire Constabulary,-1.372630,53.023938,On or near Groome Avenue,E01019432,Amber Valley 008C,Violence and sexual offences,Unable to prosecute suspect,
463996d7cea49fb5e426e9ee050d96ad9a3e914dca1a3cfb529252c2a3fe7b31,2021-06,Derbyshire Constabulary,Derbyshire Constabulary,-1.369334,53.023993,On or near Birchwood,E01019432,Amber Valley 008C,Violence and sexual offences,Status update unavailable,
e6a2002ca682cd2080f9fd7b3cc197eb45e0831faf89d871c2bf4ffd4a87044e,2021-06,Derbyshire Constabulary,Derbyshire Constabulary,-1.370565,53.027550,On or near Kirkman Road,E01019432,Amber Valley 008C,Violence and sexual offences,Unable to prosecute suspect,
d5bbbf7748e81709a0cce5eb1b58826177318b28443606043fada676ac936842,2021-06,Derbyshire Constabulary,Derbyshire Constabulary,-1.368394,53.027116,On or near Clayton Grove,E01019432,Amber Valley 008C,Violence and sexual offences,Unable to prosecute suspect,
9fc72780de15bfa5fab0a4e755216958a5834f658d7068294371f48d2b224323,2021-06,Derbyshire Constabulary,Derbyshire Constabulary,-1.370565,53.027550,On or near Kirkman Road,E01019432,Amber Valley 008C,Violence and sexual offences,Unable to prosecute suspect,
8db8848020654758d4a47a2452aeb3bab0fdade5f142424e72cc33c85ca8127f,2021-06,Derbyshire Constabulary,Derbyshire Constabulary,-1.377236,53.025050,On or near Loscoe-Denby Lane,E01019432,Amber Valley 008C,Other crime,Status update unavailable,
,2021-06,Derbyshire Constabulary,Derbyshire Constabulary,-1.406852,53.049580,On or near High Street,E01019458,Amber Valley 008D,Anti-social behaviour,,
,2021-06,Derbyshire Constabulary,Derbyshire Constabulary,-1.399081,53.043096,On or near Greenhill Avenue,E01019458,Amber Valley 008D,Anti-social behaviour,,
,2021-06,Derbyshire Constabulary,Derbyshire Constabulary,-1.402270,53.049737,On or near Beighton Street,E01019458,Amber Valley 008D,Anti-social behaviour,,
,2021-06,Derbyshire Constabulary,Derbyshire Constabulary,-1.404527,53.045074,On or near Providence Street,E01019458,Amber Valley 008D,Anti-social behaviour,,
,2021-06,Derbyshire Constabulary,Derbyshire Constabulary,-1.403397,53.049195,On or near Wellington Street,E01019458,Amber Valley 008D,Anti-social behaviour,,
,2021-06,Derbyshire Constabulary,Derbyshire Constabulary,-1.405856,53.049306,On or near Well Street,E01019458,Amber Valley 008D,Anti-social behaviour,,
,2021-06,Derbyshire Constabulary,Derbyshire Constabulary,-1.406852,53.049580,On or near High Street,E01019458,Amber Valley 008D,Anti-social behaviour,,
,2021-06,Derbyshire Constabulary,Derbyshire Constabulary,-1.403397,53.049195,On or near Wellington Street,E01019458,Amber Valley 008D,Anti-social behaviour,,
,2021-06,Derbyshire Constabulary,Derbyshire Constabulary,-1.403397,53.049195,On or near Wellington Street,E01019458,Amber Valley 008D,Anti-social behaviour,,
,2021-06,Derbyshire Constabulary,Derbyshire Constabulary,-1.406028,53.050952,On or near Church Street,E01019458,Amber Valley 008D,Anti-social behaviour,,
,2021-06,Derbyshire Constabulary,Derbyshire Constabulary,-1.405856,53.049306,On or near Well Street,E01019458,Amber Valley 008D,Anti-social behaviour,,
,2021-06,Derbyshire Constabulary,Derbyshire Constabulary,-1.403799,53.050302,On or near New Street,E01019458,Amber Valley 008D,Anti-social behaviour,,
,2021-06,Derbyshire Constabulary,Derbyshire Constabulary,-1.406852,53.049580,On or near High Street,E01019458,Amber Valley 008D,Anti-social behaviour,,
,2021-06,Derbyshire Constabulary,Derbyshire Constabulary,-1.403397,53.049195,On or near Wellington Street,E01019458,Amber Valley 008D,Anti-social behaviour,,
,2021-06,Derbyshire Constabulary,Derbyshire Constabulary,-1.403397,53.049195,On or near Wellington Street,E01019458,Amber Valley 008D,Anti-social behaviour,,
,2021-06,Derbyshire Constabulary,Derbyshire Constabulary,-1.406852,53.049580,On or near High Street,E01019458,Amber Valley 008D,Anti-social behaviour,,
,2021-06,Derbyshire Constabulary,Derbyshire Constabulary,-1.406852,53.049580,On or near High Street,E01019458,Amber Valley 008D,Anti-social behaviour,,
,2021-06,Derbyshire Constabulary,Derbyshire Constabulary,-1.405401,53.050966,On or near Nightclub,E01019458,Amber Valley 008D,Anti-social behaviour,,
,2021-06,Derbyshire Constabulary,Derbyshire Constabulary,-1.406852,53.049580,On or near High Street,E01019458,Amber Valley 008D,Anti-social behaviour,,
,2021-06,Derbyshire Constabulary,Derbyshire Constabulary,-1.405410,53.050283,On or near Grosvenor Road,E01019458,Amber Valley 008D,Anti-social behaviour,,
,2021-06,Derbyshire Constabulary,Derbyshire Constabulary,-1.403799,53.050302,On or near New Street,E01019458,Amber Valley 008D,Anti-social behaviour,,
,2021-06,Derbyshire Constabulary,Derbyshire Constabulary,-1.405401,53.050966,On or near Nightclub,E01019458,Amber Valley 008D,Anti-social behaviour,,
a5511887974753c5ee5b9922f9376d5e04d94b8c4be56fb7e3527bcb0c9800d0,2021-06,Derbyshire Constabulary,Derbyshire Constabulary,-1.406852,53.049580,On or near High Street,E01019458,Amber Valley 008D,Criminal damage and arson,Unable to prosecute suspect,
a19869c24483ad5441dc3b6f23e60811794f372624c3eb856ecb8cfc6d58c3dd,2021-06,Derbyshire Constabulary,Derbyshire Constabulary,-1.404561,53.048041,On or near Heath Road,E01019458,Amber Valley 008D,Criminal damage and arson,Investigation complete; no suspect identified,
907bbae1575d7c23308fe256bf74b975689d33aeebbcdebd8cf78e1a0a6997ba,2021-06,Derbyshire Constabulary,Derbyshire Constabulary,-1.405410,53.050283,On or near Grosvenor Road,E01019458,Amber Valley 008D,Criminal damage and arson,Investigation complete; no suspect identified,
59545af925e03796c1dfab4dd5840a37fb6b1f6cf5bcfc3cd0d50ba08fbb8999,2021-06,Derbyshire Constabulary,Derbyshire Constabulary,-1.405401,53.050966,On or near Nightclub,E01019458,Amber Valley 008D,Criminal damage and arson,Investigation complete; no suspect identified,
bfc299f9cec1cd0a46f26e471c2320621ae6c118b7a533ff20f2cbaa7bb77f46,2021-06,Derbyshire Constabulary,Derbyshire Constabulary,-1.403480,53.047496,On or near Manvers Street,E01019458,Amber Valley 008D,Criminal damage and arson,Local resolution,
c193a130bbc35ea6cd795ae8f97234952857fd6149b47cb3712dd3d4d7538d4d,2021-06,Derbyshire Constabulary,Derbyshire Constabulary,-1.404561,53.048041,On or near Heath Road,E01019458,Amber Valley 008D,Criminal damage and arson,Investigation complete; no suspect identified,
7ccfc60fcde77f95530a993d20a6d67cf7269fcd0d7be760f0bdab921be4c1d3,2021-06,Derbyshire Constabulary,Derbyshire Constabulary,-1.398152,53.042336,On or near Peasehill Road,E01019458,Amber Valley 008D,Criminal damage and arson,Investigation complete; no suspect identified,
e981afc7070934f48960bc5dd66efbe540b82d4b11c258c9c86006b94ab0c74b,2021-06,Derbyshire Constabulary,Derbyshire Constabulary,-1.402270,53.049737,On or near Beighton Street,E01019458,Amber Valley 008D,Drugs,Formal action is not in the public interest,
7958598e9bfd4f18b1ef4ef45673dbf91a2e525ff75f7c53d5726b3998135d80,2021-06,Derbyshire Constabulary,Derbyshire Constabulary,-1.405856,53.049306,On or near Well Street,E01019458,Amber Valley 008D,Other theft,Investigation complete; no suspect identified,
0c71346c8a7712503fa5b196725ec936b0639315549c1900985a9e20ffe21093,2021-06,Derbyshire Constabulary,Derbyshire Constabulary,-1.404527,53.045074,On or near Providence Street,E01019458,Amber Valley 008D,Other theft,Investigation complete; no suspect identified,
bb41b2f8e0dbae517f4249197c90c6e2dfcfa3326a58ca3475d23042b03cfd11,2021-06,Derbyshire Constabulary,Derbyshire Constabulary,-1.404834,53.045561,On or near Weavers Croft,E01019458,Amber Valley 008D,Public order,Status update unavailable,
b57db58981ace56802a9e6ac5baf20204d0700ff4f2931f18ef3cbc7ac97f7f7,2021-06,Derbyshire Constabulary,Derbyshire Constabulary,-1.406389,53.050711,On or near Shopping Area,E01019458,Amber Valley 008D,Public order,Status update unavailable,
ab945d0f1c164b385dbdfe4d33fe09c3ba7275309130040ce4c1d90b07a9f857,2021-06,Derbyshire Constabulary,Derbyshire Constabulary,-1.405410,53.050283,On or near Grosvenor Road,E01019458,Amber Valley 008D,Public order,Unable to prosecute suspect,
c67d3b1ebb17df6b83eb2897b7f574c225dbba495c18d2ade2e30299cbff6736,2021-06,Derbyshire Constabulary,Derbyshire Constabulary,-1.405410,53.050283,On or near Grosvenor Road,E01019458,Amber Valley 008D,Public order,Status update unavailable,
33f20ca41d67a2eb04e6324add92e9662c9d597dad45de464d65f3758866e24d,2021-06,Derbyshire Constabulary,Derbyshire Constabulary,-1.406852,53.049580,On or near High Street,E01019458,Amber Valley 008D,Public order,Further investigation is not in the public interest,
64b152b2b2916a927fc84e7c36b563d44229af78950f6d9e413392832bd65ef3,2021-06,Derbyshire Constabulary,Derbyshire Constabulary,-1.405410,53.050283,On or near Grosvenor Road,E01019458,Amber Valley 008D,Public order,Investigation complete; no suspect identified,
c67d3b1ebb17df6b83eb2897b7f574c225dbba495c18d2ade2e30299cbff6736,2021-06,Derbyshire Constabulary,Derbyshire Constabulary,-1.406852,53.049580,On or near High Street,E01019458,Amber Valley 008D,Public order,Unable to prosecute suspect,
9320ddc51f777f9febb28e6dc6ca04ad6e6ba908adc2a8810145e74c36af6dc7,2021-06,Derbyshire Constabulary,Derbyshire Constabulary,-1.404834,53.045561,On or near Weavers Croft,E01019458,Amber Valley 008D,Public order,Action to be taken by another organisation,
023cf8ec729ff72c8c96453fd0dd3995ad02c03ac4dc11552b3df005a6781083,2021-06,Derbyshire Constabulary,Derbyshire Constabulary,-1.406028,53.050952,On or near Church Street,E01019458,Amber Valley 008D,Public order,Investigation complete; no suspect identified,
864da7e36c62101fe1e9063be99a0b505aff83685d056451f188484f38056afe,2021-06,Derbyshire Constabulary,Derbyshire Constabulary,-1.405856,53.049306,On or near Well Street,E01019458,Amber Valley 008D,Robbery,Unable to prosecute suspect,
64c1de197f688ece1e64e43007e0463526c92c5ffc87374dce15403b65c495d8,2021-06,Derbyshire Constabulary,Derbyshire Constabulary,-1.406852,53.049580,On or near High Street,E01019458,Amber Valley 008D,Robbery,Status update unavailable,
3775ed950178ceee4e2e99fd435900af60070192ab0bb0ebfcfd57499c077585,2021-06,Derbyshire Constabulary,Derbyshire Constabulary,-1.406389,53.050711,On or near Shopping Area,E01019458,Amber Valley 008D,Shoplifting,Investigation complete; no suspect identified,
072a37cfbbe99c4eb3f5fbfa6d089361e095f471733e90d201d641018844228d,2021-06,Derbyshire Constabulary,Derbyshire Constabulary,-1.405410,53.050283,On or near Grosvenor Road,E01019458,Amber Valley 008D,Shoplifting,Investigation complete; no suspect identified,
2356b9b367f2bf5db0afdbb36773f14565f075f66b74279c97f11e543fabf59c,2021-06,Derbyshire Constabulary,Derbyshire Constabulary,-1.406028,53.050952,On or near Church Street,E01019458,Amber Valley 008D,Shoplifting,Local resolution,
a34c5190fbe0b9a029e44c123448e33e486344b791efb4452b292e5b40967c09,2021-06,Derbyshire Constabulary,Derbyshire Constabulary,-1.406852,53.049580,On or near High Street,E01019458,Amber Valley 008D,Violence and sexual offences,Unable to prosecute suspect,
c471d103b8de959b9c3393c987cac8d52fc77a2b5800feb86750db44d1bf6e33,2021-06,Derbyshire Constabulary,Derbyshire Constabulary,-1.402270,53.049737,On or near Beighton Street,E01019458,Amber Valley 008D,Violence and sexual offences,Awaiting court outcome,
6007b729b40827505f1426f70281a2ad84248e651e29a118226f74abec3d7592,2021-06,Derbyshire Constabulary,Derbyshire Constabulary,-1.405410,53.050283,On or near Grosvenor Road,E01019458,Amber Valley 008D,Violence and sexual offences,Unable to prosecute suspect,
cd7b6e7b0ab428e33c93289d68050682cf4e5efbd1c5d263f7846ad9e756f856,2021-06,Derbyshire Constabulary,Derbyshire Constabulary,-1.405401,53.050966,On or near Nightclub,E01019458,Amber Valley 008D,Violence and sexual offences,Unable to prosecute suspect,
122df3f5cd2c14e8114b011a1e7d8102065530dece94fbec27cdcd4cc6920390,2021-06,Derbyshire Constabulary,Derbyshire Constabulary,-1.405401,53.050966,On or near Nightclub,E01019458,Amber Valley 008D,Violence and sexual offences,Unable to prosecute suspect,
1ed9cf6d4dbef42087dae2779b602d65e9bf90126541413ae95b4198330f5d4e,2021-06,Derbyshire Constabulary,Derbyshire Constabulary,-1.405410,53.050283,On or near Grosvenor Road,E01019458,Amber Valley 008D,Violence and sexual offences,Unable to prosecute suspect,
39960276be271eafb72d6c692c0c22bcd9ab6ff9f49c0437202af2e6ab58bb5a,2021-06,Derbyshire Constabulary,Derbyshire Constabulary,-1.401954,53.042382,On or near Priory Way,E01019458,Amber Valley 008D,Violence and sexual offences,Status update unavailable,
cb11eb38f9f50d115a6ba88345ffc946208a3da9c5e2da6655f268bcc84ac842,2021-06,Derbyshire Constabulary,Derbyshire Constabulary,-1.403714,53.042364,On or near Church Farm Road,E01019458,Amber Valley 008D,Violence and sexual offences,Status update unavailable,
0bdb641ab3e2087181946e95f1b0d4d396c5fd3faedf378f238c8ee18ed1115d,2021-06,Derbyshire Constabulary,Derbyshire Constabulary,-1.405856,53.049306,On or near Well Street,E01019458,Amber Valley 008D,Violence and sexual offences,Unable to prosecute suspect,
1559015f09961477555613e60b6e09a61a0d34e8449cb6bf65e4cb2f38163749,2021-06,Derbyshire Constabulary,Derbyshire Constabulary,-1.399081,53.043096,On or near Greenhill Avenue,E01019458,Amber Valley 008D,Violence and sexual offences,Unable to prosecute suspect,
04e886f5ae4d7e13d987b6a11650626cd96cf8d10853841c423df284f45f2bbf,2021-06,Derbyshire Constabulary,Derbyshire Constabulary,-1.402270,53.049737,On or near Beighton Street,E01019458,Amber Valley 008D,Violence and sexual offences,Awaiting court outcome,
663f74afc95170765c694d85f5942ba00081ed5f293e7a2328b9b4dd9b2ee8e8,2021-06,Derbyshire Constabulary,Derbyshire Constabulary,-1.402270,53.049737,On or near Beighton Street,E01019458,Amber Valley 008D,Violence and sexual offences,Awaiting court outcome,
c071e030cf5e8f08440541114e4077b865f27a248fc2dec9a89a2a28f3460422,2021-06,Derbyshire Constabulary,Derbyshire Constabulary,-1.402173,53.042707,On or near Bishops Close,E01019458,Amber Valley 008D,Violence and sexual offences,Unable to prosecute suspect,
ba9b0d968f4386b246f5928a21b07e81397c07aa28129cc111ee99dc70d3a8ab,2021-06,Derbyshire Constabulary,Derbyshire Constabulary,-1.402270,53.049737,On or near Beighton Street,E01019458,Amber Valley 008D,Violence and sexual offences,Unable to prosecute suspect,
c4743610b470e98d8e7ce2dd2971998afd7c799098bce5f38db7911602937d9f,2021-06,Derbyshire Constabulary,Derbyshire Constabulary,-1.406852,53.049580,On or near High Street,E01019458,Amber Valley 008D,Violence and sexual offences,Unable to prosecute suspect,
f0252af702d97d39d23cc0d29de2660bcdb0860caa18784fd385023c8cb83ebb,2021-06,Derbyshire Constabulary,Derbyshire Constabulary,-1.398152,53.042336,On or near Peasehill Road,E01019458,Amber Valley 008D,Violence and sexual offences,Status update unavailable,
2b93fd66d2b759e86c339f34ec52d3d9cb5668e5ca251505081655f6b6a60397,2021-06,Derbyshire Constabulary,Derbyshire Constabulary,-1.405410,53.050283,On or near Grosvenor Road,E01019458,Amber Valley 008D,Violence and sexual offences,Investigation complete; no suspect identified,
972ad3610a08573f95083a7c5d68cac6f17fd31092e4263f0401b8a93d329dec,2021-06,Derbyshire Constabulary,Derbyshire Constabulary,-1.404527,53.045074,On or near Providence Street,E01019458,Amber Valley 008D,Violence and sexual offences,Unable to prosecute suspect,
b457e01ba78317ea8fccdfe4115adbe05e53193465c43d513396cc0920bb52b2,2021-06,Derbyshire Constabulary,Derbyshire Constabulary,-1.405856,53.049306,On or near Well Street,E01019458,Amber Valley 008D,Violence and sexual offences,Unable to prosecute suspect,
69ebfe7b1acdb0a8a20ff3f3e7d5ebdee0d8778845cc3a8d96b137131264fa60,2021-06,Derbyshire Constabulary,Derbyshire Constabulary,-1.406852,53.049580,On or near High Street,E01019458,Amber Valley 008D,Violence and sexual offences,Unable to prosecute suspect,
58288d9b3c1bfb9b7a6269ab4a8e18345546a444fee7d8f9d82ea92551937204,2021-06,Derbyshire Constabulary,Derbyshire Constabulary,-1.403480,53.047496,On or near Manvers Street,E01019458,Amber Valley 008D,Other crime,Further investigation is not in the public interest,
,2021-06,Derbyshire Constabulary,Derbyshire Constabulary,-1.398973,53.052993,On or near Fletcher Street,E01019459,Amber Valley 008E,Anti-social behaviour,,
,2021-06,Derbyshire Constabulary,Derbyshire Constabulary,-1.400888,53.050413,On or near Newlands Close,E01019459,Amber Valley 008E,Anti-social behaviour,,
,2021-06,Derbyshire Constabulary,Derbyshire Constabulary,-1.395244,53.047580,On or near Wright Avenue,E01019459,Amber Valley 008E,Anti-social behaviour,,
,2021-06,Derbyshire Constabulary,Derbyshire Constabulary,-1.401814,53.047119,On or near Clumber Close,E01019459,Amber Valley 008E,Anti-social behaviour,,
,2021-06,Derbyshire Constabulary,Derbyshire Constabulary,-1.393281,53.047175,On or near Reynolds Avenue,E01019459,Amber Valley 008E,Anti-social behaviour,,
,2021-06,Derbyshire Constabulary,Derbyshire Constabulary,-1.399654,53.051216,On or near Nottingham Road,E01019459,Amber Valley 008E,Anti-social behaviour,,
,2021-06,Derbyshire Constabulary,Derbyshire Constabulary,-1.395244,53.047580,On or near Wright Avenue,E01019459,Amber Valley 008E,Anti-social behaviour,,
,2021-06,Derbyshire Constabulary,Derbyshire Constabulary,-1.398973,53.052993,On or near Fletcher Street,E01019459,Amber Valley 008E,Anti-social behaviour,,
f9f9a0382468b0c7b151d8fba70e4c0df90b1ce597495ff04fb14f457455d763,2021-06,Derbyshire Constabulary,Derbyshire Constabulary,-1.399654,53.051216,On or near Nottingham Road,E01019459,Amber Valley 008E,Criminal damage and arson,Awaiting court outcome,
d92f4194092872fcd560b7ddde71dbae1ac150bdb3f8c0090026a9317245ceb8,2021-06,Derbyshire Constabulary,Derbyshire Constabulary,-1.396091,53.046758,On or near Mill Hill Close,E01019459,Amber Valley 008E,Criminal damage and arson,Unable to prosecute suspect,
f0e7c98763a39476bfde4d6f9213b79b62bca5f22d3853b8485b013a56659be8,2021-06,Derbyshire Constabulary,Derbyshire Constabulary,-1.397253,53.047932,On or near Lamb Crescent,E01019459,Amber Valley 008E,Criminal damage and arson,Unable to prosecute suspect,
2e4902576cba24d35e334f9f78327415b92f4be5cdbb309a3bdb549a9342ba83,2021-06,Derbyshire Constabulary,Derbyshire Constabulary,-1.396091,53.046758,On or near Mill Hill Close,E01019459,Amber Valley 008E,Other theft,Unable to prosecute suspect,
f5feb40f1fa7287ed583f2649fa01f7a531ca697631e45f68a4bd110b7f75dad,2021-06,Derbyshire Constabulary,Derbyshire Constabulary,-1.399654,53.051216,On or near Nottingham Road,E01019459,Amber Valley 008E,Other theft,Status update unavailable,
adfa812528d14837f4bca6ff1c6678b143d6bd8d61a121605dff512d35283299,2021-06,Derbyshire Constabulary,Derbyshire Constabulary,-1.400888,53.050413,On or near Newlands Close,E01019459,Amber Valley 008E,Public order,Awaiting court outcome,
510ba4b22545bd36cd6170174b213c34fc7cbc26dddecfd3b0060380227fa08b,2021-06,Derbyshire Constabulary,Derbyshire Constabulary,-1.398973,53.052993,On or near Fletcher Street,E01019459,Amber Valley 008E,Shoplifting,Investigation complete; no suspect identified,
f524ffb56d3ccbea6f21ec1285563cd8f811790915a5ee081d2c9c9318228da1,2021-06,Derbyshire Constabulary,Derbyshire Constabulary,-1.395244,53.047580,On or near Wright Avenue,E01019459,Amber Valley 008E,Vehicle crime,Unable to prosecute suspect,
11b6977e1e8bee62215f3a4f392ad7cedf24979a19bf6372745367bbdabd7ac7,2021-06,Derbyshire Constabulary,Derbyshire Constabulary,-1.399654,53.051216,On or near Nottingham Road,E01019459,Amber Valley 008E,Violence and sexual offences,Awaiting court outcome,
ea51dea473a6b8bb81511737e86c9ac534bda75c70e30466eee74df2116dd3d7,2021-06,Derbyshire Constabulary,Derbyshire Constabulary,-1.398973,53.052993,On or near Fletcher Street,E01019459,Amber Valley 008E,Violence and sexual offences,Unable to prosecute suspect,
394106243e2db0543061b44a66191f1c9db7462cfba7450176d79f44c9a5c7c9,2021-06,Derbyshire Constabulary,Derbyshire Constabulary,-1.398973,53.052993,On or near Fletcher Street,E01019459,Amber Valley 008E,Violence and sexual offences,Status update unavailable,
ca4a590321bfe780ca3a31ca4addc6cc490dc8a3980d5a1bce940a950b5c6ed5,2021-06,Derbyshire Constabulary,Derbyshire Constabulary,-1.396091,53.046758,On or near Mill Hill Close,E01019459,Amber Valley 008E,Violence and sexual offences,Unable to prosecute suspect,
b1e7a8cb4acf33caa238e03a64107eb3fec3b9f3ff12a42ec518c291c818566b,2021-06,Derbyshire Constabulary,Derbyshire Constabulary,-1.396091,53.046758,On or near Mill Hill Close,E01019459,Amber Valley 008E,Violence and sexual offences,Unable to prosecute suspect,
fb597fda9523a8bc978bae2fb837ca0d67efed78870143edc390b20678eb0a30,2021-06,Derbyshire Constabulary,Derbyshire Constabulary,-1.396091,53.046758,On or near Mill Hill Close,E01019459,Amber Valley 008E,Violence and sexual offences,Unable to prosecute suspect,
08a667a164abcfa4d4701106b2dd6342c905981eef4bad01ddc3580a03b89cba,2021-06,Derbyshire Constabulary,Derbyshire Constabulary,-1.398973,53.052993,On or near Fletcher Street,E01019459,Amber Valley 008E,Violence and sexual offences,Status update unavailable,
e7e814c10ceb3c6c04729ecfccabc575f0f4b637a8b430888e8de9aa43727aa2,2021-06,Derbyshire Constabulary,Derbyshire Constabulary,-1.400888,53.050413,On or near Newlands Close,E01019459,Amber Valley 008E,Violence and sexual offences,Investigation complete; no suspect identified,
c69c866ec69fb1270c5967db3ed907928f465487609d8c290e84381a242adb68,2021-06,Derbyshire Constabulary,Derbyshire Constabulary,-1.397253,53.047932,On or near Lamb Crescent,E01019459,Amber Valley 008E,Violence and sexual offences,Unable to prosecute suspect,
5c432a271645bcbf1b88fbed470160d323b87b6a1b076ae6f3f9323b1ee5e0b2,2021-06,Derbyshire Constabulary,Derbyshire Constabulary,-1.398198,53.047532,On or near Fearn Avenue,E01019459,Amber Valley 008E,Violence and sexual offences,Unable to prosecute suspect,
192269d2ab4c9d845a43b63869bcaa6abc7b554acd28f4b1b1ebc493cf8320ef,2021-06,Derbyshire Constabulary,Derbyshire Constabulary,-1.393281,53.047175,On or near Reynolds Avenue,E01019459,Amber Valley 008E,Violence and sexual offences,Status update unavailable,
0fbf11a4aab5db0d9b870fbf7e9a9bbe6640260bab89528a616e157f8abd5281,2021-06,Derbyshire Constabulary,Derbyshire Constabulary,-1.398973,53.052993,On or near Fletcher Street,E01019459,Amber Valley 008E,Violence and sexual offences,Unable to prosecute suspect,
,2021-06,Derbyshire Constabulary,Derbyshire Constabulary,-1.407193,53.044332,On or near Rowan Avenue,E01019463,Amber Valley 008F,Anti-social behaviour,,
,2021-06,Derbyshire Constabulary,Derbyshire Constabulary,-1.407888,53.043644,On or near Hawthorn Avenue,E01019463,Amber Valley 008F,Anti-social behaviour,,
,2021-06,Derbyshire Constabulary,Derbyshire Constabulary,-1.409174,53.044540,On or near Poplar Avenue,E01019463,Amber Valley 008F,Anti-social behaviour,,
1ccf2afd8c2bb551baa816f19f3da06840d571e1c52aaa4796975b6c97a2a9f3,2021-06,Derbyshire Constabulary,Derbyshire Constabulary,-1.409107,53.041744,On or near Ash Crescent,E01019463,Amber Valley 008F,Criminal damage and arson,Investigation complete; no suspect identified,
181c7f0c4d66163cb11cec138b76b0b3f8aecb23cc6b1832720a2c56c5afae4f,2021-06,Derbyshire Constabulary,Derbyshire Constabulary,-1.409802,53.041100,On or near Willow Avenue,E01019463,Amber Valley 008F,Criminal damage and arson,Local resolution,
8daf1812107d16580fef8d415ed95881c28ac46ad33e5546ed4404f52db46467,2021-06,Derbyshire Constabulary,Derbyshire Constabulary,-1.410348,53.042640,On or near Pear Tree Avenue,E01019463,Amber Valley 008F,Criminal damage and arson,Investigation complete; no suspect identified,
4461782c9d474c374480897664483c01bd8d4452e845801a3273744d34e1cc11,2021-06,Derbyshire Constabulary,Derbyshire Constabulary,-1.408442,53.046757,On or near Larch Avenue,E01019463,Amber Valley 008F,Criminal damage and arson,Unable to prosecute suspect,
f91c18229ee3003d594d44fef615c762247f32a93de7a7c71b2f361c580fbd0e,2021-06,Derbyshire Constabulary,Derbyshire Constabulary,-1.409802,53.041100,On or near Willow Avenue,E01019463,Amber Valley 008F,Criminal damage and arson,Investigation complete; no suspect identified,
0cd9ecee3608961167988d8ee0736c2207fb159c831da7058ca52466ad8ea12a,2021-06,Derbyshire Constabulary,Derbyshire Constabulary,-1.409107,53.041744,On or near Ash Crescent,E01019463,Amber Valley 008F,Drugs,Status update unavailable,
16c2b5915454038119f942cb569af5b7b005b3858273a47cfe036ecae31c387e,2021-06,Derbyshire Constabulary,Derbyshire Constabulary,-1.409107,53.041744,On or near Ash Crescent,E01019463,Amber Valley 008F,Drugs,Status update unavailable,
dccd20998c48e7bd518c599543c825e150d80b06c084dc2ad046cfe24a8535e8,2021-06,Derbyshire Constabulary,Derbyshire Constabulary,-1.412422,53.043648,On or near Kirk Close,E01019463,Amber Valley 008F,Other theft,Investigation complete; no suspect identified,
e770ca80b9611a12c61243c013bc6d8a7d2946b451b48a2b9f9c12e1e12401ab,2021-06,Derbyshire Constabulary,Derbyshire Constabulary,-1.410348,53.042640,On or near Pear Tree Avenue,E01019463,Amber Valley 008F,Other theft,Unable to prosecute suspect,
66b4a36619c8545b0935c584681453687c7e374f7dba40cdd5699d5c6c6b67f6,2021-06,Derbyshire Constabulary,Derbyshire Constabulary,-1.409802,53.041100,On or near Willow Avenue,E01019463,Amber Valley 008F,Public order,Unable to prosecute suspect,
3b2208eb454457f6547512b38ad60b386866e7aff90ca431c8801914ca75941e,2021-06,Derbyshire Constabulary,Derbyshire Constabulary,-1.413046,53.043831,On or near Hazeltree Close,E01019463,Amber Valley 008F,Violence and sexual offences,Unable to prosecute suspect,
5cb3fd05d9467a96d4cf00141c116a8852d2d08d831f05002f3af241c523b2e3,2021-06,Derbyshire Constabulary,Derbyshire Constabulary,-1.413046,53.043831,On or near Hazeltree Close,E01019463,Amber Valley 008F,Violence and sexual offences,Unable to prosecute suspect,
e1bc111cdecc61dd0400e3f7fa3d653325e3512a9bd858aaa89753bf5345405e,2021-06,Derbyshire Constabulary,Derbyshire Constabulary,-1.410348,53.042640,On or near Pear Tree Avenue,E01019463,Amber Valley 008F,Violence and sexual offences,Local resolution,
845f2df87f7c14dd900d3d25a1c39daab88b57cebcbd723f9d991c3140469d1b,2021-06,Derbyshire Constabulary,Derbyshire Constabulary,-1.410348,53.042640,On or near Pear Tree Avenue,E01019463,Amber Valley 008F,Violence and sexual offences,Status update unavailable,
b713fa175803f416c43c2170184792ee83a34a6185dbc33db93c643df3c84caf,2021-06,Derbyshire Constabulary,Derbyshire Constabulary,-1.409107,53.041744,On or near Ash Crescent,E01019463,Amber Valley 008F,Violence and sexual offences,Status update unavailable,
f10378770b9459a46224e3ac686e6315f0ac65ff60fc99c5aaed8059be7bff81,2021-06,Derbyshire Constabulary,Derbyshire Constabulary,-1.407888,53.043644,On or near Hawthorn Avenue,E01019463,Amber Valley 008F,Violence and sexual offences,Status update unavailable,
7834ba68f7dc318c25db9d6bb3f5f4c23aeaf3df88ad651aad8958c36fab213b,2021-06,Derbyshire Constabulary,Derbyshire Constabulary,-1.407847,53.046673,On or near Cedar Avenue,E01019463,Amber Valley 008F,Violence and sexual offences,Unable to prosecute suspect,
06660b71243a37856d37fad496a01594c7f9ca1a8b348621817ae47f7d698743,2021-06,Derbyshire Constabulary,Derbyshire Constabulary,-1.409174,53.044540,On or near Poplar Avenue,E01019463,Amber Valley 008F,Violence and sexual offences,Unable to prosecute suspect,
38e69b1c80dbcfff719593cfb84189c722a330996c15554fe403a1dda2869284,2021-06,Derbyshire Constabulary,Derbyshire Constabulary,-1.409802,53.041100,On or near Willow Avenue,E01019463,Amber Valley 008F,Violence and sexual offences,Unable to prosecute suspect,
564dba2ca57c8921b7e1b037c8d57a5b26dc547098462d4cc36f7d1f1412a6ce,2021-06,Derbyshire Constabulary,Derbyshire Constabulary,-1.410785,53.045591,On or near Birch Close,E01019463,Amber Valley 008F,Other crime,Status update unavailable,
93caf521f8ef2b8ba74cf488c130f5e6ce25e077e25f37bb21af14ea339fe991,2021-06,Derbyshire Constabulary,Derbyshire Constabulary,-1.409107,53.041744,On or near Ash Crescent,E01019463,Amber Valley 008F,Other crime,Status update unavailable,
,2021-06,Derbyshire Constabulary,Derbyshire Constabulary,-1.465743,53.026982,On or near Spencer Road,E01019408,Amber Valley 009A,Anti-social behaviour,,
,2021-06,Derbyshire Constabulary,Derbyshire Constabulary,-1.471261,53.028112,On or near Marsh Lane,E01019408,Amber Valley 009A,Anti-social behaviour,,
f4c619411e47876bc86e26d3f6ce2e9040a5511aa4ba2fef8be4ea9b2520afd3,2021-06,Derbyshire Constabulary,Derbyshire Constabulary,-1.463763,53.025535,On or near Bullsmoor,E01019408,Amber Valley 009A,Criminal damage and arson,Investigation complete; no suspect identified,
5ab9e105ce3ff2a87f85c37e8f5a9aee166fbffd7a1f4a69f5a2b6c062821222,2021-06,Derbyshire Constabulary,Derbyshire Constabulary,-1.471261,53.028112,On or near Marsh Lane,E01019408,Amber Valley 009A,Public order,Status update unavailable,
34748dc1cfe06215f0b2d9e4f994807b1fe4e6c66de90ace2e9806a09289b348,2021-06,Derbyshire Constabulary,Derbyshire Constabulary,-1.466934,53.027086,On or near Marsh Lane Crescent,E01019408,Amber Valley 009A,Violence and sexual offences,Unable to prosecute suspect,
e605419e1998c9f509db4baf301450fe8f6e91428b38d8c5af908bc038e79e60,2021-06,Derbyshire Constabulary,Derbyshire Constabulary,-1.466934,53.027086,On or near Marsh Lane Crescent,E01019408,Amber Valley 009A,Violence and sexual offences,Unable to prosecute suspect,
d21f3cb3520589a9c6f771f367240653a9f93e744827c76dfd49c6ded0e0c78a,2021-06,Derbyshire Constabulary,Derbyshire Constabulary,-1.466934,53.027086,On or near Marsh Lane Crescent,E01019408,Amber Valley 009A,Violence and sexual offences,Unable to prosecute suspect,
744e1bf784913e78fcb7cfd57193bf8798a1d21a0a0aad868a80578f76d96c8d,2021-06,Derbyshire Constabulary,Derbyshire Constabulary,-1.466934,53.027086,On or near Marsh Lane Crescent,E01019408,Amber Valley 009A,Violence and sexual offences,Unable to prosecute suspect,
8aa60b9c6c0d561cc1d747bdb23486aaf9cb980d91437fc97d995e5de0937990,2021-06,Derbyshire Constabulary,Derbyshire Constabulary,-1.466934,53.027086,On or near Marsh Lane Crescent,E01019408,Amber Valley 009A,Violence and sexual offences,Unable to prosecute suspect,
,2021-06,Derbyshire Constabulary,Derbyshire Constabulary,-1.463241,53.026746,On or near Petrol Station,E01019409,Amber Valley 009B,Anti-social behaviour,,
,2021-06,Derbyshire Constabulary,Derbyshire Constabulary,-1.463241,53.026746,On or near Petrol Station,E01019409,Amber Valley 009B,Anti-social behaviour,,
,2021-06,Derbyshire Constabulary,Derbyshire Constabulary,-1.463241,53.026746,On or near Petrol Station,E01019409,Amber Valley 009B,Anti-social behaviour,,
,2021-06,Derbyshire Constabulary,Derbyshire Constabulary,-1.464674,53.026617,On or near Short Street,E01019409,Amber Valley 009B,Anti-social behaviour,,
59e85a1e5b0aadcbffd85683cb910a1874db3b0e2fde4446fc5d6eff0f274fe3,2021-06,Derbyshire Constabulary,Derbyshire Constabulary,-1.466517,53.031920,On or near Applewood Close,E01019409,Amber Valley 009B,Burglary,Investigation complete; no suspect identified,
7e1a3a43e85253fd8c58dd03d757036e9dbd36f1fca2c1db5e5b96f71e6cae74,2021-06,Derbyshire Constabulary,Derbyshire Constabulary,-1.466517,53.031920,On or near Applewood Close,E01019409,Amber Valley 009B,Criminal damage and arson,Investigation complete; no suspect identified,
994eb72430ca056777b07e86734e3ed7ad063446b73fdf700dc4114865aa311e,2021-06,Derbyshire Constabulary,Derbyshire Constabulary,-1.466517,53.031920,On or near Applewood Close,E01019409,Amber Valley 009B,Other theft,Unable to prosecute suspect,
0b4704375ab02a75b8d2825dd9823c3d828a9e69c2879975003cdfa77c805035,2021-06,Derbyshire Constabulary,Derbyshire Constabulary,-1.466517,53.031920,On or near Applewood Close,E01019409,Amber Valley 009B,Violence and sexual offences,Unable to prosecute suspect,
ea1b0533327a8654d89949611bfc7fcbc5e3ad974878f67ec73f03e1e45f3579,2021-06,Derbyshire Constabulary,Derbyshire Constabulary,-1.466517,53.031920,On or near Applewood Close,E01019409,Amber Valley 009B,Violence and sexual offences,Unable to prosecute suspect,
f6df27b6c394f1ba7812363b368531d0b07c416efbe94a463bdc415607ba85e7,2021-06,Derbyshire Constabulary,Derbyshire Constabulary,-1.466517,53.031920,On or near Applewood Close,E01019409,Amber Valley 009B,Violence and sexual offences,Unable to prosecute suspect,
6647033a14026c4008e53056ee300afa6e6d0a83f49173ea223d88f0148d50f6,2021-06,Derbyshire Constabulary,Derbyshire Constabulary,-1.466517,53.031920,On or near Applewood Close,E01019409,Amber Valley 009B,Violence and sexual offences,Status update unavailable,
7d4b5e858dea80bc3344fe6eeed78c7b6772b8d98c564b79ced0b4fe08144d17,2021-06,Derbyshire Constabulary,Derbyshire Constabulary,-1.466517,53.031920,On or near Applewood Close,E01019409,Amber Valley 009B,Violence and sexual offences,Unable to prosecute suspect,
20bd23527430478b29d2cb9894c8cade57fc4c89ab3f59da703a91230d43229f,2021-06,Derbyshire Constabulary,Derbyshire Constabulary,-1.461774,53.029643,On or near Westbury Gardens,E01019409,Amber Valley 009B,Violence and sexual offences,Unable to prosecute suspect,
,2021-06,Derbyshire Constabulary,Derbyshire Constabulary,-1.455123,53.039105,On or near Jackson'S Lane,E01019412,Amber Valley 009C,Anti-social behaviour,,
21d53af526b1dd394af7cfde9d632ff4b6fb9e3f4f7cc3adc91631bab318f54c,2021-06,Derbyshire Constabulary,Derbyshire Constabulary,-1.453958,53.030973,On or near Salisbury Drive,E01019412,Amber Valley 009C,Violence and sexual offences,Unable to prosecute suspect,
8049a81cfbd30528c33b7bc89f041fe6e490e7f612bf46f6687ecbae3c3485eb,2021-06,Derbyshire Constabulary,Derbyshire Constabulary,-1.453958,53.030973,On or near Salisbury Drive,E01019412,Amber Valley 009C,Violence and sexual offences,Unable to prosecute suspect,
,2021-06,Derbyshire Constabulary,Derbyshire Constabulary,-1.461985,53.032997,On or near Pilsley Close,E01019413,Amber Valley 009D,Anti-social behaviour,,
,2021-06,Derbyshire Constabulary,Derbyshire Constabulary,-1.464524,53.033889,On or near Ashford Rise,E01019413,Amber Valley 009D,Anti-social behaviour,,
,2021-06,Derbyshire Constabulary,Derbyshire Constabulary,-1.464395,53.032306,On or near Belgrave Close,E01019413,Amber Valley 009D,Anti-social behaviour,,
09f41f12a8de7628e4f7737bccd00bbacd707a1f9c6c9a6f1d4a1e58a111eb5c,2021-06,Derbyshire Constabulary,Derbyshire Constabulary,-1.462601,53.033835,On or near Newton Close,E01019413,Amber Valley 009D,Burglary,Investigation complete; no suspect identified,
7ad60285ff2c1d506a6e7df2979e757885ab6630763a59ff63ae83c3c14ab99a,2021-06,Derbyshire Constabulary,Derbyshire Constabulary,-1.463360,53.032760,On or near Kingswood Avenue,E01019413,Amber Valley 009D,Violence and sexual offences,Unable to prosecute suspect,
8b9848683f84e20980f9b10dde69b6783b66fe73e4854abab6104e7b6a451d08,2021-06,Derbyshire Constabulary,Derbyshire Constabulary,-1.463360,53.032760,On or near Kingswood Avenue,E01019413,Amber Valley 009D,Violence and sexual offences,Unable to prosecute suspect,
67762f9c44bbb54a485774a8586e6233efc811c9217e9b5fb14b06b3320cafb4,2021-06,Derbyshire Constabulary,Derbyshire Constabulary,-1.464675,53.034959,On or near Findern Close,E01019413,Amber Valley 009D,Violence and sexual offences,Status update unavailable,
,2021-06,Derbyshire Constabulary,Derbyshire Constabulary,-1.473455,53.032778,On or near Bessalone Drive,E01019416,Amber Valley 009E,Anti-social behaviour,,
c3589230eef1b8068923f7054eee82da4cfb3cb6fad56b3159be7ff2fdd5f874,2021-06,Derbyshire Constabulary,Derbyshire Constabulary,-1.471632,53.033076,On or near Laund Close,E01019416,Amber Valley 009E,Burglary,Status update unavailable,
,2021-06,Derbyshire Constabulary,Derbyshire Constabulary,-1.484236,53.022802,On or near Supermarket,E01019407,Amber Valley 010A,Anti-social behaviour,,
,2021-06,Derbyshire Constabulary,Derbyshire Constabulary,-1.486483,53.023208,On or near Derwent Street,E01019407,Amber Valley 010A,Anti-social behaviour,,
,2021-06,Derbyshire Constabulary,Derbyshire Constabulary,-1.476132,53.023522,On or near The Butts,E01019407,Amber Valley 010A,Anti-social behaviour,,
,2021-06,Derbyshire Constabulary,Derbyshire Constabulary,-1.476209,53.023343,On or near The Butts,E01019407,Amber Valley 010A,Anti-social behaviour,,
,2021-06,Derbyshire Constabulary,Derbyshire Constabulary,-1.484341,53.024007,On or near Petrol Station,E01019407,Amber Valley 010A,Anti-social behaviour,,
,2021-06,Derbyshire Constabulary,Derbyshire Constabulary,-1.479991,53.022514,On or near Cheapside,E01019407,Amber Valley 010A,Anti-social behaviour,,
,2021-06,Derbyshire Constabulary,Derbyshire Constabulary,-1.485129,53.025440,On or near Bridge Street,E01019407,Amber Valley 010A,Anti-social behaviour,,
,2021-06,Derbyshire Constabulary,Derbyshire Constabulary,-1.477350,53.023941,On or near Lander Lane,E01019407,Amber Valley 010A,Anti-social behaviour,,
,2021-06,Derbyshire Constabulary,Derbyshire Constabulary,-1.478996,53.023382,On or near Market Head,E01019407,Amber Valley 010A,Anti-social behaviour,,
,2021-06,Derbyshire Constabulary,Derbyshire Constabulary,-1.484341,53.024007,On or near Petrol Station,E01019407,Amber Valley 010A,Anti-social behaviour,,
,2021-06,Derbyshire Constabulary,Derbyshire Constabulary,-1.479991,53.022514,On or near Cheapside,E01019407,Amber Valley 010A,Anti-social behaviour,,
,2021-06,Derbyshire Constabulary,Derbyshire Constabulary,-1.474530,53.024135,On or near Wilmot Road,E01019407,Amber Valley 010A,Anti-social behaviour,,
,2021-06,Derbyshire Constabulary,Derbyshire Constabulary,-1.478746,53.023156,On or near Market Place,E01019407,Amber Valley 010A,Anti-social behaviour,,
,2021-06,Derbyshire Constabulary,Derbyshire Constabulary,-1.485284,53.026205,On or near Bridge Street,E01019407,Amber Valley 010A,Anti-social behaviour,,
,2021-06,Derbyshire Constabulary,Derbyshire Constabulary,-1.478374,53.024305,On or near Parking Area,E01019407,Amber Valley 010A,Anti-social behaviour,,
,2021-06,Derbyshire Constabulary,Derbyshire Constabulary,-1.478996,53.023382,On or near Market Head,E01019407,Amber Valley 010A,Anti-social behaviour,,
,2021-06,Derbyshire Constabulary,Derbyshire Constabulary,-1.479991,53.022514,On or near Cheapside,E01019407,Amber Valley 010A,Anti-social behaviour,,
8f75932af84eace6062b5ed937b7eb6cd8a71e46994466fbc727366891305cff,2021-06,Derbyshire Constabulary,Derbyshire Constabulary,-1.484796,53.020881,On or near A6,E01019407,Amber Valley 010A,Bicycle theft,Investigation complete; no suspect identified,
6d9a092c88233515334830827fe65663253aa416b28e0a59bbf4c5feae87c127,2021-06,Derbyshire Constabulary,Derbyshire Constabulary,-1.477967,53.023458,On or near High Pavement,E01019407,Amber Valley 010A,Burglary,Investigation complete; no suspect identified,
bab5f914db90cf69dfbbb429401e129864d6f5ff13b0109883c335ded0e3e335,2021-06,Derbyshire Constabulary,Derbyshire Constabulary,-1.478996,53.023382,On or near Market Head,E01019407,Amber Valley 010A,Criminal damage and arson,Investigation complete; no suspect identified,
e0473730915742e602c4859e2b706cbdb697bd0d67834ed84b43e10be336f02c,2021-06,Derbyshire Constabulary,Derbyshire Constabulary,-1.483109,53.022303,On or near Campbell Street,E01019407,Amber Valley 010A,Public order,Unable to prosecute suspect,
b62e5a17d95d922d0630611336788216853c332756dd34c4424b36514a07669b,2021-06,Derbyshire Constabulary,Derbyshire Constabulary,-1.482758,53.025457,On or near Field Lane,E01019407,Amber Valley 010A,Public order,Awaiting court outcome,
3eccc3bf4cf3d5c9260a9d95b6a15b983c1efa2792022679e4470f79d3febff1,2021-06,Derbyshire Constabulary,Derbyshire Constabulary,-1.478996,53.023382,On or near Market Head,E01019407,Amber Valley 010A,Public order,Investigation complete; no suspect identified,
1d50897d25fafaecd232a0a3cbafe97f261de324985e1df59c34b88cee214df3,2021-06,Derbyshire Constabulary,Derbyshire Constabulary,-1.485000,53.021305,On or near Petrol Station,E01019407,Amber Valley 010A,Shoplifting,Investigation complete; no suspect identified,
06ba2234901dfdc379f1c9b681785b411f07f38c332c1b7cebd5d29e55bbf20e,2021-06,Derbyshire Constabulary,Derbyshire Constabulary,-1.485000,53.021305,On or near Petrol Station,E01019407,Amber Valley 010A,Shoplifting,Investigation complete; no suspect identified,
5294c89978c97204b7cd83a4557db7ceaca34b78679851c176309334418b3814,2021-06,Derbyshire Constabulary,Derbyshire Constabulary,-1.485000,53.021305,On or near Petrol Station,E01019407,Amber Valley 010A,Shoplifting,Unable to prosecute suspect,
77d46c61aceee86a5aa45519d46a84aa52e60fec7ebe7ce6ab18d5263bdd2203,2021-06,Derbyshire Constabulary,Derbyshire Constabulary,-1.483929,53.023565,On or near Wellington Court,E01019407,Amber Valley 010A,Shoplifting,Investigation complete; no suspect identified,
a391c4ea98aec0f825da0f41a74fa44f99f0e5f2eb17d412d37911474e45344a,2021-06,Derbyshire Constabulary,Derbyshire Constabulary,-1.473492,53.027349,On or near Windmill Lane,E01019407,Amber Valley 010A,Vehicle crime,Unable to prosecute suspect,
20d55e2623410065456e244bf6a3717ac8ccd0370544c7671682ec54dbed5aee,2021-06,Derbyshire Constabulary,Derbyshire Constabulary,-1.481294,53.023275,On or near King Street,E01019407,Amber Valley 010A,Violence and sexual offences,Unable to prosecute suspect,
b8582cff2e64a2d1a194f0e4f23b0e467b7b318229bcc130db3bdf97884498b4,2021-06,Derbyshire Constabulary,Derbyshire Constabulary,-1.483929,53.023565,On or near Wellington Court,E01019407,Amber Valley 010A,Violence and sexual offences,Unable to prosecute suspect,
573d6b6c02ad21258d152588d7c31172054c1424fe604485dc10e8c8f68251e5,2021-06,Derbyshire Constabulary,Derbyshire Constabulary,-1.475545,53.026495,On or near Penn Street,E01019407,Amber Valley 010A,Violence and sexual offences,Status update unavailable,
ac0d660577c848047b91aa96513fe57d2878d0de6ed9b1c3d06dde2bf55ae22e,2021-06,Derbyshire Constabulary,Derbyshire Constabulary,-1.478996,53.023382,On or near Market Head,E01019407,Amber Valley 010A,Violence and sexual offences,Unable to prosecute suspect,
d3b813c3284952ae7e8933a2143db421d3a98ad7137a8190a1f845f9c3a60b33,2021-06,Derbyshire Constabulary,Derbyshire Constabulary,-1.475545,53.026495,On or near Penn Street,E01019407,Amber Valley 010A,Violence and sexual offences,Status update unavailable,
31d2198899c2b6b0270c4b426d20b87460122d2b364e6598e805107cf7b75ccc,2021-06,Derbyshire Constabulary,Derbyshire Constabulary,-1.478996,53.023382,On or near Market Head,E01019407,Amber Valley 010A,Violence and sexual offences,Unable to prosecute suspect,
,2021-06,Derbyshire Constabulary,Derbyshire Constabulary,-1.478658,53.029196,On or near Acorn Drive,E01019415,Amber Valley 010B,Anti-social behaviour,,
,2021-06,Derbyshire Constabulary,Derbyshire Constabulary,-1.483977,53.029579,On or near Mill View,E01019415,Amber Valley 010B,Anti-social behaviour,,
,2021-06,Derbyshire Constabulary,Derbyshire Constabulary,-1.487009,53.025331,On or near Sports/Recreation Area,E01019415,Amber Valley 010B,Anti-social behaviour,,
,2021-06,Derbyshire Constabulary,Derbyshire Constabulary,-1.478932,53.027490,On or near Mill Street,E01019415,Amber Valley 010B,Anti-social behaviour,,
,2021-06,Derbyshire Constabulary,Derbyshire Constabulary,-1.485246,53.029396,On or near Parking Area,E01019415,Amber Valley 010B,Anti-social behaviour,,
0a27950e6ce827d10af2f7ff3823b35d972d68543a34b2f014e62011a24bc90b,2021-06,Derbyshire Constabulary,Derbyshire Constabulary,-1.487009,53.025331,On or near Sports/Recreation Area,E01019415,Amber Valley 010B,Public order,Investigation complete; no suspect identified,
96ca543aa73e28ce92d2a315d776f13d964dd9ade86f00de4299bcb4159db2a7,2021-06,Derbyshire Constabulary,Derbyshire Constabulary,-1.478658,53.029196,On or near Acorn Drive,E01019415,Amber Valley 010B,Violence and sexual offences,Unable to prosecute suspect,
8fa2bbdd80dac525815c21b632a4ce57afcb1e754f7529f28ab84969de4182b7,2021-06,Derbyshire Constabulary,Derbyshire Constabulary,-1.479166,53.027859,On or near Edward Street,E01019415,Amber Valley 010B,Violence and sexual offences,Local resolution,
0c38b7380c5779e254b05a9d0c38f686f7bd9d13551e9b6275a726840406e9cf,2021-06,Derbyshire Constabulary,Derbyshire Constabulary,-1.478658,53.029196,On or near Acorn Drive,E01019415,Amber Valley 010B,Other crime,Unable to prosecute suspect,
,2021-06,Derbyshire Constabulary,Derbyshire Constabulary,-1.472406,53.017330,On or near Park Road,E01019417,Amber Valley 010C,Anti-social behaviour,,
,2021-06,Derbyshire Constabulary,Derbyshire Constabulary,-1.472480,53.019838,On or near Alder Road,E01019417,Amber Valley 010C,Anti-social behaviour,,
,2021-06,Derbyshire Constabulary,Derbyshire Constabulary,-1.474097,53.019279,On or near Sports/Recreation Area,E01019417,Amber Valley 010C,Anti-social behaviour,,
,2021-06,Derbyshire Constabulary,Derbyshire Constabulary,-1.474325,53.016422,On or near Chestnut Avenue,E01019417,Amber Valley 010C,Anti-social behaviour,,
,2021-06,Derbyshire Constabulary,Derbyshire Constabulary,-1.474325,53.016422,On or near Chestnut Avenue,E01019417,Amber Valley 010C,Anti-social behaviour,,
,2021-06,Derbyshire Constabulary,Derbyshire Constabulary,-1.484185,53.015845,On or near Goods Road,E01019417,Amber Valley 010C,Anti-social behaviour,,
,2021-06,Derbyshire Constabulary,Derbyshire Constabulary,-1.474325,53.016422,On or near Chestnut Avenue,E01019417,Amber Valley 010C,Anti-social behaviour,,
,2021-06,Derbyshire Constabulary,Derbyshire Constabulary,-1.471581,53.016526,On or near Lime Crescent,E01019417,Amber Valley 010C,Anti-social behaviour,,
2ce7cb90f3adfbc7e24e1a387ad6fc964a7d3ca842b0b8274b6cd6496dae36b1,2021-06,Derbyshire Constabulary,Derbyshire Constabulary,-1.471581,53.016526,On or near Lime Crescent,E01019417,Amber Valley 010C,Other theft,Unable to prosecute suspect,
5ad7e3856a3665a83bf2f9c540d92a9c16108d93fd6148ec17140c0d81c1908f,2021-06,Derbyshire Constabulary,Derbyshire Constabulary,-1.474097,53.019279,On or near Sports/Recreation Area,E01019417,Amber Valley 010C,Public order,Investigation complete; no suspect identified,
93a2a659e62764dd551a9cfb80c965edec440b2fb9175299ec82f821d70b0a1c,2021-06,Derbyshire Constabulary,Derbyshire Constabulary,-1.470420,53.017645,On or near Millbank Avenue,E01019417,Amber Valley 010C,Public order,Unable to prosecute suspect,
d07a08efeee3fb9c26be38501e88519e885aab84afb86344236f64ebd97c4760,2021-06,Derbyshire Constabulary,Derbyshire Constabulary,-1.471162,53.021522,On or near Mill Lane,E01019417,Amber Valley 010C,Violence and sexual offences,Unable to prosecute suspect,
3c70d59337ca109a377deb42182d16e10b69fb68d9be1107afa8e458f848af50,2021-06,Derbyshire Constabulary,Derbyshire Constabulary,-1.471162,53.021522,On or near Mill Lane,E01019417,Amber Valley 010C,Violence and sexual offences,Unable to prosecute suspect,
83a013a868bcf257982840136fb6174789b0f7594e594fbd0e066e3544e43839,2021-06,Derbyshire Constabulary,Derbyshire Constabulary,-1.472480,53.019838,On or near Alder Road,E01019417,Amber Valley 010C,Violence and sexual offences,Unable to prosecute suspect,
78109660d9dcc1148d0fa1f6b7d8ecaadade69f46c90daae12f42dc4728dfff7,2021-06,Derbyshire Constabulary,Derbyshire Constabulary,-1.472480,53.019838,On or near Alder Road,E01019417,Amber Valley 010C,Violence and sexual offences,Local resolution,
f0252af702d97d39d23cc0d29de2660bcdb0860caa18784fd385023c8cb83ebb,2021-06,Derbyshire Constabulary,Derbyshire Constabulary,-1.472406,53.017330,On or near Park Road,E01019417,Amber Valley 010C,Violence and sexual offences,Unable to prosecute suspect,
9d26e2cae5b9931d1097cdc610441587219921d5608342f0d8d389aace8e644b,2021-06,Derbyshire Constabulary,Derbyshire Constabulary,-1.470420,53.017645,On or near Millbank Avenue,E01019417,Amber Valley 010C,Violence and sexual offences,Unable to prosecute suspect,
aef1cf57d167e562fbf094a80b4e059c315ec17cbe0630cad2d0e359207d88ed,2021-06,Derbyshire Constabulary,Derbyshire Constabulary,-1.474376,53.017105,On or near Willow Grove,E01019417,Amber Valley 010C,Violence and sexual offences,Investigation complete; no suspect identified,
ad6b9357576b76be451e57f0f1bb5ad0f13fe3a249bf273e6c3f0694b5bc1e6a,2021-06,Derbyshire Constabulary,Derbyshire Constabulary,-1.472406,53.017330,On or near Park Road,E01019417,Amber Valley 010C,Violence and sexual offences,Unable to prosecute suspect,
e33f5281805e4e8f3ee9db50489a7d490e6332542eaec6691c7196553243f250,2021-06,Derbyshire Constabulary,Derbyshire Constabulary,-1.483433,53.020147,On or near Brook Close,E01019417,Amber Valley 010C,Other crime,Investigation complete; no suspect identified,
705128f3fe034acad513801468ede9afbecba9fce0146df3e07ac399992b23a5,2021-06,Derbyshire Constabulary,Derbyshire Constabulary,-1.472406,53.017330,On or near Park Road,E01019417,Amber Valley 010C,Other crime,Investigation complete; no suspect identified,
,2021-06,Derbyshire Constabulary,Derbyshire Constabulary,-1.480356,53.005724,On or near Hopping Hill,E01019419,Amber Valley 010D,Anti-social behaviour,,
3fa0152537870414344650ee76a48619a54d46e6c95c0ae254f4938c290e3ffc,2021-06,Derbyshire Constabulary,Derbyshire Constabulary,-1.476526,53.004521,On or near Bridge View,E01019419,Amber Valley 010D,Criminal damage and arson,Investigation complete; no suspect identified,
594a1c8e399ef6d72d9f72a2881c3af068f63f75688e5c9e664b11f50a4a2e74,2021-06,Derbyshire Constabulary,Derbyshire Constabulary,-1.477405,53.003302,On or near Sports/Recreation Area,E01019419,Amber Valley 010D,Other theft,Investigation complete; no suspect identified,
,2021-06,Derbyshire Constabulary,Derbyshire Constabulary,-1.452703,53.027696,On or near St James Close,E01019410,Amber Valley 011A,Anti-social behaviour,,
b3dfceb47b143040bfa74327d9f9f2b0981a6edf8b0557ba58b18e91acd0d9ac,2021-06,Derbyshire Constabulary,Derbyshire Constabulary,-1.451951,53.023476,On or near Jodrell Avenue,E01019410,Amber Valley 011A,Possession of weapons,Further investigation is not in the public interest,
,2021-06,Derbyshire Constabulary,Derbyshire Constabulary,-1.453562,53.028104,On or near Wicksteed Close,E01019411,Amber Valley 011B,Anti-social behaviour,,
,2021-06,Derbyshire Constabulary,Derbyshire Constabulary,-1.453562,53.028104,On or near Wicksteed Close,E01019411,Amber Valley 011B,Anti-social behaviour,,
,2021-06,Derbyshire Constabulary,Derbyshire Constabulary,-1.460264,53.027559,On or near Alton Road,E01019411,Amber Valley 011B,Anti-social behaviour,,
,2021-06,Derbyshire Constabulary,Derbyshire Constabulary,-1.460264,53.027559,On or near Alton Road,E01019411,Amber Valley 011B,Anti-social behaviour,,
,2021-06,Derbyshire Constabulary,Derbyshire Constabulary,-1.453562,53.028104,On or near Wicksteed Close,E01019411,Amber Valley 011B,Anti-social behaviour,,
,2021-06,Derbyshire Constabulary,Derbyshire Constabulary,-1.453562,53.028104,On or near Wicksteed Close,E01019411,Amber Valley 011B,Anti-social behaviour,,
,2021-06,Derbyshire Constabulary,Derbyshire Constabulary,-1.455878,53.030101,On or near Whitemoor Lane,E01019411,Amber Valley 011B,Anti-social behaviour,,
0a6739ac861b4f1481002a2dad3c53cffc82b7be3955edfd304ad2a1d253b10f,2021-06,Derbyshire Constabulary,Derbyshire Constabulary,-1.453562,53.028104,On or near Wicksteed Close,E01019411,Amber Valley 011B,Public order,Unable to prosecute suspect,
35b7a2f8ba4a275547d4123239bce244ddd23be41b5854a945f07aeb2f3c330d,2021-06,Derbyshire Constabulary,Derbyshire Constabulary,-1.453562,53.028104,On or near Wicksteed Close,E01019411,Amber Valley 011B,Public order,Unable to prosecute suspect,
e60c81e1886ec59411a88a291faaae8838a7103b559a39bae6b075dfb620498e,2021-06,Derbyshire Constabulary,Derbyshire Constabulary,-1.453562,53.028104,On or near Wicksteed Close,E01019411,Amber Valley 011B,Robbery,Investigation complete; no suspect identified,
412d46308724b2c6bc97f34037b53c4ae2a790a605d884e2b0c278e377aa6a6f,2021-06,Derbyshire Constabulary,Derbyshire Constabulary,-1.455878,53.030101,On or near Whitemoor Lane,E01019411,Amber Valley 011B,Violence and sexual offences,Investigation complete; no suspect identified,
4aef4a76b38e92bb58544dc9758feb4e7cb799d69d2bc1214151f6d7915cd398,2021-06,Derbyshire Constabulary,Derbyshire Constabulary,-1.455878,53.030101,On or near Whitemoor Lane,E01019411,Amber Valley 011B,Violence and sexual offences,Unable to prosecute suspect,
8f981c27bacf7fc05d0712a337f9e4930f23b6c1ffc0054960e309273c8afd26,2021-06,Derbyshire Constabulary,Derbyshire Constabulary,-1.455878,53.030101,On or near Whitemoor Lane,E01019411,Amber Valley 011B,Violence and sexual offences,Unable to prosecute suspect,
137776c3b85209d2b2520943eaef8d8d29a369819dc2c2aaa22da008c07db81d,2021-06,Derbyshire Constabulary,Derbyshire Constabulary,-1.455878,53.030101,On or near Whitemoor Lane,E01019411,Amber Valley 011B,Violence and sexual offences,Unable to prosecute suspect,
,2021-06,Derbyshire Constabulary,Derbyshire Constabulary,-1.471712,53.018019,On or near Cedar Grove,E01019418,Amber Valley 011C,Anti-social behaviour,,
,2021-06,Derbyshire Constabulary,Derbyshire Constabulary,-1.471436,53.018620,On or near Maple Drive,E01019418,Amber Valley 011C,Anti-social behaviour,,
,2021-06,Derbyshire Constabulary,Derbyshire Constabulary,-1.472445,53.017825,On or near Bullfinch Close,E01019418,Amber Valley 011C,Anti-social behaviour,,
,2021-06,Derbyshire Constabulary,Derbyshire Constabulary,-1.471712,53.018019,On or near Cedar Grove,E01019418,Amber Valley 011C,Anti-social behaviour,,
,2021-06,Derbyshire Constabulary,Derbyshire Constabulary,-1.471712,53.018019,On or near Cedar Grove,E01019418,Amber Valley 011C,Anti-social behaviour,,
dc677cf5aa9aeffca862490482571758b78259024ea2814fe3ba0e76bbccc668,2021-06,Derbyshire Constabulary,Derbyshire Constabulary,-1.472445,53.017825,On or near Bullfinch Close,E01019418,Amber Valley 011C,Public order,Investigation complete; no suspect identified,
f1e29e162212311580a3513ae6aaa94826f36c4f38582e905fc0605de91d5be6,2021-06,Derbyshire Constabulary,Derbyshire Constabulary,-1.468294,53.018337,On or near Birchview Close,E01019418,Amber Valley 011C,Public order,Unable to prosecute suspect,
370e8369c889b42282e6e3624558f533cf6151a231eb79a8121bfd3762e6fb34,2021-06,Derbyshire Constabulary,Derbyshire Constabulary,-1.467227,53.005720,On or near Orchard Close,E01019418,Amber Valley 011C,Violence and sexual offences,Unable to prosecute suspect,
063d2de31dfc9fdcc5314331e1a4145a33f40b094684a21a8b0e73a00b5906c4,2021-06,Derbyshire Constabulary,Derbyshire Constabulary,-1.469326,53.019321,On or near Milldale Court,E01019418,Amber Valley 011C,Violence and sexual offences,Unable to prosecute suspect,
85ee360886976600ed97b4833655a86e339897e643718aedd3f2e7de5f40f9dd,2021-06,Derbyshire Constabulary,Derbyshire Constabulary,-1.469508,53.016616,On or near Rowen Court,E01019418,Amber Valley 011C,Violence and sexual offences,Unable to prosecute suspect,
d48548f942bdba129f7d3043df13e3bab30596b0330d1d2b4bb941decce17ee2,2021-06,Derbyshire Constabulary,Derbyshire Constabulary,-1.472445,53.017825,On or near Bullfinch Close,E01019418,Amber Valley 011C,Violence and sexual offences,Unable to prosecute suspect,
ff65a3abd1bb28de1f9ed036bbe56b3e3ed16e969d64c85c59751e0958a95be6,2021-06,Derbyshire Constabulary,Derbyshire Constabulary,-1.469326,53.019321,On or near Milldale Court,E01019418,Amber Valley 011C,Violence and sexual offences,Unable to prosecute suspect,
e84f64e027a1507aafd5b436239fc8f9aee97106ae1819ffb62c904858e55de6,2021-06,Derbyshire Constabulary,Derbyshire Constabulary,-1.469326,53.019321,On or near Milldale Court,E01019418,Amber Valley 011C,Violence and sexual offences,Status update unavailable,
27f60facef21ad1686a100e018580e1d54a1a79ffde80ea0b2b216b1aeb692e8,2021-06,Derbyshire Constabulary,Derbyshire Constabulary,-1.469832,53.020609,On or near Parking Area,E01019418,Amber Valley 011C,Violence and sexual offences,Unable to prosecute suspect,
,2021-06,Derbyshire Constabulary,Derbyshire Constabulary,-1.461904,53.002397,On or near Moorpool Crescent,E01019447,Amber Valley 011D,Anti-social behaviour,,
,2021-06,Derbyshire Constabulary,Derbyshire Constabulary,-1.461904,53.002397,On or near Moorpool Crescent,E01019447,Amber Valley 011D,Anti-social behaviour,,
ba669cf9afd41c911bc26d266bda36186147ba570f3beabac4187d37452939b8,2021-06,Derbyshire Constabulary,Derbyshire Constabulary,-1.456964,52.993493,On or near Port Way,E01019447,Amber Valley 011D,Criminal damage and arson,Investigation complete; no suspect identified,
a449300966989c25eddcff669639537a99c41ea9d5d7dc00f65bc2ea41f15ddd,2021-06,Derbyshire Constabulary,Derbyshire Constabulary,-1.460708,53.002652,On or near Ruffstone Close,E01019447,Amber Valley 011D,Vehicle crime,Investigation complete; no suspect identified,
6640f218b7b71cb7935dc36e2fa71525981a01494e9891491d47491ccf6f587f,2021-06,Derbyshire Constabulary,Derbyshire Constabulary,-1.461340,53.005783,On or near East Crescent,E01019447,Amber Valley 011D,Violence and sexual offences,Status update unavailable,
9623b4d33d958e31f2cc1fbc7a81dd7c1aed7617e826595b564a9908707ea4e3,2021-06,Derbyshire Constabulary,Derbyshire Constabulary,-1.459266,53.004821,On or near The Nook,E01019447,Amber Valley 011D,Violence and sexual offences,Unable to prosecute suspect,
1ca00343543a1f8d99e74c5b255d02e9837a1dcc94bf6ba6c3cad08af35e9269,2021-06,Derbyshire Constabulary,Derbyshire Constabulary,-1.458275,53.004169,On or near Moorside Lane,E01019447,Amber Valley 011D,Violence and sexual offences,Local resolution,
94a92090dbd2a4c86ae9ce3fc90becf48aa53dd6ff49b6554c2c905f0b1e5011,2021-06,Derbyshire Constabulary,Derbyshire Constabulary,-1.458275,53.004169,On or near Moorside Lane,E01019447,Amber Valley 011D,Violence and sexual offences,Local resolution,
47ef851dea28bd34ead85e2bc71cac628da8e6e4d35665d3cbcd8bca3b407b57,2021-06,Derbyshire Constabulary,Derbyshire Constabulary,-1.459266,53.004821,On or near The Nook,E01019447,Amber Valley 011D,Violence and sexual offences,Unable to prosecute suspect,
ea94f9dfc44a5a1eaed3b6d533f8981c7b9a47fd40d75ee86b399b90caf54991,2021-06,Derbyshire Constabulary,Derbyshire Constabulary,-1.458275,53.004169,On or near Moorside Lane,E01019447,Amber Valley 011D,Violence and sexual offences,Unable to prosecute suspect,
,2021-06,Derbyshire Constabulary,Derbyshire Constabulary,-1.436433,53.006189,On or near Hunter Drive,E01019449,Amber Valley 011E,Anti-social behaviour,,
,2021-06,Derbyshire Constabulary,Derbyshire Constabulary,-1.440449,53.014847,On or near Northfield,E01019449,Amber Valley 011E,Anti-social behaviour,,
,2021-06,Derbyshire Constabulary,Derbyshire Constabulary,-1.436433,53.006189,On or near Hunter Drive,E01019449,Amber Valley 011E,Anti-social behaviour,,
d16fcf065235af4ad0c8fa3709b723268ca4a53eeaed0313fcd420812f30ee4c,2021-06,Derbyshire Constabulary,Derbyshire Constabulary,-1.433296,53.005599,On or near Sitwell Drive,E01019449,Amber Valley 011E,Public order,Investigation complete; no suspect identified,
6075306846a03b1babc6e0d7ff0bb704adb2466f5458f7fa4893fc63d9a23bc0,2021-06,Derbyshire Constabulary,Derbyshire Constabulary,-1.444121,53.015565,On or near Hilltop Lane,E01019449,Amber Valley 011E,Violence and sexual offences,Investigation complete; no suspect identified,
c9fb6ab6e1b201d7c0d9db1d5944c14f7a07be196c1f89c1d6f0d35c885208e5,2021-06,Derbyshire Constabulary,Derbyshire Constabulary,-1.436433,53.006189,On or near Hunter Drive,E01019449,Amber Valley 011E,Violence and sexual offences,Unable to prosecute suspect,
bafc2139352ca7964fb29044867083202e96fd594fe73959ebdf354ee8257648,2021-06,Derbyshire Constabulary,Derbyshire Constabulary,-1.436433,53.006189,On or near Hunter Drive,E01019449,Amber Valley 011E,Violence and sexual offences,Unable to prosecute suspect,
e17715c99bb4ce712dca644c0bbe236572b50bdb7461b8d9747f83d0dcd7374a,2021-06,Derbyshire Constabulary,Derbyshire Constabulary,-1.436433,53.006189,On or near Hunter Drive,E01019449,Amber Valley 011E,Violence and sexual offences,Unable to prosecute suspect,
c4d7888157280d777a74efb711061f60c233bc34b657c0c92485ff170b77d4d6,2021-06,Derbyshire Constabulary,Derbyshire Constabulary,-1.437826,53.006735,On or near Shaw'S Yard,E01019449,Amber Valley 011E,Other crime,Status update unavailable,
,2021-06,Derbyshire Constabulary,Derbyshire Constabulary,-1.357421,53.018032,On or near Burton Street,E01019431,Amber Valley 012A,Anti-social behaviour,,
,2021-06,Derbyshire Constabulary,Derbyshire Constabulary,-1.355669,53.017600,On or near Lower Gladstone Street,E01019431,Amber Valley 012A,Anti-social behaviour,,
a1b4d6a6c5606a70f60aca8e76b1f98359329e333ca472fdc1afbe49ceef56b8,2021-06,Derbyshire Constabulary,Derbyshire Constabulary,-1.359834,53.017200,On or near Raven Court,E01019431,Amber Valley 012A,Burglary,Unable to prosecute suspect,
944614b36f74f161bafae047d52a9ad0ee79bbe81971eb54631012c46aad3ac1,2021-06,Derbyshire Constabulary,Derbyshire Constabulary,-1.357433,53.016225,On or near Supermarket,E01019431,Amber Valley 012A,Other theft,Investigation complete; no suspect identified,
8c488a887428495bd3e8be83a2b551c1fcc489901ad7368bd018b926439ef33a,2021-06,Derbyshire Constabulary,Derbyshire Constabulary,-1.353882,53.018471,On or near Berle Avenue,E01019431,Amber Valley 012A,Public order,Unable to prosecute suspect,
0c6b0db146a14414628d0ffd40c416c44f4ef455506f407cedbe0cf135f20afd,2021-06,Derbyshire Constabulary,Derbyshire Constabulary,-1.357433,53.016225,On or near Supermarket,E01019431,Amber Valley 012A,Shoplifting,Investigation complete; no suspect identified,
5b244debc24846d8f162b634d316858b0dfed2ed14ace57e831a1fba81f046a6,2021-06,Derbyshire Constabulary,Derbyshire Constabulary,-1.356647,53.014945,On or near Parking Area,E01019431,Amber Valley 012A,Shoplifting,Investigation complete; no suspect identified,
09446084e68f7c952af2dc468cd143d411a2c760fb5097a95c8fd0026f625d50,2021-06,Derbyshire Constabulary,Derbyshire Constabulary,-1.357433,53.016225,On or near Supermarket,E01019431,Amber Valley 012A,Shoplifting,Investigation complete; no suspect identified,
55379c1faf741d1305f65299bd98b97ae32be85f3366dc13d901b723d8a25a8a,2021-06,Derbyshire Constabulary,Derbyshire Constabulary,-1.357433,53.016225,On or near Supermarket,E01019431,Amber Valley 012A,Shoplifting,Investigation complete; no suspect identified,
abe49638447f53a85c1357e83c711082918e175c74559d49ca451c5a1bd18fe2,2021-06,Derbyshire Constabulary,Derbyshire Constabulary,-1.356647,53.014945,On or near Parking Area,E01019431,Amber Valley 012A,Shoplifting,Investigation complete; no suspect identified,
376e79669f893ea916f7648c7df5eacc47525f38a5ece188835779653ce9c86b,2021-06,Derbyshire Constabulary,Derbyshire Constabulary,-1.354631,53.016228,On or near Gladstone Street,E01019431,Amber Valley 012A,Violence and sexual offences,Investigation complete; no suspect identified,
2161112f0ce7ce5d4bd946f2edd47f9c6458c36dec5514cc0566afeb309c6280,2021-06,Derbyshire Constabulary,Derbyshire Constabulary,-1.358967,53.017339,On or near Midland Road,E01019431,Amber Valley 012A,Violence and sexual offences,Status update unavailable,
2f1a6fe9e7ef425ba71be1bc7281a00975ac057b23f0568920d40dd90b9c4c1d,2021-06,Derbyshire Constabulary,Derbyshire Constabulary,-1.355131,53.018667,On or near The Hamlet,E01019431,Amber Valley 012A,Violence and sexual offences,Unable to prosecute suspect,
847cf5ce547efcc37f5b4d349737be9665fa374acf5620822aa68580b15d3b95,2021-06,Derbyshire Constabulary,Derbyshire Constabulary,-1.355898,53.019246,On or near Fall Road,E01019431,Amber Valley 012A,Violence and sexual offences,Investigation complete; no suspect identified,
c8a75b1dbf52fc689bbc3c66312b298deffe77827abb36dba3540db5ec588caa,2021-06,Derbyshire Constabulary,Derbyshire Constabulary,-1.357421,53.018032,On or near Burton Street,E01019431,Amber Valley 012A,Violence and sexual offences,Unable to prosecute suspect,
4845e74193616d88c3997d891b75ff513e888a7a8a5d4d66a02dbc0bbfc369d9,2021-06,Derbyshire Constabulary,Derbyshire Constabulary,-1.355275,53.014982,On or near Whysall Street,E01019431,Amber Valley 012A,Other crime,Unable to prosecute suspect,
,2021-06,Derbyshire Constabulary,Derbyshire Constabulary,-1.360771,53.018302,On or near Burns Street,E01019433,Amber Valley 012B,Anti-social behaviour,,
,2021-06,Derbyshire Constabulary,Derbyshire Constabulary,-1.361981,53.018147,On or near Loscoe Road,E01019433,Amber Valley 012B,Anti-social behaviour,,
40434efaf9b5146b810c5901ac78deddcb597d1bcad069df91a84972dedcbde2,2021-06,Derbyshire Constabulary,Derbyshire Constabulary,-1.363848,53.018912,On or near Wellington Street,E01019433,Amber Valley 012B,Burglary,Unable to prosecute suspect,
8a289611580d8f393c48314f8b78c1e83f75ccc1d2033cf7320c15a0ae57457f,2021-06,Derbyshire Constabulary,Derbyshire Constabulary,-1.364700,53.020759,On or near Heanor Road,E01019433,Amber Valley 012B,Burglary,Investigation complete; no suspect identified,
d6f71e41214220c69e667761d5b8d67e73645fe2cf693daa43b99ad47f325dbd,2021-06,Derbyshire Constabulary,Derbyshire Constabulary,-1.361981,53.018147,On or near Loscoe Road,E01019433,Amber Valley 012B,Other theft,Unable to prosecute suspect,
3d66c3e3037460cd621270339669e4bc546d2aaa29f10a38bbe1cc267af10aa8,2021-06,Derbyshire Constabulary,Derbyshire Constabulary,-1.363790,53.017806,On or near Cottage Garden Lane,E01019433,Amber Valley 012B,Public order,Investigation complete; no suspect identified,
72dcc6c990fc1f8243f422ab403cf705998e0bd42e4fd80dc6b90dda862ea50f,2021-06,Derbyshire Constabulary,Derbyshire Constabulary,-1.363848,53.018912,On or near Wellington Street,E01019433,Amber Valley 012B,Violence and sexual offences,Unable to prosecute suspect,
f1877f109653803ed8eb0eecc02d60acdf894e574c86a1514e44a246e7d64de9,2021-06,Derbyshire Constabulary,Derbyshire Constabulary,-1.363790,53.017806,On or near Cottage Garden Lane,E01019433,Amber Valley 012B,Violence and sexual offences,Unable to prosecute suspect,
645ada4e51d25e46d9bf5fbb4e273f33633d53031e7d9fdc67f735db306fd323,2021-06,Derbyshire Constabulary,Derbyshire Constabulary,-1.361823,53.019773,On or near Longbridge Lane,E01019433,Amber Valley 012B,Violence and sexual offences,Status update unavailable,
7ce18b170ec8f96b928f0115ed28b919860726784251106dcc5a2e908ddd0fe5,2021-06,Derbyshire Constabulary,Derbyshire Constabulary,-1.363790,53.017806,On or near Cottage Garden Lane,E01019433,Amber Valley 012B,Violence and sexual offences,Status update unavailable,
fde59cf7058cf786a2d4134e490c9aea027a51f4cd6e96d26eb59c348f19b0ff,2021-06,Derbyshire Constabulary,Derbyshire Constabulary,-1.366321,53.022062,On or near High Street,E01019433,Amber Valley 012B,Violence and sexual offences,Status update unavailable,
618c7c20f8d1f9364e1586a12989d880429e24b55dedebeaf13e69e065d348be,2021-06,Derbyshire Constabulary,Derbyshire Constabulary,-1.361823,53.019773,On or near Longbridge Lane,E01019433,Amber Valley 012B,Violence and sexual offences,Status update unavailable,
8834169f5f73caf2058636c0886f2f17576089e42a35b1bfcd844b13c05b208a,2021-06,Derbyshire Constabulary,Derbyshire Constabulary,-1.361823,53.019773,On or near Longbridge Lane,E01019433,Amber Valley 012B,Violence and sexual offences,Local resolution,
b9e3e9e0df86bee203fdd604fff2ac17af13da844bcb12dbe9eb9ee0b426f17c,2021-06,Derbyshire Constabulary,Derbyshire Constabulary,-1.363770,53.016098,On or near West Street,E01019433,Amber Valley 012B,Violence and sexual offences,Status update unavailable,
,2021-06,Derbyshire Constabulary,Derbyshire Constabulary,-1.366478,53.013388,On or near Sovereign Way,E01019438,Amber Valley 012C,Anti-social behaviour,,
,2021-06,Derbyshire Constabulary,Derbyshire Constabulary,-1.365510,53.014345,On or near Hampton Court,E01019438,Amber Valley 012C,Anti-social behaviour,,
,2021-06,Derbyshire Constabulary,Derbyshire Constabulary,-1.363431,53.013857,On or near Park View,E01019438,Amber Valley 012C,Anti-social behaviour,,
,2021-06,Derbyshire Constabulary,Derbyshire Constabulary,-1.359975,53.015718,On or near East Nelson Street,E01019438,Amber Valley 012C,Anti-social behaviour,,
4180e4d0e99945eab079e1595b9c9b59bddad537881909f6e1be16e564aeec75,2021-06,Derbyshire Constabulary,Derbyshire Constabulary,-1.364536,53.014672,On or near Kingsway,E01019438,Amber Valley 012C,Burglary,Investigation complete; no suspect identified,
7d0c5ab0668e1d2eb811addd5158d17494cdaf407ef75fb65c3caff8086be6e6,2021-06,Derbyshire Constabulary,Derbyshire Constabulary,-1.365510,53.014345,On or near Hampton Court,E01019438,Amber Valley 012C,Criminal damage and arson,Unable to prosecute suspect,
c21438a4b3ec1981eabf4e88c7c8ad5b0b2e36096c6d3b10acc6c53207a70108,2021-06,Derbyshire Constabulary,Derbyshire Constabulary,-1.362763,53.015679,On or near Park Street,E01019438,Amber Valley 012C,Public order,Unable to prosecute suspect,
8d703f7e73e764fffa4b81c8494f7b24da2b8e6462cf4d973a59657a6b021a8a,2021-06,Derbyshire Constabulary,Derbyshire Constabulary,-1.362458,53.010059,On or near Kirkham Close,E01019438,Amber Valley 012C,Public order,Investigation complete; no suspect identified,
c2236349906ed4ad02229cfb35a8f0b58461972b89b663900ced73d08ffd1cd9,2021-06,Derbyshire Constabulary,Derbyshire Constabulary,-1.359904,53.015430,On or near Stamford Street,E01019438,Amber Valley 012C,Robbery,Unable to prosecute suspect,
1299fda7996c3b4e2546e64fd8f2f738cbc182d4a482f243721e52c7142844d0,2021-06,Derbyshire Constabulary,Derbyshire Constabulary,-1.359885,53.014737,On or near Supermarket,E01019438,Amber Valley 012C,Shoplifting,Investigation complete; no suspect identified,
9de4596f1544234af5d24168b36ccb718e6a800cfc591758697ee54e3c940383,2021-06,Derbyshire Constabulary,Derbyshire Constabulary,-1.359885,53.014737,On or near Supermarket,E01019438,Amber Valley 012C,Shoplifting,Investigation complete; no suspect identified,
db2f4efd33d12573e91ec70905a0a46342063c76311afe7a7c58e60b4e33efc5,2021-06,Derbyshire Constabulary,Derbyshire Constabulary,-1.364557,53.011257,On or near Petrol Station,E01019438,Amber Valley 012C,Shoplifting,Awaiting court outcome,
ceb31a80261d7e251a59d7e36a43c9cc801a44a4350e471bf270e66284f6ecf9,2021-06,Derbyshire Constabulary,Derbyshire Constabulary,-1.364536,53.014672,On or near Kingsway,E01019438,Amber Valley 012C,Violence and sexual offences,Unable to prosecute suspect,
34ede0a8a4b07516764e3886b6e8cab3cdbfc7e96cfc44cfb501ce63a6f7eaa4,2021-06,Derbyshire Constabulary,Derbyshire Constabulary,-1.363075,53.010691,On or near Peach Street,E01019438,Amber Valley 012C,Violence and sexual offences,Unable to prosecute suspect,
7626616df61b3263600b95d8e4cfc58758c3b62fef580042803a4412bce55d76,2021-06,Derbyshire Constabulary,Derbyshire Constabulary,-1.367417,53.012369,On or near Hazel Close,E01019438,Amber Valley 012C,Violence and sexual offences,Status update unavailable,
1135bc2e5a316e2beb9fe4a020fe5c370c4cf2288ff1b39ea1f31f0a4bf77335,2021-06,Derbyshire Constabulary,Derbyshire Constabulary,-1.367417,53.012369,On or near Hazel Close,E01019438,Amber Valley 012C,Violence and sexual offences,Unable to prosecute suspect,
30f776c4318071edb9229ac9059319e44b2f0c45ae40f655ada13e9a99b637bd,2021-06,Derbyshire Constabulary,Derbyshire Constabulary,-1.364536,53.014672,On or near Kingsway,E01019438,Amber Valley 012C,Violence and sexual offences,Unable to prosecute suspect,
01706cd879b0a7f77f4f35074e5a89a3129ae441d4304aca18b70803c2cda703,2021-06,Derbyshire Constabulary,Derbyshire Constabulary,-1.363431,53.013857,On or near Park View,E01019438,Amber Valley 012C,Violence and sexual offences,Investigation complete; no suspect identified,
a54f212daf73c06aaf500169092cf70586b2a166d451faf880614a32b38af4c6,2021-06,Derbyshire Constabulary,Derbyshire Constabulary,-1.329102,53.024519,On or near Minkley Drive,E01019451,Amber Valley 012D,Burglary,Investigation complete; no suspect identified,
d718d7c55ecb702b38866840643470841a02b92f2255b6976369a6e05fc2c84f,2021-06,Derbyshire Constabulary,Derbyshire Constabulary,-1.333768,53.020671,On or near Maple Gardens,E01019451,Amber Valley 012D,Criminal damage and arson,Unable to prosecute suspect,
90ab5c527f57ac4d35e61cee6f3523bf103e92a98f61d0a9bbf3ec157a67bd5d,2021-06,Derbyshire Constabulary,Derbyshire Constabulary,-1.357279,53.036666,On or near Lodge Lane,E01019451,Amber Valley 012D,Criminal damage and arson,Investigation complete; no suspect identified,
37d53dd52574ea2030aabbc7033cc7cb964887629b1d6bde6854d44e07730c11,2021-06,Derbyshire Constabulary,Derbyshire Constabulary,-1.355093,53.032241,On or near Parking Area,E01019451,Amber Valley 012D,Criminal damage and arson,Unable to prosecute suspect,
13a6906f34b9bba78ceca83a0e10c57566812f4e49bf51d02ec6df38f1f202b5,2021-06,Derbyshire Constabulary,Derbyshire Constabulary,-1.355093,53.032241,On or near Parking Area,E01019451,Amber Valley 012D,Drugs,Unable to prosecute suspect,
65a2a3e10ff55f594a3624d404c3fa1780a1d9f2820a8dbba6a4bd2ababa347b,2021-06,Derbyshire Constabulary,Derbyshire Constabulary,-1.355093,53.032241,On or near Parking Area,E01019451,Amber Valley 012D,Other theft,Unable to prosecute suspect,
a5b0e3d9e532e1c3012d2b02118af49119ed985c7c17ca53f2c7664b65a09aa7,2021-06,Derbyshire Constabulary,Derbyshire Constabulary,-1.355093,53.032241,On or near Parking Area,E01019451,Amber Valley 012D,Public order,Unable to prosecute suspect,
931dbd306ca2bdb7cca82b338a8f468e78fa7ebcf775fe7f724a0f79771bbc95,2021-06,Derbyshire Constabulary,Derbyshire Constabulary,-1.355093,53.032241,On or near Parking Area,E01019451,Amber Valley 012D,Public order,Unable to prosecute suspect,
2274d8d3eb7c5f920ad1778c8478acb71d5fe754bb909309935dd9a0f5d10e57,2021-06,Derbyshire Constabulary,Derbyshire Constabulary,-1.355093,53.032241,On or near Parking Area,E01019451,Amber Valley 012D,Public order,Unable to prosecute suspect,
9a040f5395034caf30733ad0c1d6a4ebdc62a7e7e8115655732a70e82ecea322,2021-06,Derbyshire Constabulary,Derbyshire Constabulary,-1.355093,53.032241,On or near Parking Area,E01019451,Amber Valley 012D,Violence and sexual offences,Investigation complete; no suspect identified,
d730b79f6b6c3a2cfbd41b5a49f826b44541a4e8f6b788b113b5c80632f0fb99,2021-06,Derbyshire Constabulary,Derbyshire Constabulary,-1.355093,53.032241,On or near Parking Area,E01019451,Amber Valley 012D,Violence and sexual offences,Local resolution,
0b999e359ad4ddbb027911fb816344d67f5b4986be0164fc2e0c265145c5775a,2021-06,Derbyshire Constabulary,Derbyshire Constabulary,-1.334854,53.024731,On or near Bella Close,E01019451,Amber Valley 012D,Violence and sexual offences,Unable to prosecute suspect,
043d7746c506fec5bd3b080bb3289c04e7db3602e502c93529dab20875ac634b,2021-06,Derbyshire Constabulary,Derbyshire Constabulary,-1.339265,53.025798,On or near Daltons Close,E01019451,Amber Valley 012D,Violence and sexual offences,Investigation complete; no suspect identified,
39960276be271eafb72d6c692c0c22bcd9ab6ff9f49c0437202af2e6ab58bb5a,2021-06,Derbyshire Constabulary,Derbyshire Constabulary,-1.334854,53.024731,On or near Bella Close,E01019451,Amber Valley 012D,Violence and sexual offences,Unable to prosecute suspect,
b95d8b9fd38022e4f82d0ec5200d9175a2e320b664c857789af365de3d6ecaf2,2021-06,Derbyshire Constabulary,Derbyshire Constabulary,-1.355093,53.032241,On or near Parking Area,E01019451,Amber Valley 012D,Violence and sexual offences,Unable to prosecute suspect,
,2021-06,Derbyshire Constabulary,Derbyshire Constabulary,-1.393085,53.000582,On or near Greenside View,E01019464,Amber Valley 012E,Anti-social behaviour,,
,2021-06,Derbyshire Constabulary,Derbyshire Constabulary,-1.368529,53.009687,On or near Barnes Croft,E01019464,Amber Valley 012E,Anti-social behaviour,,
,2021-06,Derbyshire Constabulary,Derbyshire Constabulary,-1.365585,53.006156,On or near Sinclair Close,E01019464,Amber Valley 012E,Anti-social behaviour,,
,2021-06,Derbyshire Constabulary,Derbyshire Constabulary,-1.366267,53.007445,On or near Delves Road,E01019464,Amber Valley 012E,Anti-social behaviour,,
,2021-06,Derbyshire Constabulary,Derbyshire Constabulary,-1.372499,53.009312,On or near The Beeches,E01019464,Amber Valley 012E,Anti-social behaviour,,
,2021-06,Derbyshire Constabulary,Derbyshire Constabulary,-1.393085,53.000582,On or near Greenside View,E01019464,Amber Valley 012E,Anti-social behaviour,,
,2021-06,Derbyshire Constabulary,Derbyshire Constabulary,-1.393085,53.000582,On or near Greenside View,E01019464,Amber Valley 012E,Anti-social behaviour,,
,2021-06,Derbyshire Constabulary,Derbyshire Constabulary,-1.390824,52.998180,On or near Radford Road,E01019464,Amber Valley 012E,Anti-social behaviour,,
,2021-06,Derbyshire Constabulary,Derbyshire Constabulary,-1.366267,53.007445,On or near Delves Road,E01019464,Amber Valley 012E,Anti-social behaviour,,
b366dfcb3838096c4f9f27253fe799580c60cd5d7597ce66d723a68e171dfc07,2021-06,Derbyshire Constabulary,Derbyshire Constabulary,-1.370252,53.011134,On or near Kirkley Drive,E01019464,Amber Valley 012E,Burglary,Investigation complete; no suspect identified,
bb9b90edf57293a9d2c6849ba16a33aad6f47dc95e96225f61c96d0124d539c7,2021-06,Derbyshire Constabulary,Derbyshire Constabulary,-1.368529,53.009687,On or near Barnes Croft,E01019464,Amber Valley 012E,Criminal damage and arson,Investigation complete; no suspect identified,
af7a76125996049d5126aca9c3a9b48bf0ab03276cb40506b0dd92b177ba02cc,2021-06,Derbyshire Constabulary,Derbyshire Constabulary,-1.372499,53.009312,On or near The Beeches,E01019464,Amber Valley 012E,Criminal damage and arson,Local resolution,
0daba9c815797ba4252bb1010fc81e511a3383ac98ba826afbb99993c6cd1e91,2021-06,Derbyshire Constabulary,Derbyshire Constabulary,-1.372499,53.009312,On or near The Beeches,E01019464,Amber Valley 012E,Other theft,Investigation complete; no suspect identified,
fc0e0ab2de692f021d303a7bb5ffae811d796f18733440edb0d545f6b418df68,2021-06,Derbyshire Constabulary,Derbyshire Constabulary,-1.393085,53.000582,On or near Greenside View,E01019464,Amber Valley 012E,Public order,Status update unavailable,
b6ca48b2d30ef90e0bc9d8ac0bbd2800bd02700c0dac731684c40019082cd008,2021-06,Derbyshire Constabulary,Derbyshire Constabulary,-1.393085,53.000582,On or near Greenside View,E01019464,Amber Valley 012E,Public order,Unable to prosecute suspect,
573b022ac496f90838670807e2e04a6a91ffe8de4c4b41751c1bb57f30043073,2021-06,Derbyshire Constabulary,Derbyshire Constabulary,-1.366267,53.007445,On or near Delves Road,E01019464,Amber Valley 012E,Violence and sexual offences,Unable to prosecute suspect,
e0ad6f91b3ecb9fe633ebebd3714c7dbbe307c10f947b6a8019e95fb698451c4,2021-06,Derbyshire Constabulary,Derbyshire Constabulary,-1.370252,53.011134,On or near Kirkley Drive,E01019464,Amber Valley 012E,Violence and sexual offences,Unable to prosecute suspect,
542cd68359ef886a8c661d4e01977410fd181e76f68ed51feb89bc6228361a84,2021-06,Derbyshire Constabulary,Derbyshire Constabulary,-1.366267,53.007445,On or near Delves Road,E01019464,Amber Valley 012E,Violence and sexual offences,Investigation complete; no suspect identified,
5c06329683162915889436ad38c1a3074ba38a78b745291ea9f3dda6563e7c94,2021-06,Derbyshire Constabulary,Derbyshire Constabulary,-1.370351,53.009472,On or near Twyford Close,E01019464,Amber Valley 012E,Violence and sexual offences,Unable to prosecute suspect,
,2021-06,Derbyshire Constabulary,Derbyshire Constabulary,-1.339966,53.009208,On or near Breach Road,E01019434,Amber Valley 013A,Anti-social behaviour,,
,2021-06,Derbyshire Constabulary,Derbyshire Constabulary,-1.340726,53.012107,On or near Upton Close,E01019434,Amber Valley 013A,Anti-social behaviour,,
,2021-06,Derbyshire Constabulary,Derbyshire Constabulary,-1.340370,53.017858,On or near Station Road,E01019434,Amber Valley 013A,Anti-social behaviour,,
8947c6b06fdead260142d7a88d0a0b45fd241166b4e6343fe704a4f42be8ee72,2021-06,Derbyshire Constabulary,Derbyshire Constabulary,-1.339966,53.009208,On or near Breach Road,E01019434,Amber Valley 013A,Criminal damage and arson,Investigation complete; no suspect identified,
1843b23e99db0c5e6d5d6962b72e3c26045f71a0ba067dd099e67a28794a8915,2021-06,Derbyshire Constabulary,Derbyshire Constabulary,-1.337122,53.013912,On or near Julie Avenue,E01019434,Amber Valley 013A,Criminal damage and arson,Investigation complete; no suspect identified,
134a27d81be804641631303aa7232c8a7bb534c342fc06cfb661805f3dae976c,2021-06,Derbyshire Constabulary,Derbyshire Constabulary,-1.339966,53.009208,On or near Breach Road,E01019434,Amber Valley 013A,Criminal damage and arson,Investigation complete; no suspect identified,
55bd6e838581ff93efc5752ac3519773210e38bb477c89457123a0bc37a3dd10,2021-06,Derbyshire Constabulary,Derbyshire Constabulary,-1.339966,53.009208,On or near Breach Road,E01019434,Amber Valley 013A,Criminal damage and arson,Investigation complete; no suspect identified,
6f12c48ebbe3b15d31102fe8db0c565d8e33b50e3f05cf4f7da7bf578acbb774,2021-06,Derbyshire Constabulary,Derbyshire Constabulary,-1.340370,53.017858,On or near Station Road,E01019434,Amber Valley 013A,Vehicle crime,Investigation complete; no suspect identified,
9b2e312f6296199d9ebdab346ae5340fa48b4a3f0be53c696da6844f48ea11e9,2021-06,Derbyshire Constabulary,Derbyshire Constabulary,-1.339966,53.009208,On or near Breach Road,E01019434,Amber Valley 013A,Violence and sexual offences,Status update unavailable,
db7c132f2808a92d56774202aa8e3b886c707ceb4e23ad20ec4396701e1aa737,2021-06,Derbyshire Constabulary,Derbyshire Constabulary,-1.339966,53.009208,On or near Breach Road,E01019434,Amber Valley 013A,Violence and sexual offences,Unable to prosecute suspect,
8fd37226285160f82bd31921cf36a86f0eb7a26d9f0e521f572930f2c0122a4d,2021-06,Derbyshire Constabulary,Derbyshire Constabulary,-1.340370,53.017858,On or near Station Road,E01019434,Amber Valley 013A,Violence and sexual offences,Local resolution,
e329c236ec39203641c37cfa586e0b5289eeb9a150fd109eab219984b26f0b4d,2021-06,Derbyshire Constabulary,Derbyshire Constabulary,-1.340726,53.012107,On or near Upton Close,E01019434,Amber Valley 013A,Violence and sexual offences,Unable to prosecute suspect,
349bb62c4ad914fc2f9a385469cfa8c57897ca3fdb1ec905ba0472bfbf16a50a,2021-06,Derbyshire Constabulary,Derbyshire Constabulary,-1.341049,53.016342,On or near Elmsfield Avenue,E01019434,Amber Valley 013A,Violence and sexual offences,Investigation complete; no suspect identified,
,2021-06,Derbyshire Constabulary,Derbyshire Constabulary,-1.334099,53.009814,On or near Kew Crescent,E01019435,Amber Valley 013B,Anti-social behaviour,,
,2021-06,Derbyshire Constabulary,Derbyshire Constabulary,-1.334033,53.012213,On or near Avocet Close,E01019435,Amber Valley 013B,Anti-social behaviour,,
,2021-06,Derbyshire Constabulary,Derbyshire Constabulary,-1.330681,53.012087,On or near Jasmine Court,E01019435,Amber Valley 013B,Anti-social behaviour,,
,2021-06,Derbyshire Constabulary,Derbyshire Constabulary,-1.334099,53.009814,On or near Kew Crescent,E01019435,Amber Valley 013B,Anti-social behaviour,,
,2021-06,Derbyshire Constabulary,Derbyshire Constabulary,-1.334099,53.009814,On or near Kew Crescent,E01019435,Amber Valley 013B,Anti-social behaviour,,
b0eab582102669c536fc3e66700c9ab21d82a1db02ea0d2af369bcb5ebc5172b,2021-06,Derbyshire Constabulary,Derbyshire Constabulary,-1.337264,53.012402,On or near Thistle Green Close,E01019435,Amber Valley 013B,Other theft,Unable to prosecute suspect,
a48442ea3f416f4ba53569b89cd26aac88980f0be9b1d29ce092bc249a4a8da5,2021-06,Derbyshire Constabulary,Derbyshire Constabulary,-1.334010,53.012726,On or near Lavender Gardens,E01019435,Amber Valley 013B,Violence and sexual offences,Unable to prosecute suspect,
2e571d5253131b20b3c838daf4478335b95834cf255749ef619625ef47fee8d8,2021-06,Derbyshire Constabulary,Derbyshire Constabulary,-1.334099,53.009814,On or near Kew Crescent,E01019435,Amber Valley 013B,Violence and sexual offences,Unable to prosecute suspect,
acf1ae32474b34e53d744f71cab582813821d31ef286e8c2ad32797b6464d958,2021-06,Derbyshire Constabulary,Derbyshire Constabulary,-1.334099,53.009814,On or near Kew Crescent,E01019435,Amber Valley 013B,Violence and sexual offences,Unable to prosecute suspect,
a3d4ec9a8ad4e61804e57f6e3060850334be2acf7f13cf697d48c10791352825,2021-06,Derbyshire Constabulary,Derbyshire Constabulary,-1.334099,53.009814,On or near Kew Crescent,E01019435,Amber Valley 013B,Violence and sexual offences,Local resolution,
badca233223b74c1332c97ac1e72736ea789d4119d2903018ed40a8b6ec41657,2021-06,Derbyshire Constabulary,Derbyshire Constabulary,-1.334033,53.012213,On or near Avocet Close,E01019435,Amber Valley 013B,Violence and sexual offences,Unable to prosecute suspect,
e8662790265886c13745370c2ac04c8c02c8e98cf07844a0ac37065ea213aeb9,2021-06,Derbyshire Constabulary,Derbyshire Constabulary,-1.334099,53.009814,On or near Kew Crescent,E01019435,Amber Valley 013B,Violence and sexual offences,Status update unavailable,
5243c646187b6916932f79e03389d1e3219e7a101061bfde48688023e31bd1f8,2021-06,Derbyshire Constabulary,Derbyshire Constabulary,-1.331527,53.011318,On or near Smeeton Street,E01019435,Amber Valley 013B,Violence and sexual offences,Unable to prosecute suspect,
,2021-06,Derbyshire Constabulary,Derbyshire Constabulary,-1.350723,53.011443,On or near Ilkeston Road,E01019436,Amber Valley 013C,Anti-social behaviour,,
,2021-06,Derbyshire Constabulary,Derbyshire Constabulary,-1.353499,53.008186,On or near Lockton Avenue,E01019436,Amber Valley 013C,Anti-social behaviour,,
,2021-06,Derbyshire Constabulary,Derbyshire Constabulary,-1.350723,53.011443,On or near Ilkeston Road,E01019436,Amber Valley 013C,Anti-social behaviour,,
,2021-06,Derbyshire Constabulary,Derbyshire Constabulary,-1.350723,53.011443,On or near Ilkeston Road,E01019436,Amber Valley 013C,Anti-social behaviour,,
,2021-06,Derbyshire Constabulary,Derbyshire Constabulary,-1.345589,53.007954,On or near The Old Pond,E01019436,Amber Valley 013C,Anti-social behaviour,,
,2021-06,Derbyshire Constabulary,Derbyshire Constabulary,-1.350723,53.011443,On or near Ilkeston Road,E01019436,Amber Valley 013C,Anti-social behaviour,,
,2021-06,Derbyshire Constabulary,Derbyshire Constabulary,-1.348047,53.008974,On or near Ilkeston Road,E01019436,Amber Valley 013C,Anti-social behaviour,,
,2021-06,Derbyshire Constabulary,Derbyshire Constabulary,-1.350723,53.011443,On or near Ilkeston Road,E01019436,Amber Valley 013C,Anti-social behaviour,,
,2021-06,Derbyshire Constabulary,Derbyshire Constabulary,-1.343348,53.008274,On or near Weston Street,E01019436,Amber Valley 013C,Anti-social behaviour,,
de87827deaa2440b186ec532cee236a3968e474d81f24bd3f6e585b2b8ba68b9,2021-06,Derbyshire Constabulary,Derbyshire Constabulary,-1.344574,53.010986,On or near Ella Bank Road,E01019436,Amber Valley 013C,Burglary,Investigation complete; no suspect identified,
9d8765d3f29f820e7571afa0a54d8f289ce8a69f54affc2847c6460547675003,2021-06,Derbyshire Constabulary,Derbyshire Constabulary,-1.345589,53.007954,On or near The Old Pond,E01019436,Amber Valley 013C,Criminal damage and arson,Unable to prosecute suspect,
7bd1c7600ff06c1ab8f2feaf2a236232335ffdae88662c0bf0794b827d2039dc,2021-06,Derbyshire Constabulary,Derbyshire Constabulary,-1.348870,53.006758,On or near Western Drive,E01019436,Amber Valley 013C,Public order,Local resolution,
0a8d99e27469a863ae034fb7dc676457db2144063f09bcf58f9422e575e63bca,2021-06,Derbyshire Constabulary,Derbyshire Constabulary,-1.349836,53.012894,On or near Vicarage Gardens,E01019436,Amber Valley 013C,Public order,Local resolution,
c7f3358dce8bb92de91d5f44ddf5f90dac799d9704430bd62e69112e9d65e0a3,2021-06,Derbyshire Constabulary,Derbyshire Constabulary,-1.353499,53.008186,On or near Lockton Avenue,E01019436,Amber Valley 013C,Violence and sexual offences,Local resolution,
18848f86e51599fda655da742e34ce8c7451e1f389c2603853ecd03ca1c71a5f,2021-06,Derbyshire Constabulary,Derbyshire Constabulary,-1.343018,53.006465,On or near Gillott Street,E01019436,Amber Valley 013C,Violence and sexual offences,Unable to prosecute suspect,
2561928ee4752570d2ef2d1e670eeeb4a81b0ef8e716c294a3d5524c6f1a1946,2021-06,Derbyshire Constabulary,Derbyshire Constabulary,-1.343018,53.006465,On or near Gillott Street,E01019436,Amber Valley 013C,Violence and sexual offences,Unable to prosecute suspect,
,2021-06,Derbyshire Constabulary,Derbyshire Constabulary,-1.345898,53.014077,On or near Starthe Bank,E01019439,Amber Valley 013D,Anti-social behaviour,,
,2021-06,Derbyshire Constabulary,Derbyshire Constabulary,-1.349420,53.014788,On or near St Lawrence Close,E01019439,Amber Valley 013D,Anti-social behaviour,,
982019576d9176a23809ac6c8dbbd8aacdf2d82775d0bb0dff0fdddf3cffcd85,2021-06,Derbyshire Constabulary,Derbyshire Constabulary,-1.345327,53.012465,On or near Hand'S Road,E01019439,Amber Valley 013D,Other theft,Unable to prosecute suspect,
8910d0d6f7ced31fe71854d81c48d80a9a82db9b0956050d2fb30acb3672e7b3,2021-06,Derbyshire Constabulary,Derbyshire Constabulary,-1.345898,53.014077,On or near Starthe Bank,E01019439,Amber Valley 013D,Violence and sexual offences,Unable to prosecute suspect,
8edf40a6c8fbbe8aade406ef2073229f5909b6c585f7771bf28aecd5234b71e3,2021-06,Derbyshire Constabulary,Derbyshire Constabulary,-1.342058,53.017661,On or near Ardsley Close,E01019439,Amber Valley 013D,Violence and sexual offences,Unable to prosecute suspect,
c4f5085b4df4584aa1390d2d480858f3d9cff2daa02d1d3089b71a1db737b3b4,2021-06,Derbyshire Constabulary,Derbyshire Constabulary,-1.345341,53.016411,On or near Mansfield Road,E01019439,Amber Valley 013D,Violence and sexual offences,Unable to prosecute suspect,
40d20ec4e45b13ae3e656b25cbc4083c4c0536ad90cabc341be07435582addca,2021-06,Derbyshire Constabulary,Derbyshire Constabulary,-1.345898,53.014077,On or near Starthe Bank,E01019439,Amber Valley 013D,Violence and sexual offences,Status update unavailable,
,2021-06,Derbyshire Constabulary,Derbyshire Constabulary,-1.353806,53.012538,On or near Mundy Street,E01019440,Amber Valley 013E,Anti-social behaviour,,
,2021-06,Derbyshire Constabulary,Derbyshire Constabulary,-1.354157,53.014023,On or near Shopping Area,E01019440,Amber Valley 013E,Anti-social behaviour,,
,2021-06,Derbyshire Constabulary,Derbyshire Constabulary,-1.353645,53.013364,On or near Market Place,E01019440,Amber Valley 013E,Anti-social behaviour,,
,2021-06,Derbyshire Constabulary,Derbyshire Constabulary,-1.352670,53.012775,On or near Further/Higher Educational Building,E01019440,Amber Valley 013E,Anti-social behaviour,,
,2021-06,Derbyshire Constabulary,Derbyshire Constabulary,-1.353645,53.013364,On or near Market Place,E01019440,Amber Valley 013E,Anti-social behaviour,,
,2021-06,Derbyshire Constabulary,Derbyshire Constabulary,-1.354157,53.014023,On or near Shopping Area,E01019440,Amber Valley 013E,Anti-social behaviour,,
,2021-06,Derbyshire Constabulary,Derbyshire Constabulary,-1.354157,53.014023,On or near Shopping Area,E01019440,Amber Valley 013E,Anti-social behaviour,,
,2021-06,Derbyshire Constabulary,Derbyshire Constabulary,-1.354157,53.014023,On or near Shopping Area,E01019440,Amber Valley 013E,Anti-social behaviour,,
,2021-06,Derbyshire Constabulary,Derbyshire Constabulary,-1.353645,53.013364,On or near Market Place,E01019440,Amber Valley 013E,Anti-social behaviour,,
,2021-06,Derbyshire Constabulary,Derbyshire Constabulary,-1.354813,53.014018,On or near Market Street,E01019440,Amber Valley 013E,Anti-social behaviour,,
,2021-06,Derbyshire Constabulary,Derbyshire Constabulary,-1.353554,53.013490,On or near Parking Area,E01019440,Amber Valley 013E,Anti-social behaviour,,
,2021-06,Derbyshire Constabulary,Derbyshire Constabulary,-1.354157,53.014023,On or near Shopping Area,E01019440,Amber Valley 013E,Anti-social behaviour,,
,2021-06,Derbyshire Constabulary,Derbyshire Constabulary,-1.354157,53.014023,On or near Shopping Area,E01019440,Amber Valley 013E,Anti-social behaviour,,
26f7289d25d805b4dd0869864966373315bbc86e46138cce4221733ab0adc105,2021-06,Derbyshire Constabulary,Derbyshire Constabulary,-1.349584,53.017765,On or near Lowlands Lea,E01019440,Amber Valley 013E,Criminal damage and arson,Local resolution,
3d2b3dd98b56f6aefeda7a31b068e93f612c08e06985c819a224c4e9b6b24915,2021-06,Derbyshire Constabulary,Derbyshire Constabulary,-1.354813,53.014018,On or near Market Street,E01019440,Amber Valley 013E,Criminal damage and arson,Investigation complete; no suspect identified,
32a9f4a019a5eaa622ab6ca922d264c1e38d86d67af0ffdb1d8627680056f632,2021-06,Derbyshire Constabulary,Derbyshire Constabulary,-1.353554,53.013490,On or near Parking Area,E01019440,Amber Valley 013E,Other theft,Investigation complete; no suspect identified,
1589841d971dc12a3917bf96b27aa1544bacd64632e6265f017266fb093c58b1,2021-06,Derbyshire Constabulary,Derbyshire Constabulary,-1.352627,53.010680,On or near Trinity Way,E01019440,Amber Valley 013E,Other theft,Investigation complete; no suspect identified,
1baaca02f5281d45347ac5923bca4ab0586f1bd54e0d156fa2f0b9dbfd750035,2021-06,Derbyshire Constabulary,Derbyshire Constabulary,-1.348782,53.017617,On or near Johnson Drive,E01019440,Amber Valley 013E,Other theft,Local resolution,
0e7d3a8cdf2447311f7c9bef19dd7373a1864ee6251cc55b07da47115b947037,2021-06,Derbyshire Constabulary,Derbyshire Constabulary,-1.354813,53.014018,On or near Market Street,E01019440,Amber Valley 013E,Other theft,Unable to prosecute suspect,
f0fd8a84f6ad3ef60859484412bbd654a706b7794d6eef443c68b024169aac64,2021-06,Derbyshire Constabulary,Derbyshire Constabulary,-1.348879,53.016089,On or near Watson Avenue,E01019440,Amber Valley 013E,Public order,Unable to prosecute suspect,
20f64b06f8db56f8abaeec07676cfb555355c3f9c9f241a2b0b9148a4a368bc9,2021-06,Derbyshire Constabulary,Derbyshire Constabulary,-1.353554,53.013490,On or near Parking Area,E01019440,Amber Valley 013E,Public order,Investigation complete; no suspect identified,
bed60eb0db25ff5a74f435f6707e75c7b5853bfb7f443a3fa51b0cee708ecc5d,2021-06,Derbyshire Constabulary,Derbyshire Constabulary,-1.349584,53.017765,On or near Lowlands Lea,E01019440,Amber Valley 013E,Public order,Local resolution,
44a3fce02309696cec205e763db5da032198b6b10cff621eb711c64e37f0574b,2021-06,Derbyshire Constabulary,Derbyshire Constabulary,-1.349584,53.017765,On or near Lowlands Lea,E01019440,Amber Valley 013E,Public order,Offender given a caution,
4ab87789a20ef348839cf976e2d1ad8a081ada588d37ef9b71c23d696f35c0a9,2021-06,Derbyshire Constabulary,Derbyshire Constabulary,-1.354813,53.014018,On or near Market Street,E01019440,Amber Valley 013E,Public order,Investigation complete; no suspect identified,
63fdfbf73c1e00906726245ea2808ca798df1417b4a4abe1d607e2b3dd1c81ff,2021-06,Derbyshire Constabulary,Derbyshire Constabulary,-1.354253,53.014554,On or near Parking Area,E01019440,Amber Valley 013E,Shoplifting,Investigation complete; no suspect identified,
edfe772ea10d54b1a895e079c3d2272b289a8c6c90e9d931f697b70fc88e4a23,2021-06,Derbyshire Constabulary,Derbyshire Constabulary,-1.354813,53.014018,On or near Market Street,E01019440,Amber Valley 013E,Shoplifting,Awaiting court outcome,
884741998076f32bfe2f972427f5c9e26f5cdc68c78cfc7c96d0e3722e2907ca,2021-06,Derbyshire Constabulary,Derbyshire Constabulary,-1.354813,53.014018,On or near Market Street,E01019440,Amber Valley 013E,Shoplifting,Investigation complete; no suspect identified,
ec3bf2823140dbe859d07728fb7d87b3cd4a60cbceef7c1eb5d558c38a27a189,2021-06,Derbyshire Constabulary,Derbyshire Constabulary,-1.354813,53.014018,On or near Market Street,E01019440,Amber Valley 013E,Shoplifting,Awaiting court outcome,
c97ad0c4f391a706d26b3f29e7f9bfe2c8a6313a56890fa58ed48b94fdab5186,2021-06,Derbyshire Constabulary,Derbyshire Constabulary,-1.354432,53.013548,On or near Heanor Police Station,E01019440,Amber Valley 013E,Violence and sexual offences,Unable to prosecute suspect,
873be3c2cc1452522655a6a4e65a005b3b0b2533f76cdad83e28eee7bde4bdbb,2021-06,Derbyshire Constabulary,Derbyshire Constabulary,-1.349584,53.017765,On or near Lowlands Lea,E01019440,Amber Valley 013E,Violence and sexual offences,Local resolution,
0dd39b49bd73c33ab1342d196c8b418bbe32f03180f219b0fcd058febea14b5c,2021-06,Derbyshire Constabulary,Derbyshire Constabulary,-1.348879,53.016089,On or near Watson Avenue,E01019440,Amber Valley 013E,Violence and sexual offences,Unable to prosecute suspect,
3017cda22c2acb48a1cc99d760c8236af8c2a6a8f7952df0c53dd93e11cccdda,2021-06,Derbyshire Constabulary,Derbyshire Constabulary,-1.354432,53.013548,On or near Heanor Police Station,E01019440,Amber Valley 013E,Violence and sexual offences,Unable to prosecute suspect,
5c7db125ad0f5fba090ab04e806963e5a0f02bf8b44a997ed5f2f6c3b34777c7,2021-06,Derbyshire Constabulary,Derbyshire Constabulary,-1.353806,53.012538,On or near Mundy Street,E01019440,Amber Valley 013E,Violence and sexual offences,Unable to prosecute suspect,
b5decd86624b1c595708b18b7c6ebb0ea2793b0778fb99973379faefb94730cd,2021-06,Derbyshire Constabulary,Derbyshire Constabulary,-1.353160,53.011878,On or near Lilac Grove,E01019440,Amber Valley 013E,Violence and sexual offences,Investigation complete; no suspect identified,
2eb03ed213f705245df9d2975299c587a075549b1d6ad6d28f72538d95df463c,2021-06,Derbyshire Constabulary,Derbyshire Constabulary,-1.354432,53.013548,On or near Heanor Police Station,E01019440,Amber Valley 013E,Violence and sexual offences,Unable to prosecute suspect,
cdbfdb0205ad76d9a6ad917c8f354e6253aa50532e3eaf2bea4a822d0cbfa4c2,2021-06,Derbyshire Constabulary,Derbyshire Constabulary,-1.354813,53.014018,On or near Market Street,E01019440,Amber Valley 013E,Violence and sexual offences,Status update unavailable,
,2021-06,Derbyshire Constabulary,Derbyshire Constabulary,-1.424662,53.004874,On or near Fairview Grange,E01019446,Amber Valley 015A,Anti-social behaviour,,
7f05261dd53df1d78eb875e634a718fbd1579759f48676cb2767c4a783a12f0e,2021-06,Derbyshire Constabulary,Derbyshire Constabulary,-1.428428,53.008596,On or near Chapel Street,E01019446,Amber Valley 015A,Criminal damage and arson,Investigation complete; no suspect identified,
4d5dbc3cbcdb99c6bf0180f49869288d38d4e178cd3a6e54439b9908dd1eb2b3,2021-06,Derbyshire Constabulary,Derbyshire Constabulary,-1.428428,53.008596,On or near Chapel Street,E01019446,Amber Valley 015A,Possession of weapons,Status update unavailable,
242d3ab4ee93becd1b5aca348bf1fe07ac8e6b847d8e07e0ddadb4dd405de209,2021-06,Derbyshire Constabulary,Derbyshire Constabulary,-1.428428,53.008596,On or near Chapel Street,E01019446,Amber Valley 015A,Public order,Unable to prosecute suspect,
fb6e5907f5e76b4651438adbd25cc9e48e0676689dbed2c2dfb64c46b29eb1d9,2021-06,Derbyshire Constabulary,Derbyshire Constabulary,-1.424963,53.002440,On or near Main Street,E01019446,Amber Valley 015A,Shoplifting,Unable to prosecute suspect,
6c1d0b112fb5eca5e1f9040a878f8936c0d6249fc9d24f6e743acd900d34fa64,2021-06,Derbyshire Constabulary,Derbyshire Constabulary,-1.426049,53.007021,On or near Elm Tree Avenue,E01019446,Amber Valley 015A,Violence and sexual offences,Unable to prosecute suspect,
4d3d4c575ca22a5dac4255187f6bb8d17157081d57798ee8120b1d94a3e1bf24,2021-06,Derbyshire Constabulary,Derbyshire Constabulary,-1.426049,53.007021,On or near Elm Tree Avenue,E01019446,Amber Valley 015A,Violence and sexual offences,Unable to prosecute suspect,
,2021-06,Derbyshire Constabulary,Derbyshire Constabulary,-1.442447,53.022911,On or near A38,E01019448,Amber Valley 015B,Anti-social behaviour,,
,2021-06,Derbyshire Constabulary,Derbyshire Constabulary,-1.429936,53.015148,On or near Brookvale Rise,E01019448,Amber Valley 015B,Anti-social behaviour,,
,2021-06,Derbyshire Constabulary,Derbyshire Constabulary,-1.442447,53.022911,On or near A38,E01019448,Amber Valley 015B,Anti-social behaviour,,
6f205c52c370a6a92411b093f6440df98e43eeadfd80509bf370940cbe2f9a27,2021-06,Derbyshire Constabulary,Derbyshire Constabulary,-1.398788,53.017979,On or near Sports/Recreation Area,E01019448,Amber Valley 015B,Burglary,Investigation complete; no suspect identified,
10fa750c505b48253b0ccb87600fcea86f19503bae427ca499c2990ff6100dce,2021-06,Derbyshire Constabulary,Derbyshire Constabulary,-1.398788,53.017979,On or near Sports/Recreation Area,E01019448,Amber Valley 015B,Other theft,Investigation complete; no suspect identified,
c0ec1967d6a50324542156aa114e7515d89d12beb0685de67329034f038a65f9,2021-06,Derbyshire Constabulary,Derbyshire Constabulary,-1.433198,53.013069,On or near Danesby Crescent,E01019448,Amber Valley 015B,Other theft,Investigation complete; no suspect identified,
08340d7e837c64b7422187c5ec0557d5e6e09399a1d5f39d8cc1414bb475ebb4,2021-06,Derbyshire Constabulary,Derbyshire Constabulary,-1.387739,53.022444,On or near Heanor Road,E01019448,Amber Valley 015B,Other theft,Investigation complete; no suspect identified,
cc558bba558785a59b29ee6bcf65b29e10d3d344b2bffb75de2b3d5ff87d8063,2021-06,Derbyshire Constabulary,Derbyshire Constabulary,-1.398788,53.017979,On or near Sports/Recreation Area,E01019448,Amber Valley 015B,Public order,Investigation complete; no suspect identified,
e1deab4c416a9540914a596e06fa4f06e88bc1013f43d82aad209c6a25bb5828,2021-06,Derbyshire Constabulary,Derbyshire Constabulary,-1.431725,53.014023,On or near Danesby Rise,E01019448,Amber Valley 015B,Public order,Offender given a caution,
c59f5c10064ae04ac9bcac2a26c8f35df0ba149975742ae8a437d721cc63f7a5,2021-06,Derbyshire Constabulary,Derbyshire Constabulary,-1.384665,53.023660,On or near Loscoe-Denby Lane,E01019448,Amber Valley 015B,Vehicle crime,Unable to prosecute suspect,
700fb261ecceca700d539d808a2d3cf64a941c3ec3076ea5354913a42649145b,2021-06,Derbyshire Constabulary,Derbyshire Constabulary,-1.427334,53.030480,On or near Sports/Recreation Area,E01019448,Amber Valley 015B,Violence and sexual offences,Unable to prosecute suspect,
52eee90f5c9fc74274c3252de56ffca10daede9d5d019747e99d3ee34368b444,2021-06,Derbyshire Constabulary,Derbyshire Constabulary,-1.431725,53.014023,On or near Danesby Rise,E01019448,Amber Valley 015B,Violence and sexual offences,Status update unavailable,
4562e65c7279dbe6209782da78c783071d95b95b53140aaa1e50a2b0f95db54a,2021-06,Derbyshire Constabulary,Derbyshire Constabulary,-1.430673,53.015825,On or near Brookvale Road,E01019448,Amber Valley 015B,Violence and sexual offences,Unable to prosecute suspect,
3db4fbb9b8dc1203097fa2fec4e6f3f47761234bb0b8f96978e90c45cd6b519b,2021-06,Derbyshire Constabulary,Derbyshire Constabulary,-1.431725,53.014023,On or near Danesby Rise,E01019448,Amber Valley 015B,Violence and sexual offences,Offender given a caution,
6cda0268588bdacf0c42075ed1b210d3415f9f474792305f0197d8cec2300eca,2021-06,Derbyshire Constabulary,Derbyshire Constabulary,-1.431725,53.014023,On or near Danesby Rise,E01019448,Amber Valley 015B,Violence and sexual offences,Status update unavailable,
dff436552bc43adc2e76cea287d394e04fd7c8cda7ee5b6ce9ea404e434b5ee6,2021-06,Derbyshire Constabulary,Derbyshire Constabulary,-1.430673,53.015825,On or near Brookvale Road,E01019448,Amber Valley 015B,Violence and sexual offences,Unable to prosecute suspect,
a4479c54ae44f6610feddde44cd58dcca0c3c60b9380ff2c39e384fbe0c77f64,2021-06,Derbyshire Constabulary,Derbyshire Constabulary,-1.408648,53.031710,On or near Pargate Close,E01019448,Amber Valley 015B,Violence and sexual offences,Status update unavailable,
2d92fe2ed9b1e343c892edb06da95aea2ff0319ef421e17245a1c3a9aae030e8,2021-06,Derbyshire Constabulary,Derbyshire Constabulary,-1.429936,53.015148,On or near Brookvale Rise,E01019448,Amber Valley 015B,Violence and sexual offences,Unable to prosecute suspect,
4de767cb12c045711a5af7ee8713f461c66e4c310a153ef0f05e7e3228d4227e,2021-06,Derbyshire Constabulary,Derbyshire Constabulary,-1.412687,53.012115,On or near Oaklands Close,E01019448,Amber Valley 015B,Violence and sexual offences,Unable to prosecute suspect,
1e7d19f7281a5229fdc639069540c0271996a1f523b83be162c84b6bab635695,2021-06,Derbyshire Constabulary,Derbyshire Constabulary,-1.412687,53.012115,On or near Oaklands Close,E01019448,Amber Valley 015B,Violence and sexual offences,Unable to prosecute suspect,
fe52d64f5f39ec8f1586f86130943564e4515cb81fb3ae96de33a02dc6382724,2021-06,Derbyshire Constabulary,Derbyshire Constabulary,-1.431725,53.014023,On or near Danesby Rise,E01019448,Amber Valley 015B,Other crime,Status update unavailable,
2cb91e16402c62f09aa750090f9bc6d2e19c947315d0d95233d2047f0afdc6d9,2021-06,Derbyshire Constabulary,Derbyshire Constabulary,-1.412687,53.012115,On or near Oaklands Close,E01019448,Amber Valley 015B,Other crime,Status update unavailable,
,2021-06,Derbyshire Constabulary,Derbyshire Constabulary,-1.429687,53.004683,On or near Field Court,E01019450,Amber Valley 015C,Anti-social behaviour,,
,2021-06,Derbyshire Constabulary,Derbyshire Constabulary,-1.430033,53.007840,On or near High Street,E01019450,Amber Valley 015C,Anti-social behaviour,,
,2021-06,Derbyshire Constabulary,Derbyshire Constabulary,-1.429687,53.004683,On or near Field Court,E01019450,Amber Valley 015C,Anti-social behaviour,,
,2021-06,Derbyshire Constabulary,Derbyshire Constabulary,-1.433635,53.006985,On or near Dale Park Avenue,E01019450,Amber Valley 015C,Anti-social behaviour,,
,2021-06,Derbyshire Constabulary,Derbyshire Constabulary,-1.435355,53.008863,On or near The Flat,E01019450,Amber Valley 015C,Anti-social behaviour,,
e529cfff67208e8b98342d12280487b82aced823dd7b93385bdaddb5a4afa66e,2021-06,Derbyshire Constabulary,Derbyshire Constabulary,-1.432681,53.005866,On or near Holbrook View,E01019450,Amber Valley 015C,Criminal damage and arson,Investigation complete; no suspect identified,
3ce4acf9de371950ab39b19650240ff6c61f5158f65abc2d47cb4acf1c68b71f,2021-06,Derbyshire Constabulary,Derbyshire Constabulary,-1.430033,53.007840,On or near High Street,E01019450,Amber Valley 015C,Public order,Action to be taken by another organisation,
05dfed6b6a8f3e2d002a5e4dc4e75aa2f1a2b285c5ca34099e42089995d5b98e,2021-06,Derbyshire Constabulary,Derbyshire Constabulary,-1.429687,53.004683,On or near Field Court,E01019450,Amber Valley 015C,Public order,Investigation complete; no suspect identified,
9a743f6e5c0c75ba472a79f52330540c3684508ef429f442ba6def3c620e62b7,2021-06,Derbyshire Constabulary,Derbyshire Constabulary,-1.433040,53.006901,On or near Alfred Road,E01019450,Amber Valley 015C,Violence and sexual offences,Local resolution,
a971eb27a5173fcc6d0b0fd0d571a841d6b7c63208da00e733affcac366ab5b0,2021-06,Derbyshire Constabulary,Derbyshire Constabulary,-1.429860,53.006230,On or near Hillcrest Drive,E01019450,Amber Valley 015C,Violence and sexual offences,Unable to prosecute suspect,
89c1e90d59215a0a2dc71c51d5d30bc2f97120166cf254d1e9e85fea8cf1172a,2021-06,Derbyshire Constabulary,Derbyshire Constabulary,-1.430033,53.007840,On or near High Street,E01019450,Amber Valley 015C,Violence and sexual offences,Unable to prosecute suspect,
79074143e417ecd95764a3e4680c105510f300c8d04d067ff24f6265ec442b6b,2021-06,Derbyshire Constabulary,Derbyshire Constabulary,-1.429860,53.006230,On or near Hillcrest Drive,E01019450,Amber Valley 015C,Violence and sexual offences,Status update unavailable,
6500c5f593034ec13f84ac6e7d4793e50ba637fd47457847954bab040eb2c445,2021-06,Derbyshire Constabulary,Derbyshire Constabulary,-1.429687,53.004683,On or near Field Court,E01019450,Amber Valley 015C,Violence and sexual offences,Unable to prosecute suspect,
480f1740505a2e0176afb18459b352cdf2b0e884a922f19e468f061fdd5dab2b,2021-06,Derbyshire Constabulary,Derbyshire Constabulary,-1.429687,53.004683,On or near Field Court,E01019450,Amber Valley 015C,Violence and sexual offences,Unable to prosecute suspect,
,2021-06,Derbyshire Constabulary,Derbyshire Constabulary,-1.391773,52.999515,On or near Richardson Drive,E01019465,Amber Valley 015D,Anti-social behaviour,,
,2021-06,Derbyshire Constabulary,Derbyshire Constabulary,-1.394050,52.997621,On or near Stafford Close,E01019465,Amber Valley 015D,Anti-social behaviour,,
5fea5e5be289f1d765afd29c702d16c37521b995d812b03822a4ff9ac1eab663,2021-06,Derbyshire Constabulary,Derbyshire Constabulary,-1.391773,52.999515,On or near Richardson Drive,E01019465,Amber Valley 015D,Criminal damage and arson,Unable to prosecute suspect,
a893301da478d55609bd134991c4ca4052e47de73d2f90f40ef7c1fd8e144edc,2021-06,Derbyshire Constabulary,Derbyshire Constabulary,-1.411763,53.000056,On or near The Orchard,E01019465,Amber Valley 015D,Criminal damage and arson,Investigation complete; no suspect identified,
5a5aa67527eeb2e3297aa6c5069ba870dc88d3755c577d717db14a04fc7f8fcf,2021-06,Derbyshire Constabulary,Derbyshire Constabulary,-1.396914,52.998480,On or near Sports/Recreation Area,E01019465,Amber Valley 015D,Public order,Unable to prosecute suspect,
a20c7fbeac9380740a03b43bda09fe19821461d787c82011f318c82d68fccb3d,2021-06,Derbyshire Constabulary,Derbyshire Constabulary,-1.396914,52.998480,On or near Sports/Recreation Area,E01019465,Amber Valley 015D,Public order,Status update unavailable,
87207323c0296b61c26124d96d9fc76341085764bea8bbcb4f6ec951d42d7bc9,2021-06,Derbyshire Constabulary,Derbyshire Constabulary,-1.413095,53.000701,On or near Fairfield Road,E01019465,Amber Valley 015D,Violence and sexual offences,Status update unavailable,
fe197b4919c3f0f4a795cba64efdab9dc5db266d1e3c87d1c5080efa9c01dbb4,2021-06,Derbyshire Constabulary,Derbyshire Constabulary,-1.413095,53.000701,On or near Fairfield Road,E01019465,Amber Valley 015D,Violence and sexual offences,Unable to prosecute suspect,
69c294ff117914628a65ddbbf4d65128cbb19e3ddb4703432037b3a3608cb8c4,2021-06,Derbyshire Constabulary,Derbyshire Constabulary,-1.391773,52.999515,On or near Richardson Drive,E01019465,Amber Valley 015D,Violence and sexual offences,Unable to prosecute suspect,
dda078747e14a00ac76d69920ed28885bf2c8d5281815f091d90f4ffdedbbe18,2021-06,Derbyshire Constabulary,Derbyshire Constabulary,-1.413095,53.000701,On or near Fairfield Road,E01019465,Amber Valley 015D,Violence and sexual offences,Unable to prosecute suspect,
b95fdbe6fd02759f1e3e2a592f28ee7dfc427095a996b809702823621333521a,2021-06,Derbyshire Constabulary,Derbyshire Constabulary,-1.391773,52.999515,On or near Richardson Drive,E01019465,Amber Valley 015D,Violence and sexual offences,Unable to prosecute suspect,
7626616df61b3263600b95d8e4cfc58758c3b62fef580042803a4412bce55d76,2021-06,Derbyshire Constabulary,Derbyshire Constabulary,-1.391773,52.999515,On or near Richardson Drive,E01019465,Amber Valley 015D,Violence and sexual offences,Unable to prosecute suspect,
720e338710b6f19ca5c515eec0b2433f5c17862c90b2fea2bed1ecaea5e77782,2021-06,Derbyshire Constabulary,Derbyshire Constabulary,-1.391773,52.999515,On or near Richardson Drive,E01019465,Amber Valley 015D,Violence and sexual offences,Unable to prosecute suspect,
,2021-06,Derbyshire Constabulary,Derbyshire Constabulary,-1.406375,52.983300,On or near Woodside,E01019467,Amber Valley 015E,Anti-social behaviour,,
4fef4921235b7e1437bbd389d8276a0b72f1a85954be330648aab4e757c7028b,2021-06,Derbyshire Constabulary,Derbyshire Constabulary,-1.443587,53.001486,On or near Brookfields,E01019467,Amber Valley 015E,Criminal damage and arson,Awaiting court outcome,
9387205dd8d6ffb51ec89310aed66a9ab6e9389904a2b73fe5f9a7d178952797,2021-06,Derbyshire Constabulary,Derbyshire Constabulary,-1.431661,52.997321,On or near Lady Lea Hill,E01019467,Amber Valley 015E,Criminal damage and arson,Unable to prosecute suspect,
ad5e445e9a726ccdf7f564cc7e9b0d7768c1fe14298ea10727acf7300381eb5e,2021-06,Derbyshire Constabulary,Derbyshire Constabulary,-1.437458,52.996090,On or near Church Street,E01019467,Amber Valley 015E,Criminal damage and arson,Investigation complete; no suspect identified,
46d092cf071394363a92c7906aa9839254d9c39f0e1dba0358173efa867d8e0d,2021-06,Derbyshire Constabulary,Derbyshire Constabulary,-1.418888,53.000936,On or near Main Street,E01019467,Amber Valley 015E,Other theft,Investigation complete; no suspect identified,
b603b9a0c7dbe233e45e6d1764eb2d6f6f2287a9dc3fbd9b5a67ff75c28830f7,2021-06,Derbyshire Constabulary,Derbyshire Constabulary,-1.418888,53.000936,On or near Main Street,E01019467,Amber Valley 015E,Other theft,Investigation complete; no suspect identified,
71ccfcc19aac4221a5c7cc3ec14a2614c6078b6fade3fafafbe1e2160302b251,2021-06,Derbyshire Constabulary,Derbyshire Constabulary,-1.443222,53.000891,On or near Petrol Station,E01019467,Amber Valley 015E,Other theft,Investigation complete; no suspect identified,
01c9f8cb17f24dce3cc13804bf0ef1a94a1f943dac78aa01345f7685e4fef9e7,2021-06,Derbyshire Constabulary,Derbyshire Constabulary,-1.443222,53.000891,On or near Petrol Station,E01019467,Amber Valley 015E,Other theft,Investigation complete; no suspect identified,
13aca9d5cb98c051291b1d4d10bd66bcda01fe891cc09fdc1f3551e7251dfadc,2021-06,Derbyshire Constabulary,Derbyshire Constabulary,-1.443222,53.000891,On or near Petrol Station,E01019467,Amber Valley 015E,Other theft,Unable to prosecute suspect,
200bf61e906a9886f174e474feeb7e6b7a088dac61ff4268ed410907baf08291,2021-06,Derbyshire Constabulary,Derbyshire Constabulary,-1.398077,52.981272,On or near Ilkeston Road,E01019467,Amber Valley 015E,Public order,Investigation complete; no suspect identified,
6ef804676b786dc443c72a608d9a7a79b1be0203dba8865e991925323ae477af,2021-06,Derbyshire Constabulary,Derbyshire Constabulary,-1.446162,52.988859,On or near Horsey Lane,E01019467,Amber Valley 015E,Public order,Unable to prosecute suspect,
3686e571a51b3c08463f6b26bff654f9c6ec2871afaaf63a6e1ad002c660af27,2021-06,Derbyshire Constabulary,Derbyshire Constabulary,-1.443222,53.000891,On or near Petrol Station,E01019467,Amber Valley 015E,Vehicle crime,Investigation complete; no suspect identified,
57501282fa77c091cf27ec1de9a1e839e384c2535e724fb8f14db760cf15a384,2021-06,Derbyshire Constabulary,Derbyshire Constabulary,-1.447710,52.980811,On or near Pedestrian Subway,E01019467,Amber Valley 015E,Violence and sexual offences,Status update unavailable,
3b48e35e7febf4662b25917f97ce2de4a79feaf14a2b3b11b3f733aa0e78bd87,2021-06,Derbyshire Constabulary,Derbyshire Constabulary,-1.447710,52.980811,On or near Pedestrian Subway,E01019467,Amber Valley 015E,Violence and sexual offences,Unable to prosecute suspect,
cc3fb854ae100f3f4b6efe5839ecfdc3e08efedc49e88d15174e06ed408d0aef,2021-06,Derbyshire Constabulary,Derbyshire Constabulary,-1.431661,52.997321,On or near Lady Lea Hill,E01019467,Amber Valley 015E,Violence and sexual offences,Investigation complete; no suspect identified,
bf9e49553c22037354035034f86fb8a9e1fc5fe37ee6613d8f7009f3e52ff058,2021-06,Derbyshire Constabulary,Derbyshire Constabulary,-1.431661,52.997321,On or near Lady Lea Hill,E01019467,Amber Valley 015E,Violence and sexual offences,Investigation complete; no suspect identified,
be1a6830778fb0042954823ea5a6f4724ed19a832f12903c602eab0c776d4bfd,2021-06,Derbyshire Constabulary,Derbyshire Constabulary,-1.416867,53.001627,On or near Clement Road,E01019467,Amber Valley 015E,Other crime,Investigation complete; no suspect identified,
85769ec435bae45a30eb81c592dfa8c2018dca297101e52e303ad7deaee08140,2021-06,Derbyshire Constabulary,Derbyshire Constabulary,-1.443587,53.001486,On or near Brookfields,E01019467,Amber Valley 015E,Other crime,Unable to prosecute suspect,
04fd9b9578e5efc00f95c4b2db9e6d5aa355245e96b0ee54fa9081a6572040b1,2021-06,Derbyshire Constabulary,Derbyshire Constabulary,-1.492051,52.981890,On or near Gilbert Crescent,E01019425,Amber Valley 016A,Drugs,Status update unavailable,
73f87a892730efc7568f62655a77442c1b39bc7e2754bc8c30c6c0143a8f09a3,2021-06,Derbyshire Constabulary,Derbyshire Constabulary,-1.488543,52.980095,On or near Eaton Court,E01019425,Amber Valley 016A,Other theft,Investigation complete; no suspect identified,
d2919c6f3021fbeab11b21cd50395466715c174ea16a1e3a85223432b1629c2e,2021-06,Derbyshire Constabulary,Derbyshire Constabulary,-1.492051,52.981890,On or near Gilbert Crescent,E01019425,Amber Valley 016A,Possession of weapons,Status update unavailable,
54c7d433918f9a46c30159851c9f609b7421fab7872662c68e05f1068f87db79,2021-06,Derbyshire Constabulary,Derbyshire Constabulary,-1.492051,52.981890,On or near Gilbert Crescent,E01019425,Amber Valley 016A,Robbery,Status update unavailable,
4efe85e49461a82ea2766a611336f27ac83b4f2cc7c4ff14caa7d2c0a67704de,2021-06,Derbyshire Constabulary,Derbyshire Constabulary,-1.500808,52.985900,On or near Ferrers Crescent,E01019425,Amber Valley 016A,Violence and sexual offences,Unable to prosecute suspect,
b0d000181fb8bac5902533dbfea94a4bac3613d71118d1b41c2c2957e9f6b0dc,2021-06,Derbyshire Constabulary,Derbyshire Constabulary,-1.492373,52.983671,On or near Granville Close,E01019425,Amber Valley 016A,Violence and sexual offences,Status update unavailable,
,2021-06,Derbyshire Constabulary,Derbyshire Constabulary,-1.487969,52.985801,On or near Supermarket,E01019426,Amber Valley 016B,Anti-social behaviour,,
,2021-06,Derbyshire Constabulary,Derbyshire Constabulary,-1.487969,52.985801,On or near Supermarket,E01019426,Amber Valley 016B,Anti-social behaviour,,
fa2836d5b82456122cf9d9402c7c501e5ed58e3427b16e674a08779400985d4c,2021-06,Derbyshire Constabulary,Derbyshire Constabulary,-1.481502,52.976001,On or near Hayley Croft,E01019426,Amber Valley 016B,Burglary,Investigation complete; no suspect identified,
6271b4ac462e4b8a386314211819204602fb9b2fe7044eed0fa20b2dfbc082d9,2021-06,Derbyshire Constabulary,Derbyshire Constabulary,-1.477064,52.988342,On or near Duffield Bank,E01019426,Amber Valley 016B,Criminal damage and arson,Investigation complete; no suspect identified,
3f14f8aae5974e8ac94500da063a6f06709bc6ce75a5f2314c3a0523db362c64,2021-06,Derbyshire Constabulary,Derbyshire Constabulary,-1.489472,52.984621,On or near Ecclesbourne Close,E01019426,Amber Valley 016B,Other theft,Investigation complete; no suspect identified,
7c0eb400d55d37a2564bdadbccb0f1ee78c981b80ce5821da333e83a6f697567,2021-06,Derbyshire Constabulary,Derbyshire Constabulary,-1.487072,52.984808,On or near Town Street,E01019426,Amber Valley 016B,Public order,Unable to prosecute suspect,
4869a76a1f86111bdd5768eacf0960994051c59792da8419aba754132a80c355,2021-06,Derbyshire Constabulary,Derbyshire Constabulary,-1.493610,52.984899,On or near Wirksworth Road,E01019426,Amber Valley 016B,Robbery,Status update unavailable,
5e5d7c20fe2240d63fde9d23f4ae3b62b77047256d8b9ca3846b94db836272b8,2021-06,Derbyshire Constabulary,Derbyshire Constabulary,-1.487993,52.986250,On or near Supermarket,E01019426,Amber Valley 016B,Violence and sexual offences,Unable to prosecute suspect,
c9d08117838fc8b8e215260d369185b13a055cdfe8f66fe973e1affcf2739870,2021-06,Derbyshire Constabulary,Derbyshire Constabulary,-1.481502,52.976001,On or near Hayley Croft,E01019426,Amber Valley 016B,Violence and sexual offences,Investigation complete; no suspect identified,
c8419afa0e2d9d4cd24a61b2b204236692a14c69988910e1c272af6035f02696,2021-06,Derbyshire Constabulary,Derbyshire Constabulary,-1.487993,52.986250,On or near Supermarket,E01019426,Amber Valley 016B,Violence and sexual offences,Unable to prosecute suspect,
,2021-06,Derbyshire Constabulary,Derbyshire Constabulary,-1.488746,52.991881,On or near Castle Orchard,E01019427,Amber Valley 016C,Anti-social behaviour,,
dc303e41be08f1d38c76daeb283f6b1fdad392cf47321738a68c3df03295bf70,2021-06,Derbyshire Constabulary,Derbyshire Constabulary,-1.491492,52.995282,On or near Chevin Vale,E01019427,Amber Valley 016C,Violence and sexual offences,Unable to prosecute suspect,
f70d2356cab191bed84da9972235e3f2e080570d1a8ce8ac79ed4160075e1f7c,2021-06,Derbyshire Constabulary,Derbyshire Constabulary,-1.487487,52.987480,On or near Chapel Street,E01019427,Amber Valley 016C,Violence and sexual offences,Unable to prosecute suspect,
1a86764ae1c22f255db85df0700e68bd6616b0ca5daa6fc9c49ee991adbdce5f,2021-06,Derbyshire Constabulary,Derbyshire Constabulary,-1.487487,52.987480,On or near Chapel Street,E01019427,Amber Valley 016C,Violence and sexual offences,Unable to prosecute suspect,
,2021-06,Derbyshire Constabulary,Derbyshire Constabulary,-1.539657,52.936706,On or near Ashbourne Road,E01019472,Amber Valley 016D,Anti-social behaviour,,
,2021-06,Derbyshire Constabulary,Derbyshire Constabulary,-1.532790,52.936023,On or near Lower Road,E01019472,Amber Valley 016D,Anti-social behaviour,,
,2021-06,Derbyshire Constabulary,Derbyshire Constabulary,-1.559157,53.016380,On or near Hill Close,E01019472,Amber Valley 016D,Anti-social behaviour,,
,2021-06,Derbyshire Constabulary,Derbyshire Constabulary,-1.493829,52.967407,On or near Burley Drive,E01019472,Amber Valley 016D,Anti-social behaviour,,
da303994ee7e26af763e6309dd2f9eede5258fe9b9e1efd386532c7af8412acd,2021-06,Derbyshire Constabulary,Derbyshire Constabulary,-1.506149,52.960303,On or near Church Road,E01019472,Amber Valley 016D,Criminal damage and arson,Investigation complete; no suspect identified,
425a533d3627db31351cf0e39fae56cd2544e97f1fa99a5829f375b621708c1a,2021-06,Derbyshire Constabulary,Derbyshire Constabulary,-1.497477,52.964797,On or near Woodlands Lane,E01019472,Amber Valley 016D,Other theft,Investigation complete; no suspect identified,
1f6e7237ffb509ea5b3b2fbcf58ad7b59de9bcc8c416b50cd0fcf3dc1e09ecab,2021-06,Derbyshire Constabulary,Derbyshire Constabulary,-1.534340,52.935813,On or near Gold Lane,E01019472,Amber Valley 016D,Public order,Unable to prosecute suspect,
870c9c40f6fd7894e183db26af779fbc330f667db27c241969a413dc5bf758e9,2021-06,Derbyshire Constabulary,Derbyshire Constabulary,-1.580556,52.986208,On or near Hunger Lane,E01019472,Amber Valley 016D,Violence and sexual offences,Status update unavailable,
,2021-06,Derbyshire Constabulary,Derbyshire Constabulary,-1.353828,53.005095,On or near Thorpe Hill Drive,E01019437,Amber Valley 017A,Anti-social behaviour,,
4ae7fa335ec430bf0b22cdbb84c9694d9b73360552b381b4d000a7769b96fad0,2021-06,Derbyshire Constabulary,Derbyshire Constabulary,-1.352058,53.003881,On or near Coppice Mews,E01019437,Amber Valley 017A,Burglary,Investigation complete; no suspect identified,
c1e2b031d1863455a1ca15ff88d034a0a1f4925dd72a269e9a54a0cc03d37bec,2021-06,Derbyshire Constabulary,Derbyshire Constabulary,-1.350802,53.003173,On or near Corfield Avenue,E01019437,Amber Valley 017A,Criminal damage and arson,Local resolution,
6bbc88fbbfb0b253ddab01e44c29ab3defb2517561512cec30994e8c928b6649,2021-06,Derbyshire Constabulary,Derbyshire Constabulary,-1.354574,53.004020,On or near Old Coppice Side,E01019437,Amber Valley 017A,Criminal damage and arson,Investigation complete; no suspect identified,
c07b86706266f6c413d69c62ad4d7b158e396f34f6db676e462e5a867d9508f7,2021-06,Derbyshire Constabulary,Derbyshire Constabulary,-1.346053,53.005826,On or near Ridgeway,E01019437,Amber Valley 017A,Criminal damage and arson,Local resolution,
9b04c0ee25829a190f245199325c49e1415f98ce86f1ca782672cd89eb0df8ee,2021-06,Derbyshire Constabulary,Derbyshire Constabulary,-1.350528,53.004574,On or near Owers Avenue,E01019437,Amber Valley 017A,Drugs,Offender given a drugs possession warning,
065ef9faab4000f113b0d95c957521930d2d00cd43832a2e67fc7a9ea1ff30fb,2021-06,Derbyshire Constabulary,Derbyshire Constabulary,-1.353828,53.005095,On or near Thorpe Hill Drive,E01019437,Amber Valley 017A,Other theft,Investigation complete; no suspect identified,
13ba6eb135614047020d9879eb20637c172d64f9f6d46c534db03bc3cd41ea3e,2021-06,Derbyshire Constabulary,Derbyshire Constabulary,-1.353828,53.005095,On or near Thorpe Hill Drive,E01019437,Amber Valley 017A,Public order,Unable to prosecute suspect,
26263fef9984a01ab4ec2ce03961ffecebe98efd43ce9c3da1dc2483663aea91,2021-06,Derbyshire Constabulary,Derbyshire Constabulary,-1.348659,53.005984,On or near Sunningdale Avenue,E01019437,Amber Valley 017A,Public order,Status update unavailable,
aaae2e6869ce9cbfae0638abd059cbe5ddcf19df741846ba143856193725148d,2021-06,Derbyshire Constabulary,Derbyshire Constabulary,-1.346053,53.005826,On or near Ridgeway,E01019437,Amber Valley 017A,Violence and sexual offences,Unable to prosecute suspect,
7adec24ed490a8cb9d3c7ec32cba8008e838c10ba84309e61f2cd7d7db1dfe47,2021-06,Derbyshire Constabulary,Derbyshire Constabulary,-1.350528,53.004574,On or near Owers Avenue,E01019437,Amber Valley 017A,Violence and sexual offences,Unable to prosecute suspect,
c0b11695cef847647bed5271b037002c33dbbbcd09b043df81486cff380f0faa,2021-06,Derbyshire Constabulary,Derbyshire Constabulary,-1.350528,53.004574,On or near Owers Avenue,E01019437,Amber Valley 017A,Violence and sexual offences,Awaiting court outcome,
,2021-06,Derbyshire Constabulary,Derbyshire Constabulary,-1.358797,53.010686,On or near The Meadows,E01019441,Amber Valley 017B,Anti-social behaviour,,
,2021-06,Derbyshire Constabulary,Derbyshire Constabulary,-1.357049,53.006937,On or near Sports/Recreation Area,E01019441,Amber Valley 017B,Anti-social behaviour,,
,2021-06,Derbyshire Constabulary,Derbyshire Constabulary,-1.358202,53.012643,On or near Ray Street,E01019441,Amber Valley 017B,Anti-social behaviour,,
,2021-06,Derbyshire Constabulary,Derbyshire Constabulary,-1.358580,53.014263,On or near Petrol Station,E01019441,Amber Valley 017B,Anti-social behaviour,,
,2021-06,Derbyshire Constabulary,Derbyshire Constabulary,-1.358580,53.014263,On or near Petrol Station,E01019441,Amber Valley 017B,Anti-social behaviour,,
,2021-06,Derbyshire Constabulary,Derbyshire Constabulary,-1.361316,53.010673,On or near Thorpe'S Road,E01019441,Amber Valley 017B,Anti-social behaviour,,
,2021-06,Derbyshire Constabulary,Derbyshire Constabulary,-1.357049,53.006937,On or near Sports/Recreation Area,E01019441,Amber Valley 017B,Anti-social behaviour,,
49723a24440ad69b31028d3a6e7eb723f6b650c176ff1e4bbf2ce458b4d95ed5,2021-06,Derbyshire Constabulary,Derbyshire Constabulary,-1.358202,53.012643,On or near Ray Street,E01019441,Amber Valley 017B,Criminal damage and arson,Investigation complete; no suspect identified,
41f4767063d663378e98748e32119b13d99bfa5c41929bc1df8bc9abf2f3d789,2021-06,Derbyshire Constabulary,Derbyshire Constabulary,-1.358797,53.010686,On or near The Meadows,E01019441,Amber Valley 017B,Criminal damage and arson,Unable to prosecute suspect,
5993340423dec6b508b0cd5d6d054f89371003acdfd66cfc7c6295389cfad0af,2021-06,Derbyshire Constabulary,Derbyshire Constabulary,-1.361627,53.012832,On or near Derby Road,E01019441,Amber Valley 017B,Criminal damage and arson,Investigation complete; no suspect identified,
a2e7cae2da58f1be4f158188ea3c84a92a466c21e566a7893a1837358c4dd5fc,2021-06,Derbyshire Constabulary,Derbyshire Constabulary,-1.356725,53.014711,On or near Bircumshaw'S Road,E01019441,Amber Valley 017B,Criminal damage and arson,Unable to prosecute suspect,
833406448365ee7fadf3a770abe3c1266b88bc9d084a8931d157069ad1e1ac93,2021-06,Derbyshire Constabulary,Derbyshire Constabulary,-1.358580,53.014263,On or near Petrol Station,E01019441,Amber Valley 017B,Other theft,Investigation complete; no suspect identified,
ba5df6e28523156b5d887d9343e7072b670c5fef265479eb493ef65a6e570713,2021-06,Derbyshire Constabulary,Derbyshire Constabulary,-1.356769,53.013759,On or near Parking Area,E01019441,Amber Valley 017B,Vehicle crime,Investigation complete; no suspect identified,
157b936f1f7adabbb0cd557fccad2c30cb6d5f39681104c3d4175945c151cbef,2021-06,Derbyshire Constabulary,Derbyshire Constabulary,-1.360050,53.012644,On or near Ray'S Avenue,E01019441,Amber Valley 017B,Vehicle crime,Investigation complete; no suspect identified,
a252947a5c670026280e69f4ad7338036722d2b688b93dfc9513a2510a2eb207,2021-06,Derbyshire Constabulary,Derbyshire Constabulary,-1.357603,53.010806,On or near Mayfield Avenue,E01019441,Amber Valley 017B,Vehicle crime,Investigation complete; no suspect identified,
b22a293768a376bc9bc30aa8994f6d199e8dd4596cae5aab4f8be705cf266776,2021-06,Derbyshire Constabulary,Derbyshire Constabulary,-1.358202,53.012643,On or near Ray Street,E01019441,Amber Valley 017B,Violence and sexual offences,Status update unavailable,
890833601f0cbc5eafd8ca2a089384f22ea24cc36de4e6f4a228efbbb60da4d0,2021-06,Derbyshire Constabulary,Derbyshire Constabulary,-1.361627,53.012832,On or near Derby Road,E01019441,Amber Valley 017B,Violence and sexual offences,Local resolution,
6f440608c82ab23c1ad3b2bb63d293c85ee485f1782eb3af5b81f1f86412cbe8,2021-06,Derbyshire Constabulary,Derbyshire Constabulary,-1.358580,53.014263,On or near Petrol Station,E01019441,Amber Valley 017B,Violence and sexual offences,Unable to prosecute suspect,
673eb0c01467b7dbe9a58d713c3ded5bf244360f41e4e3d9e2836ef42615ef70,2021-06,Derbyshire Constabulary,Derbyshire Constabulary,-1.358797,53.010686,On or near The Meadows,E01019441,Amber Valley 017B,Violence and sexual offences,Offender given a caution,
b8c644c2e6d65b22662a716c0fca583fd87efded971afdde185de38c6d52fea9,2021-06,Derbyshire Constabulary,Derbyshire Constabulary,-1.361627,53.012832,On or near Derby Road,E01019441,Amber Valley 017B,Violence and sexual offences,Unable to prosecute suspect,
1e4a421adde0c00070396a56e3b4048a300d8cf4c7baeb241a33d9fa8a9cab36,2021-06,Derbyshire Constabulary,Derbyshire Constabulary,-1.361627,53.012832,On or near Derby Road,E01019441,Amber Valley 017B,Violence and sexual offences,Unable to prosecute suspect,
d6445ed8ded2fd2f38386eeb456997532b9c20904a95a3dabca5d5e547feb608,2021-06,Derbyshire Constabulary,Derbyshire Constabulary,-1.361627,53.012832,On or near Derby Road,E01019441,Amber Valley 017B,Violence and sexual offences,Unable to prosecute suspect,
6eccff4d0fa327f365121b501d6ed342d67ed914298e4f9b3e931e0ac86a4ef0,2021-06,Derbyshire Constabulary,Derbyshire Constabulary,-1.359250,53.011327,On or near Broadway,E01019441,Amber Valley 017B,Violence and sexual offences,Unable to prosecute suspect,
40d20ec4e45b13ae3e656b25cbc4083c4c0536ad90cabc341be07435582addca,2021-06,Derbyshire Constabulary,Derbyshire Constabulary,-1.355583,53.009357,On or near Stainsby Avenue,E01019441,Amber Valley 017B,Violence and sexual offences,Unable to prosecute suspect,
8e3e82355b3fbb3fa0c6540a68dbec8f60bd654c8eb7d06d695fa2dae903438e,2021-06,Derbyshire Constabulary,Derbyshire Constabulary,-1.358797,53.010686,On or near The Meadows,E01019441,Amber Valley 017B,Other crime,Status update unavailable,
,2021-06,Derbyshire Constabulary,Derbyshire Constabulary,-1.341745,53.024509,On or near Castle View,E01019452,Amber Valley 017C,Anti-social behaviour,,
,2021-06,Derbyshire Constabulary,Derbyshire Constabulary,-1.341745,53.024509,On or near Castle View,E01019452,Amber Valley 017C,Anti-social behaviour,,
,2021-06,Derbyshire Constabulary,Derbyshire Constabulary,-1.343588,53.022901,On or near Bailey Brook Crescent,E01019452,Amber Valley 017C,Anti-social behaviour,,
,2021-06,Derbyshire Constabulary,Derbyshire Constabulary,-1.341408,53.022188,On or near Turner Avenue,E01019452,Amber Valley 017C,Anti-social behaviour,,
,2021-06,Derbyshire Constabulary,Derbyshire Constabulary,-1.343588,53.022901,On or near Bailey Brook Crescent,E01019452,Amber Valley 017C,Anti-social behaviour,,
9d8c69f03d91e2c282a59a0a9cf7731606b4301daae26bf67585ce2e619f6b40,2021-06,Derbyshire Constabulary,Derbyshire Constabulary,-1.340087,53.022782,On or near Andrews Drive,E01019452,Amber Valley 017C,Criminal damage and arson,Investigation complete; no suspect identified,
5dda37ffdb455a963dc4408f1015460fdcabd2e12fb0ac060a991729bc145fd3,2021-06,Derbyshire Constabulary,Derbyshire Constabulary,-1.342383,53.020809,On or near Bailey Brook Drive,E01019452,Amber Valley 017C,Public order,Unable to prosecute suspect,
e8a3e2378fdf2cbe48333683b214715f59ae53eecbd219bc892a24576ee2d1de,2021-06,Derbyshire Constabulary,Derbyshire Constabulary,-1.343588,53.022901,On or near Bailey Brook Crescent,E01019452,Amber Valley 017C,Public order,Unable to prosecute suspect,
5b2688eaf3803d3586a304b0146927e126aed6920648c299a0378caef7651f34,2021-06,Derbyshire Constabulary,Derbyshire Constabulary,-1.341408,53.022188,On or near Turner Avenue,E01019452,Amber Valley 017C,Public order,Investigation complete; no suspect identified,
1d293e5fd0d723e3f6d5e96796c4f2d836d1ca50cefb1c3d69c27807b29221c4,2021-06,Derbyshire Constabulary,Derbyshire Constabulary,-1.342358,53.023451,On or near Gregory Avenue,E01019452,Amber Valley 017C,Public order,Unable to prosecute suspect,
5b31092b9694f9b2f7fa59e4cab31b29529282bd9594da5fdf44a82563e9366a,2021-06,Derbyshire Constabulary,Derbyshire Constabulary,-1.339334,53.019371,On or near Hillside,E01019452,Amber Valley 017C,Shoplifting,Investigation complete; no suspect identified,
9886424614066b46b74601519730f145ac231a1a51f585a46acc2bb005c92f63,2021-06,Derbyshire Constabulary,Derbyshire Constabulary,-1.343588,53.022901,On or near Bailey Brook Crescent,E01019452,Amber Valley 017C,Vehicle crime,Investigation complete; no suspect identified,
1fa17b2b0d3fa7a3fe6a3dfa00591f235bbfc372aec8ff8891f53f055d27c5d6,2021-06,Derbyshire Constabulary,Derbyshire Constabulary,-1.343588,53.022901,On or near Bailey Brook Crescent,E01019452,Amber Valley 017C,Violence and sexual offences,Unable to prosecute suspect,
63478009c040ae91693495600c7d26bb9cbe396a346711b8bbf89cfc205c1e1f,2021-06,Derbyshire Constabulary,Derbyshire Constabulary,-1.343588,53.022901,On or near Bailey Brook Crescent,E01019452,Amber Valley 017C,Violence and sexual offences,Unable to prosecute suspect,
74c681e4eebbd6b8ac021cac758456fca21ffee3dc80f0860b96dae721b22e37,2021-06,Derbyshire Constabulary,Derbyshire Constabulary,-1.342358,53.023451,On or near Gregory Avenue,E01019452,Amber Valley 017C,Violence and sexual offences,Unable to prosecute suspect,
fa36a194bab11a410d1b08fd4dc7e7bbe6e9b690acb6fc8ce02c3893b5284a90,2021-06,Derbyshire Constabulary,Derbyshire Constabulary,-1.343588,53.022901,On or near Bailey Brook Crescent,E01019452,Amber Valley 017C,Violence and sexual offences,Status update unavailable,
cc380360344f35d15e6f3cc4973d53cee4c9b98c88d2773bc664918836ff5704,2021-06,Derbyshire Constabulary,Derbyshire Constabulary,-1.340269,53.019601,On or near Turton Close,E01019452,Amber Valley 017C,Violence and sexual offences,Unable to prosecute suspect,
51dd99175686132418b937293a35ccf88b6a702cfc610924247a15bc6b74bf1d,2021-06,Derbyshire Constabulary,Derbyshire Constabulary,-1.343588,53.022901,On or near Bailey Brook Crescent,E01019452,Amber Valley 017C,Violence and sexual offences,Unable to prosecute suspect,
dd65b68b772a013ff68eb11efc5b62bd8c25f557107392672d60bc225fc28f57,2021-06,Derbyshire Constabulary,Derbyshire Constabulary,-1.343588,53.022901,On or near Bailey Brook Crescent,E01019452,Amber Valley 017C,Violence and sexual offences,Status update unavailable,
d2d31cc57899a1b997f2bef52a4caeba63b59686e072b31e8dcc2d44878fa294,2021-06,Derbyshire Constabulary,Derbyshire Constabulary,-1.340269,53.019601,On or near Turton Close,E01019452,Amber Valley 017C,Violence and sexual offences,Unable to prosecute suspect,
693f64dc1903055a246e4c37790fe82ba9d5e07cb925f2094062cb98f6aeadca,2021-06,Derbyshire Constabulary,Derbyshire Constabulary,-1.339415,53.024765,On or near Greenfields,E01019452,Amber Valley 017C,Violence and sexual offences,Unable to prosecute suspect,
ea87a91088f9ac5a8c77540d197e98a6d168aff78fa82518100679856ee97db4,2021-06,Derbyshire Constabulary,Derbyshire Constabulary,-1.341408,53.022188,On or near Turner Avenue,E01019452,Amber Valley 017C,Violence and sexual offences,Unable to prosecute suspect,
,2021-06,Derbyshire Constabulary,Derbyshire Constabulary,-1.328693,53.022997,On or near Campbell Street,E01019453,Amber Valley 017D,Anti-social behaviour,,
,2021-06,Derbyshire Constabulary,Derbyshire Constabulary,-1.328069,53.016171,On or near Milnhay Road,E01019453,Amber Valley 017D,Anti-social behaviour,,
,2021-06,Derbyshire Constabulary,Derbyshire Constabulary,-1.333582,53.018234,On or near Station Road,E01019453,Amber Valley 017D,Anti-social behaviour,,
,2021-06,Derbyshire Constabulary,Derbyshire Constabulary,-1.333582,53.018234,On or near Station Road,E01019453,Amber Valley 017D,Anti-social behaviour,,
,2021-06,Derbyshire Constabulary,Derbyshire Constabulary,-1.329291,53.021005,On or near Bridge Street,E01019453,Amber Valley 017D,Anti-social behaviour,,
,2021-06,Derbyshire Constabulary,Derbyshire Constabulary,-1.333057,53.020361,On or near North Street,E01019453,Amber Valley 017D,Anti-social behaviour,,
,2021-06,Derbyshire Constabulary,Derbyshire Constabulary,-1.337211,53.018802,On or near Peel Street,E01019453,Amber Valley 017D,Anti-social behaviour,,
,2021-06,Derbyshire Constabulary,Derbyshire Constabulary,-1.328069,53.016171,On or near Milnhay Road,E01019453,Amber Valley 017D,Anti-social behaviour,,
,2021-06,Derbyshire Constabulary,Derbyshire Constabulary,-1.335810,53.018785,On or near Sedgwick Street,E01019453,Amber Valley 017D,Anti-social behaviour,,
,2021-06,Derbyshire Constabulary,Derbyshire Constabulary,-1.337211,53.018802,On or near Peel Street,E01019453,Amber Valley 017D,Anti-social behaviour,,
,2021-06,Derbyshire Constabulary,Derbyshire Constabulary,-1.328494,53.021450,On or near Dean Street,E01019453,Amber Valley 017D,Anti-social behaviour,,
,2021-06,Derbyshire Constabulary,Derbyshire Constabulary,-1.328069,53.016171,On or near Milnhay Road,E01019453,Amber Valley 017D,Anti-social behaviour,,
,2021-06,Derbyshire Constabulary,Derbyshire Constabulary,-1.337211,53.018802,On or near Peel Street,E01019453,Amber Valley 017D,Anti-social behaviour,,
,2021-06,Derbyshire Constabulary,Derbyshire Constabulary,-1.337211,53.018802,On or near Peel Street,E01019453,Amber Valley 017D,Anti-social behaviour,,
,2021-06,Derbyshire Constabulary,Derbyshire Constabulary,-1.334094,53.018866,On or near West Street,E01019453,Amber Valley 017D,Anti-social behaviour,,
,2021-06,Derbyshire Constabulary,Derbyshire Constabulary,-1.337211,53.018802,On or near Peel Street,E01019453,Amber Valley 017D,Anti-social behaviour,,
,2021-06,Derbyshire Constabulary,Derbyshire Constabulary,-1.329167,53.018407,On or near Elnor Street,E01019453,Amber Valley 017D,Anti-social behaviour,,
,2021-06,Derbyshire Constabulary,Derbyshire Constabulary,-1.329291,53.021005,On or near Bridge Street,E01019453,Amber Valley 017D,Anti-social behaviour,,
,2021-06,Derbyshire Constabulary,Derbyshire Constabulary,-1.322976,53.019675,On or near Linkmel Road,E01019453,Amber Valley 017D,Anti-social behaviour,,
,2021-06,Derbyshire Constabulary,Derbyshire Constabulary,-1.329167,53.018407,On or near Elnor Street,E01019453,Amber Valley 017D,Anti-social behaviour,,
45cc03a2f63cc74b1b2c920427cc5db58b50f72d9dc7192eeb8aae8b1c519798,2021-06,Derbyshire Constabulary,Derbyshire Constabulary,-1.328469,53.022097,On or near Queen Street,E01019453,Amber Valley 017D,Criminal damage and arson,Investigation complete; no suspect identified,
7ca578f81161a2064511c5ea1721353fa03b97847417714db3aa9daed5550fe0,2021-06,Derbyshire Constabulary,Derbyshire Constabulary,-1.322976,53.019675,On or near Linkmel Road,E01019453,Amber Valley 017D,Criminal damage and arson,Investigation complete; no suspect identified,
ea0b2f6b76b264133cb9536a3bddaf91c57b909795802a701ac679fb96f35cd7,2021-06,Derbyshire Constabulary,Derbyshire Constabulary,-1.329610,53.019650,On or near Wesley Street,E01019453,Amber Valley 017D,Criminal damage and arson,Unable to prosecute suspect,
41d39c2f4431bde2ab76fe87d5c4c251774abe098694a4b842a5c7c636995e42,2021-06,Derbyshire Constabulary,Derbyshire Constabulary,-1.329291,53.021005,On or near Bridge Street,E01019453,Amber Valley 017D,Criminal damage and arson,Investigation complete; no suspect identified,
cefd9db6bf9cd745325c67afe6694dac32fad106c6789f96dfae6af52e9cbf46,2021-06,Derbyshire Constabulary,Derbyshire Constabulary,-1.328432,53.022555,On or near Gladstone Street,E01019453,Amber Valley 017D,Criminal damage and arson,Investigation complete; no suspect identified,
e685bd088c43d18de7e9d6f96a05e27e56a26dc109b3d655bd7e87bf01f474e5,2021-06,Derbyshire Constabulary,Derbyshire Constabulary,-1.328432,53.022555,On or near Gladstone Street,E01019453,Amber Valley 017D,Criminal damage and arson,Unable to prosecute suspect,
31e8d7b93dbbb141677eeca2d8295d3730ddbbaf7a3f286778d7485ba2e28370,2021-06,Derbyshire Constabulary,Derbyshire Constabulary,-1.322976,53.019675,On or near Linkmel Road,E01019453,Amber Valley 017D,Criminal damage and arson,Unable to prosecute suspect,
8036a2465069d1e6a75d81fc8eee72805a032b15d40473205ae43262e4662042,2021-06,Derbyshire Constabulary,Derbyshire Constabulary,-1.328693,53.022997,On or near Campbell Street,E01019453,Amber Valley 017D,Other theft,Unable to prosecute suspect,
1d8d2787d4e91cf257244e859509be528ba9389f02de39e1302ef17008cf0d46,2021-06,Derbyshire Constabulary,Derbyshire Constabulary,-1.328693,53.022997,On or near Campbell Street,E01019453,Amber Valley 017D,Other theft,Unable to prosecute suspect,
84e1a6a372e3ecec7e8579b59e567dc3122ad2d3cec32ccd8279d14eb6cb7ee9,2021-06,Derbyshire Constabulary,Derbyshire Constabulary,-1.328693,53.022997,On or near Campbell Street,E01019453,Amber Valley 017D,Public order,Unable to prosecute suspect,
07d7c12e74e30f1d773faec588b1b94d95fe1e98d2e3ed5e3680d8e3152b9549,2021-06,Derbyshire Constabulary,Derbyshire Constabulary,-1.332516,53.020682,On or near Calvert Close,E01019453,Amber Valley 017D,Public order,Unable to prosecute suspect,
0f6a3e2537cb03b4c40d122fc86fe63beb2fbf1dba13f7680b0db5cc85b846b4,2021-06,Derbyshire Constabulary,Derbyshire Constabulary,-1.328693,53.022997,On or near Campbell Street,E01019453,Amber Valley 017D,Public order,Unable to prosecute suspect,
aa308ec89c7a48774d3a4fd2dacf3c58edb0cb52e21275245ebb99be446bbc8f,2021-06,Derbyshire Constabulary,Derbyshire Constabulary,-1.328432,53.022555,On or near Gladstone Street,E01019453,Amber Valley 017D,Public order,Unable to prosecute suspect,
a7f55525d43e80d4400b4412814e90820c92f42893c9102a49c1fe709f8f0f67,2021-06,Derbyshire Constabulary,Derbyshire Constabulary,-1.328693,53.022997,On or near Campbell Street,E01019453,Amber Valley 017D,Public order,Unable to prosecute suspect,
b2905d190ad75dff06afb2fdd2d31d411724c24c1a91d775b250d469eaca10e7,2021-06,Derbyshire Constabulary,Derbyshire Constabulary,-1.335810,53.018785,On or near Sedgwick Street,E01019453,Amber Valley 017D,Public order,Formal action is not in the public interest,
282783fddfe6586ca8289b9675c21452623cf268e54594408c79eb17ac014fbb,2021-06,Derbyshire Constabulary,Derbyshire Constabulary,-1.329610,53.019650,On or near Wesley Street,E01019453,Amber Valley 017D,Shoplifting,Investigation complete; no suspect identified,
1a5028dadd6490e2d78842425a9e8d485de7fb80bd6307f3609dde59b2afbddc,2021-06,Derbyshire Constabulary,Derbyshire Constabulary,-1.329291,53.021005,On or near Bridge Street,E01019453,Amber Valley 017D,Shoplifting,Status update unavailable,
05c01e8acc746448114b9bd62fb8ea47c662de037086b3a30177c96a99ca42d9,2021-06,Derbyshire Constabulary,Derbyshire Constabulary,-1.329610,53.019650,On or near Wesley Street,E01019453,Amber Valley 017D,Shoplifting,Investigation complete; no suspect identified,
b9e3e9e0df86bee203fdd604fff2ac17af13da844bcb12dbe9eb9ee0b426f17c,2021-06,Derbyshire Constabulary,Derbyshire Constabulary,-1.334094,53.018866,On or near West Street,E01019453,Amber Valley 017D,Violence and sexual offences,Unable to prosecute suspect,
7212689ea741193c4f4dadef0ab2df037909d5acd09c15bfdd6018b825e1af19,2021-06,Derbyshire Constabulary,Derbyshire Constabulary,-1.328693,53.022997,On or near Campbell Street,E01019453,Amber Valley 017D,Violence and sexual offences,Unable to prosecute suspect,
54ab90dca10b736094fea47d6346ab50c8f497ceb62a4b9c21bb24caee7a8549,2021-06,Derbyshire Constabulary,Derbyshire Constabulary,-1.332516,53.020682,On or near Calvert Close,E01019453,Amber Valley 017D,Violence and sexual offences,Unable to prosecute suspect,
03b908689b0e53f7ed444c1831c368b059e878f00a0bf1542cd7c76d4e8bb810,2021-06,Derbyshire Constabulary,Derbyshire Constabulary,-1.329167,53.018407,On or near Elnor Street,E01019453,Amber Valley 017D,Violence and sexual offences,Unable to prosecute suspect,
8e09f6ddd3287af26c471911e148e95aa26a160e33058d34a8ec453d2c81ad63,2021-06,Derbyshire Constabulary,Derbyshire Constabulary,-1.329167,53.018407,On or near Elnor Street,E01019453,Amber Valley 017D,Violence and sexual offences,Unable to prosecute suspect,
3f6fcbb97295f1f3e16ac75657a78afbec194fb541220e9c608633fcd0c496f5,2021-06,Derbyshire Constabulary,Derbyshire Constabulary,-1.328693,53.022997,On or near Campbell Street,E01019453,Amber Valley 017D,Violence and sexual offences,Unable to prosecute suspect,
611af944649bf0f5d824a060fa5f24c979a3b6b005ccd22e8e399050f0df635e,2021-06,Derbyshire Constabulary,Derbyshire Constabulary,-1.337211,53.018802,On or near Peel Street,E01019453,Amber Valley 017D,Violence and sexual offences,Unable to prosecute suspect,
3ae6f935dfc268cd0b24d891aa7373aa748a0f41f7d620ac562630193cfcf283,2021-06,Derbyshire Constabulary,Derbyshire Constabulary,-1.333057,53.020361,On or near North Street,E01019453,Amber Valley 017D,Violence and sexual offences,Unable to prosecute suspect,
d2b406ab7c761f5847a55ed51d112e0e87d30a2bf865465817a76fb878939ee8,2021-06,Derbyshire Constabulary,Derbyshire Constabulary,-1.336530,53.017468,On or near Aldred'S Lane,E01019453,Amber Valley 017D,Violence and sexual offences,Unable to prosecute suspect,
2aee6d86146c7ac0cf474d4ae51a82d25238ec3eeed8de8608b457ae95303a71,2021-06,Derbyshire Constabulary,Derbyshire Constabulary,-1.332314,53.020213,On or near Bourne Drive,E01019453,Amber Valley 017D,Other crime,Unable to prosecute suspect,
435340a47295460e8c24b1bc5e7faab80526289eb28bdd43ed31b9ddff95663e,2021-06,Derbyshire Constabulary,Derbyshire Constabulary,-1.337211,53.018802,On or near Peel Street,E01019453,Amber Valley 017D,Other crime,Unable to prosecute suspect,
,2021-06,Derbyshire Constabulary,Derbyshire Constabulary,-1.345443,53.004771,On or near Hufton'S Drive,E01032613,Amber Valley 017E,Anti-social behaviour,,
,2021-06,Derbyshire Constabulary,Derbyshire Constabulary,-1.357576,53.002580,On or near Park/Open Space,E01032613,Amber Valley 017E,Anti-social behaviour,,
,2021-06,Derbyshire Constabulary,Derbyshire Constabulary,-1.345443,53.004771,On or near Hufton'S Drive,E01032613,Amber Valley 017E,Anti-social behaviour,,
37ac0d7e92796c1956aae2de24c8b2e69d54c99fa8387f979843a4d62e502191,2021-06,Derbyshire Constabulary,Derbyshire Constabulary,-1.353330,52.983563,On or near Coachways,E01032613,Amber Valley 017E,Burglary,Investigation complete; no suspect identified,
9d70469b72fd1f34e2f68a700f89c366d6cd1e83b8c497d9347314947fc8101a,2021-06,Derbyshire Constabulary,Derbyshire Constabulary,-1.357576,53.002580,On or near Park/Open Space,E01032613,Amber Valley 017E,Criminal damage and arson,Investigation complete; no suspect identified,
8bd8a4eb8b0c0f130b6f7bdca3311e6fc7b07b7053cb4b5a91f72135ce2af630,2021-06,Derbyshire Constabulary,Derbyshire Constabulary,-1.345443,53.004771,On or near Hufton'S Drive,E01032613,Amber Valley 017E,Public order,Status update unavailable,
3886cee8fc1030a68b486948ebf451b2544460a489564e076d9cc8038f3c2ed3,2021-06,Derbyshire Constabulary,Derbyshire Constabulary,-1.345213,53.005210,On or near Holmesfield Drive,E01032613,Amber Valley 017E,Public order,Unable to prosecute suspect,
c4032cf496741c3067fc44d4c3c538a3f5b32e2b5e01e284e7249a9376cc5d87,2021-06,Derbyshire Constabulary,Derbyshire Constabulary,-1.345213,53.005210,On or near Holmesfield Drive,E01032613,Amber Valley 017E,Public order,Unable to prosecute suspect,
5573a7bc065a8db780db5022ec1c46386da4ea41e651bf4e763bfe4e1d2f52d8,2021-06,Derbyshire Constabulary,Derbyshire Constabulary,-1.345213,53.005210,On or near Holmesfield Drive,E01032613,Amber Valley 017E,Public order,Unable to prosecute suspect,
98a8403b410f4dce003e110500deb1c7628fcaa4bc54004b6ca5a10f93c9e2bd,2021-06,Derbyshire Constabulary,Derbyshire Constabulary,-1.345213,53.005210,On or near Holmesfield Drive,E01032613,Amber Valley 017E,Theft from the person,Status update unavailable,
ee27ada212dc4edc4d20092aaf341e3f33bd537d6c1233f23266e651f4a1a569,2021-06,Derbyshire Constabulary,Derbyshire Constabulary,-1.345213,53.005210,On or near Holmesfield Drive,E01032613,Amber Valley 017E,Violence and sexual offences,Unable to prosecute suspect,
09b3209d8bc0487348d04cb0af1ca3cede52b9214c02144c0fb32a9e5e951e7d,2021-06,Derbyshire Constabulary,Derbyshire Constabulary,-1.345213,53.005210,On or near Holmesfield Drive,E01032613,Amber Valley 017E,Violence and sexual offences,Offender given a caution,
7c462c96ed149325a8eb914b78cb163508c06290d891258ac64484df43e0f8c8,2021-06,Derbyshire Constabulary,Derbyshire Constabulary,-1.345213,53.005210,On or near Holmesfield Drive,E01032613,Amber Valley 017E,Violence and sexual offences,Status update unavailable,
3d20b9b4c4d803060328e8b726b28d4ce58ce9877abb317d457824909eb7c79b,2021-06,Derbyshire Constabulary,Derbyshire Constabulary,-1.315576,53.159388,On or near Stanley Lane,E01027981,Ashfield 001C,Violence and sexual offences,Investigation complete; no suspect identified,
,2021-06,Derbyshire Constabulary,Derbyshire Constabulary,-1.304635,53.131170,On or near Rowan Croft,E01027986,Ashfield 003B,Anti-social behaviour,,
1616231781e0e597fb77ae6e3f4d6f83f2e557b9901f842bbfd2a84204ad734b,2021-06,Derbyshire Constabulary,Derbyshire Constabulary,-1.304316,53.112948,On or near Export Drive,E01027990,Ashfield 003D,Vehicle crime,Investigation complete; no suspect identified,
8c48d918a670d273c88bbb09144841956b16bff9e4fe6e326112edc94ffa8695,2021-06,Derbyshire Constabulary,Derbyshire Constabulary,-1.263487,53.121619,On or near Prospect Place,E01027976,Ashfield 005E,Violence and sexual offences,Status update unavailable,
d63a06e3676cf39e3cf467fdd451c4ae1ce5cc46a000495184ffb142c8a5358e,2021-06,Derbyshire Constabulary,Derbyshire Constabulary,-1.260312,53.124656,On or near Parliament Street,E01027976,Ashfield 005E,Other crime,Status update unavailable,
89f4e7b6a925b810d76eca6c69f4a245d114e2698d0683e21958a59096df7ba5,2021-06,Derbyshire Constabulary,Derbyshire Constabulary,-1.259857,53.108500,On or near Heather Close,E01027959,Ashfield 009E,Violence and sexual offences,Status update unavailable,
e64cc69529f2c4575595afbf4d4df5c6500ce9c16952d263b968eba0c63cdd6c,2021-06,Derbyshire Constabulary,Derbyshire Constabulary,-1.259857,53.108500,On or near Heather Close,E01027959,Ashfield 009E,Violence and sexual offences,Status update unavailable,
,2021-06,Derbyshire Constabulary,Derbyshire Constabulary,-1.337021,53.057446,On or near Sports/Recreation Area,E01027945,Ashfield 012A,Anti-social behaviour,,
6930eb0739bbd02411ba26de626c7c98c79882f10809289755718aa133bbbcdd,2021-06,Derbyshire Constabulary,Derbyshire Constabulary,-1.323848,53.520184,On or near Carr Head Lane,E01007368,Barnsley 025E,Violence and sexual offences,Status update unavailable,
aa835731666f24b37bce81921694278d1f5772139050744b137dd922aedc139a,2021-06,Derbyshire Constabulary,Derbyshire Constabulary,-1.323848,53.520184,On or near Carr Head Lane,E01007368,Barnsley 025E,Violence and sexual offences,Status update unavailable,
6e3ccb980b212ccfeef5c5e5f41cd6ac21780196fd729768f145f77080bf21b6,2021-06,Derbyshire Constabulary,Derbyshire Constabulary,-1.119895,53.301012,On or near Newgate Street,E01028068,Bassetlaw 012D,Burglary,Status update unavailable,
824b26112a5710340bbcf7e175e73e56f703d3063a3d1c7fe851491dfc0e512a,2021-06,Derbyshire Constabulary,Derbyshire Constabulary,-1.119895,53.301012,On or near Newgate Street,E01028068,Bassetlaw 012D,Drugs,Status update unavailable,
a5f344d64e4d3898e282e8d8e9706284f472a0bda0ecde503be32c1666c49c4c,2021-06,Derbyshire Constabulary,Derbyshire Constabulary,-1.119895,53.301012,On or near Newgate Street,E01028068,Bassetlaw 012D,Other theft,Unable to prosecute suspect,
72052dad1e7af6b10d37b9e65d21a22b4305c5d75295d53a076c94f81973ab6a,2021-06,Derbyshire Constabulary,Derbyshire Constabulary,-1.052433,53.269717,On or near Park/Open Space,E01028040,Bassetlaw 014A,Violence and sexual offences,Unable to prosecute suspect,
,2021-06,Derbyshire Constabulary,Derbyshire Constabulary,-1.203460,53.232420,On or near Portland Road,E01028041,Bassetlaw 014B,Anti-social behaviour,,
3863dbb6406c1f3c218195a7981830db0d05fe2e8fd531e5ca171ae7c1b83322,2021-06,Derbyshire Constabulary,Derbyshire Constabulary,-1.203460,53.232420,On or near Portland Road,E01028041,Bassetlaw 014B,Other theft,Investigation complete; no suspect identified,
af6209563152bc69198f4797464c4f1bbcf3cb43a1b07376ac5ae641bb180ccb,2021-06,Derbyshire Constabulary,Derbyshire Constabulary,-1.099935,53.294715,On or near Kingston Close,E01028064,Bassetlaw 014E,Violence and sexual offences,Status update unavailable,
6e3ccb980b212ccfeef5c5e5f41cd6ac21780196fd729768f145f77080bf21b6,2021-06,Derbyshire Constabulary,Derbyshire Constabulary,-1.103794,53.313216,On or near Burns Road,E01028044,Bassetlaw 016F,Burglary,Status update unavailable,
,2021-06,Derbyshire Constabulary,Derbyshire Constabulary,-1.323941,53.295133,On or near Main Road,E01019478,Bolsover 001A,Anti-social behaviour,,
,2021-06,Derbyshire Constabulary,Derbyshire Constabulary,-1.281395,53.283316,On or near Old Quarry Close,E01019478,Bolsover 001A,Anti-social behaviour,,
,2021-06,Derbyshire Constabulary,Derbyshire Constabulary,-1.279324,53.283375,On or near Clay Pit Way,E01019478,Bolsover 001A,Anti-social behaviour,,
,2021-06,Derbyshire Constabulary,Derbyshire Constabulary,-1.293272,53.289778,On or near Orchard Close,E01019478,Bolsover 001A,Anti-social behaviour,,
,2021-06,Derbyshire Constabulary,Derbyshire Constabulary,-1.291393,53.283672,On or near Tallys End,E01019478,Bolsover 001A,Anti-social behaviour,,
3d588dc868112a081d606638189f26252d53a9d6fedda90d041f54976dc0bf73,2021-06,Derbyshire Constabulary,Derbyshire Constabulary,-1.312468,53.292039,On or near Low Common,E01019478,Bolsover 001A,Burglary,Investigation complete; no suspect identified,
d0f89bc7806cdad9eee070030d51a27845294bac6dc6649dcb0680c65307412c,2021-06,Derbyshire Constabulary,Derbyshire Constabulary,-1.282051,53.282619,On or near Oxcroft Way,E01019478,Bolsover 001A,Drugs,Offender given a drugs possession warning,
1301e1d55db9ccf25473b9075f21f80a42ef2e013e2f339193e8e6d6d5e161bc,2021-06,Derbyshire Constabulary,Derbyshire Constabulary,-1.312468,53.292039,On or near Low Common,E01019478,Bolsover 001A,Other theft,Investigation complete; no suspect identified,
5550b48c0749e452bcd67a8f42fa206eb10b1e29a50f40c439e0676f49f73b7a,2021-06,Derbyshire Constabulary,Derbyshire Constabulary,-1.303614,53.279286,On or near Worksop Road,E01019478,Bolsover 001A,Public order,Unable to prosecute suspect,
08a7911ed15dfeab3421ecfbbc767f07f04ed6ea92bcf8729bdd4e8a40deb729,2021-06,Derbyshire Constabulary,Derbyshire Constabulary,-1.303614,53.279286,On or near Worksop Road,E01019478,Bolsover 001A,Public order,Unable to prosecute suspect,
f30f7dabab156bcb6b51bbe9d2e05b597a4ddcc42da43353d18af02b396382c7,2021-06,Derbyshire Constabulary,Derbyshire Constabulary,-1.323941,53.295133,On or near Main Road,E01019478,Bolsover 001A,Public order,Unable to prosecute suspect,
129284ec18acdd762359fdf8593ee9f520cca02abb344e30c2f86f16ec9c971d,2021-06,Derbyshire Constabulary,Derbyshire Constabulary,-1.282051,53.282619,On or near Oxcroft Way,E01019478,Bolsover 001A,Shoplifting,Investigation complete; no suspect identified,
66a9b372b94a50b9e11bd8a2e508c3856938afcf369322a0a0c965f2965f85ca,2021-06,Derbyshire Constabulary,Derbyshire Constabulary,-1.298566,53.288982,On or near Westfield Lane,E01019478,Bolsover 001A,Vehicle crime,Investigation complete; no suspect identified,
69dabc347280d06546b487e180c51b5877da902ceba91e9ea9e05b5a7e12b79d,2021-06,Derbyshire Constabulary,Derbyshire Constabulary,-1.282051,53.282619,On or near Oxcroft Way,E01019478,Bolsover 001A,Vehicle crime,Investigation complete; no suspect identified,
1ca5198f34d1393257ebe721b1778b2c45ef578db32107bdd8fabe07f527c247,2021-06,Derbyshire Constabulary,Derbyshire Constabulary,-1.291393,53.283672,On or near Tallys End,E01019478,Bolsover 001A,Violence and sexual offences,Unable to prosecute suspect,
f1f2b26fcb272d9d1c9c822191c112f21817b45024dccc99e0e620614ea05802,2021-06,Derbyshire Constabulary,Derbyshire Constabulary,-1.285037,53.286142,On or near Wellspring Close,E01019478,Bolsover 001A,Violence and sexual offences,Unable to prosecute suspect,
e2f46db8e6fd7a0191811fb3f32bb42a8f8b008e1da6a56663d7d1430bdb2387,2021-06,Derbyshire Constabulary,Derbyshire Constabulary,-1.298871,53.280445,On or near Parking Area,E01019478,Bolsover 001A,Violence and sexual offences,Investigation complete; no suspect identified,
ecf41edb50379cace09814ccd241a36e9446c3eb1dd616d642b555a3c369ebe2,2021-06,Derbyshire Constabulary,Derbyshire Constabulary,-1.291393,53.283672,On or near Tallys End,E01019478,Bolsover 001A,Violence and sexual offences,Unable to prosecute suspect,
f26d0b1d8be9101e67060c930481ec9495eab2c1d1c6b322e1612d5648df8080,2021-06,Derbyshire Constabulary,Derbyshire Constabulary,-1.281967,53.298412,On or near Sports/Recreation Area,E01019478,Bolsover 001A,Other crime,Unable to prosecute suspect,
,2021-06,Derbyshire Constabulary,Derbyshire Constabulary,-1.283219,53.284541,On or near The Rusk,E01019479,Bolsover 001B,Anti-social behaviour,,
04948890af6bf84c364556cc591a89462a3a48e5a8a8a5e66fb1f1e5c2540791,2021-06,Derbyshire Constabulary,Derbyshire Constabulary,-1.289456,53.290133,On or near High Street,E01019479,Bolsover 001B,Violence and sexual offences,Unable to prosecute suspect,
cd74c506521c7301d78576e13a73ef105de787bd9a6cf1ca6b39bd974cc9c188,2021-06,Derbyshire Constabulary,Derbyshire Constabulary,-1.282060,53.287455,On or near Bourne Mill Close,E01019479,Bolsover 001B,Violence and sexual offences,Unable to prosecute suspect,
,2021-06,Derbyshire Constabulary,Derbyshire Constabulary,-1.272457,53.277006,On or near West Lea,E01019491,Bolsover 001C,Anti-social behaviour,,
,2021-06,Derbyshire Constabulary,Derbyshire Constabulary,-1.263599,53.276744,On or near Parking Area,E01019491,Bolsover 001C,Anti-social behaviour,,
,2021-06,Derbyshire Constabulary,Derbyshire Constabulary,-1.263599,53.276744,On or near Parking Area,E01019491,Bolsover 001C,Anti-social behaviour,,
,2021-06,Derbyshire Constabulary,Derbyshire Constabulary,-1.273735,53.278631,On or near Hawthorn Close,E01019491,Bolsover 001C,Anti-social behaviour,,
,2021-06,Derbyshire Constabulary,Derbyshire Constabulary,-1.258578,53.277441,On or near Brookbank Road,E01019491,Bolsover 001C,Anti-social behaviour,,
,2021-06,Derbyshire Constabulary,Derbyshire Constabulary,-1.273735,53.278631,On or near Hawthorn Close,E01019491,Bolsover 001C,Anti-social behaviour,,
,2021-06,Derbyshire Constabulary,Derbyshire Constabulary,-1.273735,53.278631,On or near Hawthorn Close,E01019491,Bolsover 001C,Anti-social behaviour,,
,2021-06,Derbyshire Constabulary,Derbyshire Constabulary,-1.266108,53.277344,On or near Sports/Recreation Area,E01019491,Bolsover 001C,Anti-social behaviour,,
,2021-06,Derbyshire Constabulary,Derbyshire Constabulary,-1.254165,53.288857,On or near A619,E01019491,Bolsover 001C,Anti-social behaviour,,
010c84e80b44f9e4f2e7ec0dd9f17387669f7726a7e0f08541a260967c13b898,2021-06,Derbyshire Constabulary,Derbyshire Constabulary,-1.263599,53.276744,On or near Parking Area,E01019491,Bolsover 001C,Criminal damage and arson,Investigation complete; no suspect identified,
144e734f70b6b69df8f52ee1619b50cd00d93e4b95aec8fab82a0e2c16afbc9c,2021-06,Derbyshire Constabulary,Derbyshire Constabulary,-1.264598,53.280580,On or near The Orchard,E01019491,Bolsover 001C,Drugs,Offender given a drugs possession warning,
d87f75ccbf42c80807f8429760b944f6a0d78b584afb4e60ca132036b3608096,2021-06,Derbyshire Constabulary,Derbyshire Constabulary,-1.272457,53.277006,On or near West Lea,E01019491,Bolsover 001C,Public order,Unable to prosecute suspect,
161ae0c9596266868ed2c1ad6474084413f4cd67ca7434e6b5b0c73c92b2a9de,2021-06,Derbyshire Constabulary,Derbyshire Constabulary,-1.272457,53.277006,On or near West Lea,E01019491,Bolsover 001C,Public order,Unable to prosecute suspect,
a4350ea09833d87f89cadec0d4e6b5286910e0d16557687c89b53954a149fb63,2021-06,Derbyshire Constabulary,Derbyshire Constabulary,-1.273735,53.278631,On or near Hawthorn Close,E01019491,Bolsover 001C,Public order,Unable to prosecute suspect,
8f4381686b2f20a95879647ca6b0794f623cd70a467ad5c07450d86461371919,2021-06,Derbyshire Constabulary,Derbyshire Constabulary,-1.263599,53.276744,On or near Parking Area,E01019491,Bolsover 001C,Public order,Unable to prosecute suspect,
691dc7ff0b53d9dc7a6a14f4c564410f294be73f4fd8848e83e8a6bedbd63b4d,2021-06,Derbyshire Constabulary,Derbyshire Constabulary,-1.272457,53.277006,On or near West Lea,E01019491,Bolsover 001C,Public order,Unable to prosecute suspect,
4fdc95efc58fc72c65ab18d283c1e006d30386ca03c3914e2adc40838ffcea41,2021-06,Derbyshire Constabulary,Derbyshire Constabulary,-1.272457,53.277006,On or near West Lea,E01019491,Bolsover 001C,Public order,Unable to prosecute suspect,
80879ff1a95847762c04551a55d399c97a55c0a79eca57d267e155ccc4daff7c,2021-06,Derbyshire Constabulary,Derbyshire Constabulary,-1.273026,53.280596,On or near Peak View,E01019491,Bolsover 001C,Violence and sexual offences,Local resolution,
d10d7f6b60d9357a75f78bbaa23de62c9b308b4af5e4e983fd663b4293a25c2b,2021-06,Derbyshire Constabulary,Derbyshire Constabulary,-1.272457,53.277006,On or near West Lea,E01019491,Bolsover 001C,Violence and sexual offences,Unable to prosecute suspect,
d0493d407f6e5b3ed89d056b675beb52117dcf6aaf1a4e948fafb8eccbfc6566,2021-06,Derbyshire Constabulary,Derbyshire Constabulary,-1.263376,53.277480,On or near North Road,E01019491,Bolsover 001C,Violence and sexual offences,Unable to prosecute suspect,
3d0611004b794a60ca77b7cd35ac8a4933080fde5ae3488c3651dcd39dd64fd9,2021-06,Derbyshire Constabulary,Derbyshire Constabulary,-1.255062,53.276098,On or near Gray Street,E01019491,Bolsover 001C,Violence and sexual offences,Unable to prosecute suspect,
65f15d833f642f785f782b3f7c0d3283018c7964b36a0f9c40b9ea82c716af9c,2021-06,Derbyshire Constabulary,Derbyshire Constabulary,-1.271050,53.276898,On or near Boughton Lane,E01019491,Bolsover 001C,Violence and sexual offences,Investigation complete; no suspect identified,
69ce4571c84aa078f8b4346fd5aae5a60fb0424587c102f9fbfbdd8a06957f45,2021-06,Derbyshire Constabulary,Derbyshire Constabulary,-1.273735,53.278631,On or near Hawthorn Close,E01019491,Bolsover 001C,Violence and sexual offences,Unable to prosecute suspect,
,2021-06,Derbyshire Constabulary,Derbyshire Constabulary,-1.258205,53.268666,On or near Willow Tree Drive,E01019493,Bolsover 001D,Anti-social behaviour,,
,2021-06,Derbyshire Constabulary,Derbyshire Constabulary,-1.258623,53.276543,On or near Brookhill,E01019493,Bolsover 001D,Anti-social behaviour,,
,2021-06,Derbyshire Constabulary,Derbyshire Constabulary,-1.257447,53.273470,On or near Meadow View,E01019493,Bolsover 001D,Anti-social behaviour,,
3d47fc0fe8070d4aab9754b1196c0e81707abca975d7ccee942721420aabeab7,2021-06,Derbyshire Constabulary,Derbyshire Constabulary,-1.263695,53.272862,On or near Ringer Way,E01019493,Bolsover 001D,Criminal damage and arson,Investigation complete; no suspect identified,
b5904de5a710ec370266c22b9e0d0a9b6142061bc58f5f5d583459b8be886fc8,2021-06,Derbyshire Constabulary,Derbyshire Constabulary,-1.256663,53.269402,On or near Offridge Close,E01019493,Bolsover 001D,Criminal damage and arson,Investigation complete; no suspect identified,
,2021-06,Derbyshire Constabulary,Derbyshire Constabulary,-1.263837,53.275083,On or near Petrol Station,E01019494,Bolsover 001E,Anti-social behaviour,,
,2021-06,Derbyshire Constabulary,Derbyshire Constabulary,-1.265451,53.270203,On or near Damsbrook Drive,E01019494,Bolsover 001E,Anti-social behaviour,,
,2021-06,Derbyshire Constabulary,Derbyshire Constabulary,-1.263411,53.274595,On or near Mill Street,E01019494,Bolsover 001E,Anti-social behaviour,,
,2021-06,Derbyshire Constabulary,Derbyshire Constabulary,-1.268391,53.272720,On or near High Street,E01019494,Bolsover 001E,Anti-social behaviour,,
,2021-06,Derbyshire Constabulary,Derbyshire Constabulary,-1.264977,53.272429,On or near Crown Street,E01019494,Bolsover 001E,Anti-social behaviour,,
4d80db15facd0fe1ffc9adf2886016efa75a434d8d78103928a9552c22482343,2021-06,Derbyshire Constabulary,Derbyshire Constabulary,-1.266004,53.257136,On or near Oxcroft Lane,E01019494,Bolsover 001E,Burglary,Investigation complete; no suspect identified,
11a4a03f4be69aa369dc7328f2bcd7481b041b8500e4b3176a1c09fe6e1516e1,2021-06,Derbyshire Constabulary,Derbyshire Constabulary,-1.267921,53.270389,On or near Sports/Recreation Area,E01019494,Bolsover 001E,Criminal damage and arson,Unable to prosecute suspect,
f130e19997f492c9a38414a2e3e5d3f23f3245b35432828b891a204cdbcd9947,2021-06,Derbyshire Constabulary,Derbyshire Constabulary,-1.268089,53.274615,On or near Regent Street,E01019494,Bolsover 001E,Criminal damage and arson,Unable to prosecute suspect,
0882da23889419b565789d29ecab772134544bc9adc0854f8133a9aba9caf3db,2021-06,Derbyshire Constabulary,Derbyshire Constabulary,-1.266210,53.268751,On or near Sterry Close,E01019494,Bolsover 001E,Other theft,Unable to prosecute suspect,
3375f52b961d99f57d21bbe7ed85cfe771c0f0d3c3e506053556c3f9b019928b,2021-06,Derbyshire Constabulary,Derbyshire Constabulary,-1.264977,53.272429,On or near Crown Street,E01019494,Bolsover 001E,Public order,Investigation complete; no suspect identified,
6e0144e4df1e7dc483768f0ebcf9d90283a45996b1de75b09ea1a962dbccd559,2021-06,Derbyshire Constabulary,Derbyshire Constabulary,-1.268391,53.272720,On or near High Street,E01019494,Bolsover 001E,Public order,Status update unavailable,
330bb0e3d11b5d4281df30bfeed9092bd5e95727f8907515f28a02ac63d21a85,2021-06,Derbyshire Constabulary,Derbyshire Constabulary,-1.263411,53.274595,On or near Mill Street,E01019494,Bolsover 001E,Public order,Unable to prosecute suspect,
071cc8c8baee0a3c397bbe729eccd7dd26b9a5ffd96ee435f8f8231bb63c7f78,2021-06,Derbyshire Constabulary,Derbyshire Constabulary,-1.263837,53.275083,On or near Petrol Station,E01019494,Bolsover 001E,Shoplifting,Unable to prosecute suspect,
ccc331efdabce85fdb919c0394b224ec0e69c6c617d22d1dec9e3f931217f3cd,2021-06,Derbyshire Constabulary,Derbyshire Constabulary,-1.264977,53.272429,On or near Crown Street,E01019494,Bolsover 001E,Vehicle crime,Investigation complete; no suspect identified,
d0d7cf90e255ecc49ee3d7dde8ecaa49344e49b409167cdb7a1d6b80070e316d,2021-06,Derbyshire Constabulary,Derbyshire Constabulary,-1.264977,53.272429,On or near Crown Street,E01019494,Bolsover 001E,Vehicle crime,Unable to prosecute suspect,
4df67ee9ea844d5a42e63f0192a2cb31f787c8bf40ba6fb095e61ea6ffb8c2a0,2021-06,Derbyshire Constabulary,Derbyshire Constabulary,-1.277933,53.274252,On or near Slayley Hill,E01019494,Bolsover 001E,Violence and sexual offences,Local resolution,
e7f6497c6c73b33425cf80bafbdf8f410315243ac59262680c7d25667ace3bf2,2021-06,Derbyshire Constabulary,Derbyshire Constabulary,-1.264977,53.272429,On or near Crown Street,E01019494,Bolsover 001E,Violence and sexual offences,Unable to prosecute suspect,
0bbe60754639adfa867d7e69f4685dee3be98f2447e5a87080154d2f00a05978,2021-06,Derbyshire Constabulary,Derbyshire Constabulary,-1.265062,53.274488,On or near Supermarket,E01019494,Bolsover 001E,Violence and sexual offences,Unable to prosecute suspect,
78f2d47ce9c53917fdc3dcb32ed9e0028dd1a897e6542ab9ddc088e009a73a62,2021-06,Derbyshire Constabulary,Derbyshire Constabulary,-1.264977,53.272429,On or near Crown Street,E01019494,Bolsover 001E,Violence and sexual offences,Status update unavailable,
68f5a0f74e25298e4104523bf61a5998affec1e62eca33816eccc9ed8adba65f,2021-06,Derbyshire Constabulary,Derbyshire Constabulary,-1.264261,53.273998,On or near Mill Street,E01019494,Bolsover 001E,Violence and sexual offences,Investigation complete; no suspect identified,
7e11f1bd86edb5292bb77550935bfa95799181d94eaaeacac5143709c75bc142,2021-06,Derbyshire Constabulary,Derbyshire Constabulary,-1.264261,53.273998,On or near Mill Street,E01019494,Bolsover 001E,Violence and sexual offences,Investigation complete; no suspect identified,
71d872f98b9a60f580872b9281d43f9bdcf288d93ae41cb661724da84157d9eb,2021-06,Derbyshire Constabulary,Derbyshire Constabulary,-1.260811,53.274040,On or near Church Street,E01019494,Bolsover 001E,Violence and sexual offences,Unable to prosecute suspect,
80879ff1a95847762c04551a55d399c97a55c0a79eca57d267e155ccc4daff7c,2021-06,Derbyshire Constabulary,Derbyshire Constabulary,-1.265062,53.274488,On or near Supermarket,E01019494,Bolsover 001E,Violence and sexual offences,Status update unavailable,
49050a7f9931435de46a274980dd96e656d41a736ada60ba0849ccdf83af75d4,2021-06,Derbyshire Constabulary,Derbyshire Constabulary,-1.271709,53.271644,On or near John Street,E01019494,Bolsover 001E,Violence and sexual offences,Awaiting court outcome,
c852dc488822f64099b49969f0f902444039320afce0a50ab4d67ba9f49b7cce,2021-06,Derbyshire Constabulary,Derbyshire Constabulary,-1.263411,53.274595,On or near Mill Street,E01019494,Bolsover 001E,Violence and sexual offences,Awaiting court outcome,
,2021-06,Derbyshire Constabulary,Derbyshire Constabulary,-1.248404,53.280317,On or near Linnet Way,E01019492,Bolsover 002A,Anti-social behaviour,,
,2021-06,Derbyshire Constabulary,Derbyshire Constabulary,-1.254691,53.277561,On or near Rhodes Cottages,E01019492,Bolsover 002A,Anti-social behaviour,,
2fcfef2f9848e877662ddc9d30a6827019f749f63a92c3d1522cc2fc90f58935,2021-06,Derbyshire Constabulary,Derbyshire Constabulary,-1.251725,53.276518,On or near Clumber Close,E01019492,Bolsover 002A,Criminal damage and arson,Investigation complete; no suspect identified,
4ddbbf72fe8c5634fe1febc53b448299d38d491da1ab5e4ef5c5b9ded9bff1bf,2021-06,Derbyshire Constabulary,Derbyshire Constabulary,-1.254691,53.277561,On or near Rhodes Cottages,E01019492,Bolsover 002A,Drugs,Status update unavailable,
e026ce0262884ba0b8ee0adcb267adb922361a5ca64297b3fd36229288ae3c0a,2021-06,Derbyshire Constabulary,Derbyshire Constabulary,-1.248404,53.280317,On or near Linnet Way,E01019492,Bolsover 002A,Public order,Unable to prosecute suspect,
d5737208f55b0aa1d96ddfbaf50dc1f7880442e577c38a559d1683170e6b7423,2021-06,Derbyshire Constabulary,Derbyshire Constabulary,-1.251725,53.276518,On or near Clumber Close,E01019492,Bolsover 002A,Violence and sexual offences,Unable to prosecute suspect,
e3cd531d73ae4cbb7d05b8c0c6f9af78d947861cc65715a6a1f6f98e5d027992,2021-06,Derbyshire Constabulary,Derbyshire Constabulary,-1.250018,53.280642,On or near Sports/Recreation Area,E01019492,Bolsover 002A,Violence and sexual offences,Unable to prosecute suspect,
d3309a97f8c02c205a112cf25c065a24bbe0bd79238a019f4df0cef037bdc4cc,2021-06,Derbyshire Constabulary,Derbyshire Constabulary,-1.248404,53.280317,On or near Linnet Way,E01019492,Bolsover 002A,Violence and sexual offences,Unable to prosecute suspect,
f4680dc82ba4f5b7e77b52aaf38ca0433938e9f7115997636a6d52e1dba99385,2021-06,Derbyshire Constabulary,Derbyshire Constabulary,-1.254400,53.277928,On or near Creswell Road,E01019492,Bolsover 002A,Violence and sexual offences,Unable to prosecute suspect,
361834bfadbe710756ad5410881254310012b740f0d98ca31f57023ff4a334b8,2021-06,Derbyshire Constabulary,Derbyshire Constabulary,-1.249439,53.279497,On or near Clune Street,E01019492,Bolsover 002A,Violence and sexual offences,Unable to prosecute suspect,
5a5152ed6c9bfa68515c4e26b4c1ab38d20a45b5f0afce9fd6fbf381e29162f7,2021-06,Derbyshire Constabulary,Derbyshire Constabulary,-1.248404,53.280317,On or near Linnet Way,E01019492,Bolsover 002A,Violence and sexual offences,Unable to prosecute suspect,
361834bfadbe710756ad5410881254310012b740f0d98ca31f57023ff4a334b8,2021-06,Derbyshire Constabulary,Derbyshire Constabulary,-1.251960,53.279414,On or near Southgate Crescent,E01019492,Bolsover 002A,Violence and sexual offences,Status update unavailable,
d472cbe24eb5d2e7e2dbfbe6d4989d93be78ed28bc1ef7145a0c86ea16453e2a,2021-06,Derbyshire Constabulary,Derbyshire Constabulary,-1.251793,53.280392,On or near Park View,E01019492,Bolsover 002A,Violence and sexual offences,Unable to prosecute suspect,
,2021-06,Derbyshire Constabulary,Derbyshire Constabulary,-1.223563,53.259052,On or near Elmton Close,E01019495,Bolsover 002B,Anti-social behaviour,,
,2021-06,Derbyshire Constabulary,Derbyshire Constabulary,-1.226009,53.262232,On or near West Street,E01019495,Bolsover 002B,Anti-social behaviour,,
,2021-06,Derbyshire Constabulary,Derbyshire Constabulary,-1.223563,53.259052,On or near Elmton Close,E01019495,Bolsover 002B,Anti-social behaviour,,
,2021-06,Derbyshire Constabulary,Derbyshire Constabulary,-1.228221,53.261743,On or near Cavendish Close,E01019495,Bolsover 002B,Anti-social behaviour,,
,2021-06,Derbyshire Constabulary,Derbyshire Constabulary,-1.223563,53.259052,On or near Elmton Close,E01019495,Bolsover 002B,Anti-social behaviour,,
,2021-06,Derbyshire Constabulary,Derbyshire Constabulary,-1.223563,53.259052,On or near Elmton Close,E01019495,Bolsover 002B,Anti-social behaviour,,
f10cb4f3e25c77278a55c30075850bc54c8f7c55841fff88fbd33fd4c40d10a8,2021-06,Derbyshire Constabulary,Derbyshire Constabulary,-1.226009,53.262232,On or near West Street,E01019495,Bolsover 002B,Burglary,Investigation complete; no suspect identified,
ef5738a8cb61c84c8ceafc88f797f2bd4dba19deae447e0d912a78a64418c733,2021-06,Derbyshire Constabulary,Derbyshire Constabulary,-1.223563,53.259052,On or near Elmton Close,E01019495,Bolsover 002B,Burglary,Investigation complete; no suspect identified,
29c2f4779f814f4fa376007e3113dcc0a7ba6840b8a76dfd7b0010df82a50cee,2021-06,Derbyshire Constabulary,Derbyshire Constabulary,-1.225209,53.263368,On or near Shakespeare Avenue,E01019495,Bolsover 002B,Other theft,Investigation complete; no suspect identified,
cf1f777a3ad20ec836212d274a6f49a9c61ffcb7e5329285b0101254989a564a,2021-06,Derbyshire Constabulary,Derbyshire Constabulary,-1.228221,53.261743,On or near Cavendish Close,E01019495,Bolsover 002B,Public order,Unable to prosecute suspect,
753a401e1994af3a860635e0d2a3b6b23eeb9eb90aa543575e4a78ea9ddc6295,2021-06,Derbyshire Constabulary,Derbyshire Constabulary,-1.228449,53.260783,On or near Wood Avenue,E01019495,Bolsover 002B,Violence and sexual offences,Unable to prosecute suspect,
1140c42a9878d94cc9e7f2dee4be4a577059e8cbeb18e7c5f9229f4f98f04017,2021-06,Derbyshire Constabulary,Derbyshire Constabulary,-1.223563,53.259052,On or near Elmton Close,E01019495,Bolsover 002B,Violence and sexual offences,Unable to prosecute suspect,
000f2b43392731789f99ac91eb15d2ab58f117cccf7b6bdcda1922575d4a5a3e,2021-06,Derbyshire Constabulary,Derbyshire Constabulary,-1.223599,53.262010,On or near Sherwood Avenue,E01019495,Bolsover 002B,Violence and sexual offences,Investigation complete; no suspect identified,
4daf3c5699fca6642738c8ce561ccad5f3ca25d63df1dad6b0c108177a45e971,2021-06,Derbyshire Constabulary,Derbyshire Constabulary,-1.228449,53.260783,On or near Wood Avenue,E01019495,Bolsover 002B,Other crime,Unable to prosecute suspect,
,2021-06,Derbyshire Constabulary,Derbyshire Constabulary,-1.207275,53.283790,On or near Butt Hill,E01019524,Bolsover 002C,Anti-social behaviour,,
,2021-06,Derbyshire Constabulary,Derbyshire Constabulary,-1.205328,53.286870,On or near Sunnyside,E01019524,Bolsover 002C,Anti-social behaviour,,
,2021-06,Derbyshire Constabulary,Derbyshire Constabulary,-1.177996,53.301022,On or near Park/Open Space,E01019524,Bolsover 002C,Anti-social behaviour,,
b0ca61aa81bbb0cedf3cca8995aa9478b6647569f1c5a16d511954158ef9b083,2021-06,Derbyshire Constabulary,Derbyshire Constabulary,-1.236344,53.305643,On or near Park/Open Space,E01019524,Bolsover 002C,Burglary,Investigation complete; no suspect identified,
0f73a9bad7f0149fa797689b8719b6ad8de670e63d0c2ce836e96349bf1a3156,2021-06,Derbyshire Constabulary,Derbyshire Constabulary,-1.180058,53.302241,On or near Park/Open Space,E01019524,Bolsover 002C,Criminal damage and arson,Investigation complete; no suspect identified,
20a4d88ea5ba135c14491e3511a9b975fee91b38e33790d50601db88c64d0b72,2021-06,Derbyshire Constabulary,Derbyshire Constabulary,-1.212174,53.284964,On or near Scotland Street,E01019524,Bolsover 002C,Criminal damage and arson,Investigation complete; no suspect identified,
46700391844af857a0c06dd5927fe4f8b23467e4bf88da83189e801507d8c8fd,2021-06,Derbyshire Constabulary,Derbyshire Constabulary,-1.202561,53.280020,On or near Belf Moor Close,E01019524,Bolsover 002C,Criminal damage and arson,Investigation complete; no suspect identified,
45d77a98f432060692942495d26553f4ca551686ea5d137422d05522d08e841d,2021-06,Derbyshire Constabulary,Derbyshire Constabulary,-1.205042,53.282904,On or near East Parade,E01019524,Bolsover 002C,Other theft,Investigation complete; no suspect identified,
0e5385cb8265ce87377b7e122b217149e98ad250cd06ac5280627dab4eaca25e,2021-06,Derbyshire Constabulary,Derbyshire Constabulary,-1.203148,53.284716,On or near Fox Road,E01019524,Bolsover 002C,Vehicle crime,Investigation complete; no suspect identified,
a3502ef0de675f46e41de7ff26eb1314a6bcaaab3f6fef6e3ae523a3c47fb000,2021-06,Derbyshire Constabulary,Derbyshire Constabulary,-1.205874,53.284932,On or near Old Green Close,E01019524,Bolsover 002C,Violence and sexual offences,Unable to prosecute suspect,
6ed94d0011bf1bca38d405f716f08768a689dac190f8737a63da4a23d4c559da,2021-06,Derbyshire Constabulary,Derbyshire Constabulary,-1.204787,53.285302,On or near Hangar Hill,E01019524,Bolsover 002C,Violence and sexual offences,Unable to prosecute suspect,
dbac730e919209144de5b84996bc48337b32dc1addebb2dfe5f6e0533342f6d3,2021-06,Derbyshire Constabulary,Derbyshire Constabulary,-1.204787,53.285302,On or near Hangar Hill,E01019524,Bolsover 002C,Violence and sexual offences,Unable to prosecute suspect,
52ccfd1fb9f0834e5cc447e2ff4e273b74ad8326dd5e5f1f8bf9ec7a580e73bc,2021-06,Derbyshire Constabulary,Derbyshire Constabulary,-1.204040,53.284380,On or near Supermarket,E01019524,Bolsover 002C,Violence and sexual offences,Unable to prosecute suspect,
13ff85750d5d2f22e96f8889722d53f7afa2e423d62bdb132abe18028215b15d,2021-06,Derbyshire Constabulary,Derbyshire Constabulary,-1.204787,53.285302,On or near Hangar Hill,E01019524,Bolsover 002C,Violence and sexual offences,Unable to prosecute suspect,
bf86c360827d3aa00b2bff4e60bbb3ed977550b16e4ef4d95e40e3d26fbfe079,2021-06,Derbyshire Constabulary,Derbyshire Constabulary,-1.204787,53.285302,On or near Hangar Hill,E01019524,Bolsover 002C,Violence and sexual offences,Unable to prosecute suspect,
,2021-06,Derbyshire Constabulary,Derbyshire Constabulary,-1.212525,53.282171,On or near St Lawrence View,E01019525,Bolsover 002D,Anti-social behaviour,,
c3c8586a10778d82b69d56b5b736763001825eefc9d0ec277f0cee49547040b1,2021-06,Derbyshire Constabulary,Derbyshire Constabulary,-1.217953,53.280607,On or near Claylands Place,E01019525,Bolsover 002D,Public order,Unable to prosecute suspect,
18927870d3a249a3bc094e3b82d1e0d083a34ef9ba224ebd3828cb450b9e325a,2021-06,Derbyshire Constabulary,Derbyshire Constabulary,-1.208040,53.281368,On or near Southfield Close,E01019525,Bolsover 002D,Public order,Unable to prosecute suspect,
75bd8c44030489312afe815c0cff9a304b84d30269ab92af4df60f239e5c2700,2021-06,Derbyshire Constabulary,Derbyshire Constabulary,-1.216494,53.280013,On or near New Street,E01019525,Bolsover 002D,Vehicle crime,Investigation complete; no suspect identified,
03a893722c0fc977939f4c1f4cad22a66d5551a18e49e4a0328283ad1e511365,2021-06,Derbyshire Constabulary,Derbyshire Constabulary,-1.208040,53.281368,On or near Southfield Close,E01019525,Bolsover 002D,Violence and sexual offences,Status update unavailable,
6f0d505a569230d2ed8c2f1de606e1f7b1c7274876f741b87b147feced133988,2021-06,Derbyshire Constabulary,Derbyshire Constabulary,-1.208040,53.281368,On or near Southfield Close,E01019525,Bolsover 002D,Violence and sexual offences,Unable to prosecute suspect,
f5bb5fb4ea998b81044eea0c90ab8a2ceffc9b66813f4a6f3154dbc1627e1218,2021-06,Derbyshire Constabulary,Derbyshire Constabulary,-1.206928,53.279869,On or near Longhurst View,E01019525,Bolsover 002D,Violence and sexual offences,Unable to prosecute suspect,
,2021-06,Derbyshire Constabulary,Derbyshire Constabulary,-1.220167,53.268540,On or near Haldane Close,E01019496,Bolsover 003A,Anti-social behaviour,,
,2021-06,Derbyshire Constabulary,Derbyshire Constabulary,-1.220167,53.268540,On or near Haldane Close,E01019496,Bolsover 003A,Anti-social behaviour,,
,2021-06,Derbyshire Constabulary,Derbyshire Constabulary,-1.193125,53.282536,On or near Sports/Recreation Area,E01019496,Bolsover 003A,Anti-social behaviour,,
,2021-06,Derbyshire Constabulary,Derbyshire Constabulary,-1.220167,53.268540,On or near Haldane Close,E01019496,Bolsover 003A,Anti-social behaviour,,
4034ef32e6abf7181608faa91a2513864b0bb0b5d306af642a90381f799377ca,2021-06,Derbyshire Constabulary,Derbyshire Constabulary,-1.221680,53.266959,On or near Rowan Close,E01019496,Bolsover 003A,Drugs,Status update unavailable,
d1c8c3159b71e3001482a1a19077dfc945740bce2d45e5c3e2ac0c00b58f79a4,2021-06,Derbyshire Constabulary,Derbyshire Constabulary,-1.221680,53.266959,On or near Rowan Close,E01019496,Bolsover 003A,Other theft,Status update unavailable,
01deaf62fe5ac1caae09abd08df6a408706352561bf2855dd82d6a4f3dfe4051,2021-06,Derbyshire Constabulary,Derbyshire Constabulary,-1.186500,53.283839,On or near Birch Road,E01019496,Bolsover 003A,Public order,Unable to prosecute suspect,
d192dcfae7585631a25dba1b96d122bce1bb6de9b05699f98c31561974833401,2021-06,Derbyshire Constabulary,Derbyshire Constabulary,-1.201107,53.268675,On or near Park/Open Space,E01019496,Bolsover 003A,Vehicle crime,Investigation complete; no suspect identified,
174fe6b0c17dc21496cc2703f89fb1a9f1db989c8e251bf83fe18725e43f29f7,2021-06,Derbyshire Constabulary,Derbyshire Constabulary,-1.214126,53.266811,On or near Parking Area,E01019496,Bolsover 003A,Violence and sexual offences,Status update unavailable,
2656c93149bea9b188a0ab9e7f0553a604c3d1b5ef78a55ef28407c664754af4,2021-06,Derbyshire Constabulary,Derbyshire Constabulary,-1.219359,53.268472,On or near Linden Road,E01019496,Bolsover 003A,Violence and sexual offences,Status update unavailable,
,2021-06,Derbyshire Constabulary,Derbyshire Constabulary,-1.218622,53.262022,On or near Supermarket,E01019497,Bolsover 003B,Anti-social behaviour,,
,2021-06,Derbyshire Constabulary,Derbyshire Constabulary,-1.215343,53.264212,On or near Dover Street,E01019497,Bolsover 003B,Anti-social behaviour,,
,2021-06,Derbyshire Constabulary,Derbyshire Constabulary,-1.213218,53.264036,On or near King Street,E01019497,Bolsover 003B,Anti-social behaviour,,
,2021-06,Derbyshire Constabulary,Derbyshire Constabulary,-1.213218,53.264036,On or near King Street,E01019497,Bolsover 003B,Anti-social behaviour,,
,2021-06,Derbyshire Constabulary,Derbyshire Constabulary,-1.215343,53.264212,On or near Dover Street,E01019497,Bolsover 003B,Anti-social behaviour,,
361e3243c5725238cc6a53c9a906ebc232db166fe3040d6af10a16b7c4c11538,2021-06,Derbyshire Constabulary,Derbyshire Constabulary,-1.212071,53.261988,On or near Duke Street,E01019497,Bolsover 003B,Criminal damage and arson,Unable to prosecute suspect,
73c97816a24158d4f2116460b8ae2128a0b365827398d2e759ad9159be6cf826,2021-06,Derbyshire Constabulary,Derbyshire Constabulary,-1.209158,53.261402,On or near Crags View,E01019497,Bolsover 003B,Criminal damage and arson,Investigation complete; no suspect identified,
55e9252cb889581065939343f84edc7d82ea9e5c5bec566e7c881ac1cef23b09,2021-06,Derbyshire Constabulary,Derbyshire Constabulary,-1.214497,53.265429,On or near Baker Street,E01019497,Bolsover 003B,Other theft,Unable to prosecute suspect,
66cb60da505e6363e5ee1569c6795e52584c08dd829bfb0d23312fe4101c5462,2021-06,Derbyshire Constabulary,Derbyshire Constabulary,-1.218622,53.262022,On or near Supermarket,E01019497,Bolsover 003B,Public order,Unable to prosecute suspect,
5392fb28e513d787b5f176c2df5e6120e968a84ba640633c0fa303c2aa94e6e1,2021-06,Derbyshire Constabulary,Derbyshire Constabulary,-1.218622,53.262022,On or near Supermarket,E01019497,Bolsover 003B,Shoplifting,Investigation complete; no suspect identified,
2eadadfa77de9337265949774248277ad1305c5693645d0c39841c84dad419c2,2021-06,Derbyshire Constabulary,Derbyshire Constabulary,-1.218622,53.262022,On or near Supermarket,E01019497,Bolsover 003B,Shoplifting,Investigation complete; no suspect identified,
a9984420bc82e12828e013c1f6e24dcae771814a285aa206cd6080d538e0b57e,2021-06,Derbyshire Constabulary,Derbyshire Constabulary,-1.214267,53.264070,On or near Queen Street,E01019497,Bolsover 003B,Shoplifting,Investigation complete; no suspect identified,
5ce9eec4a033f3d5c30cd122993d114de4006b7f1d983b586004317e5a33f5a4,2021-06,Derbyshire Constabulary,Derbyshire Constabulary,-1.218622,53.262022,On or near Supermarket,E01019497,Bolsover 003B,Shoplifting,Investigation complete; no suspect identified,
754a626c048b75162833404f01ef5773909081478cd8f23be2bf95214025f50e,2021-06,Derbyshire Constabulary,Derbyshire Constabulary,-1.218622,53.262022,On or near Supermarket,E01019497,Bolsover 003B,Shoplifting,Investigation complete; no suspect identified,
9a4be7fe376679638aaa76efb12aef9ec1fc8523cfe983306be908c80ae0768d,2021-06,Derbyshire Constabulary,Derbyshire Constabulary,-1.218622,53.262022,On or near Supermarket,E01019497,Bolsover 003B,Shoplifting,Investigation complete; no suspect identified,
ff55dd51bac0c70ba68fa520bfa83847c010476ae4407e0c926eaa9ba2952419,2021-06,Derbyshire Constabulary,Derbyshire Constabulary,-1.216618,53.263366,On or near Gypsy Lane,E01019497,Bolsover 003B,Vehicle crime,Investigation complete; no suspect identified,
5b630a03e6636c6e7bf0abd3dcab007f70410699b079caa2482afd13e2695adb,2021-06,Derbyshire Constabulary,Derbyshire Constabulary,-1.211952,53.264369,On or near Petrol Station,E01019497,Bolsover 003B,Violence and sexual offences,Unable to prosecute suspect,
3c94aab7cd1f61eaea9e98e1d556a807fe1c51ac35ab510a258c9cfbcdb73b4f,2021-06,Derbyshire Constabulary,Derbyshire Constabulary,-1.209158,53.261402,On or near Crags View,E01019497,Bolsover 003B,Violence and sexual offences,Status update unavailable,
5f2558b57c796ec8cd9f1535679ae03f8a56e2505b809e16c0f0e444c8ebb5cc,2021-06,Derbyshire Constabulary,Derbyshire Constabulary,-1.216618,53.263366,On or near Gypsy Lane,E01019497,Bolsover 003B,Violence and sexual offences,Unable to prosecute suspect,
9a221c1961a91a029ce4bcd69a72f2ed4e7c0922d5eb72e1255a0052adc875ca,2021-06,Derbyshire Constabulary,Derbyshire Constabulary,-1.212071,53.261988,On or near Duke Street,E01019497,Bolsover 003B,Violence and sexual offences,Unable to prosecute suspect,
db7fae82b1bd2ccd011c245654d69a1622580db69189aacb0f16843b8705e85e,2021-06,Derbyshire Constabulary,Derbyshire Constabulary,-1.211952,53.264369,On or near Petrol Station,E01019497,Bolsover 003B,Violence and sexual offences,Unable to prosecute suspect,
cb6c6526826d80ef36076312989a3a24aa4cfed0d3d9e60a7199bc0bee77e4bd,2021-06,Derbyshire Constabulary,Derbyshire Constabulary,-1.214497,53.265429,On or near Baker Street,E01019497,Bolsover 003B,Violence and sexual offences,Unable to prosecute suspect,
,2021-06,Derbyshire Constabulary,Derbyshire Constabulary,-1.215054,53.261163,On or near Welbeck Street,E01019498,Bolsover 003C,Anti-social behaviour,,
,2021-06,Derbyshire Constabulary,Derbyshire Constabulary,-1.212181,53.260919,On or near Victoria Street,E01019498,Bolsover 003C,Anti-social behaviour,,
,2021-06,Derbyshire Constabulary,Derbyshire Constabulary,-1.214290,53.260322,On or near Hazelby Road,E01019498,Bolsover 003C,Anti-social behaviour,,
,2021-06,Derbyshire Constabulary,Derbyshire Constabulary,-1.215054,53.261163,On or near Welbeck Street,E01019498,Bolsover 003C,Anti-social behaviour,,
,2021-06,Derbyshire Constabulary,Derbyshire Constabulary,-1.223037,53.260792,On or near Holbeck Street,E01019498,Bolsover 003C,Anti-social behaviour,,
,2021-06,Derbyshire Constabulary,Derbyshire Constabulary,-1.213819,53.262323,On or near Church Street,E01019498,Bolsover 003C,Anti-social behaviour,,
,2021-06,Derbyshire Constabulary,Derbyshire Constabulary,-1.214290,53.260322,On or near Hazelby Road,E01019498,Bolsover 003C,Anti-social behaviour,,
8bdbf4dd3a859253861b0bc5d0b6783965c9d9a5d8c4857fed57e0e3b035e93b,2021-06,Derbyshire Constabulary,Derbyshire Constabulary,-1.213819,53.262323,On or near Church Street,E01019498,Bolsover 003C,Burglary,Awaiting court outcome,
464f6b93dc7e0125117c13aa1a6a6c90ebf53b4df3dcb6112c0470374a37c394,2021-06,Derbyshire Constabulary,Derbyshire Constabulary,-1.214290,53.260322,On or near Hazelby Road,E01019498,Bolsover 003C,Criminal damage and arson,Unable to prosecute suspect,
fdc63ae0a0b5269a20706ef13966b5979ae27530d8af964a355d548a32d87e21,2021-06,Derbyshire Constabulary,Derbyshire Constabulary,-1.215125,53.263015,On or near Parking Area,E01019498,Bolsover 003C,Drugs,Formal action is not in the public interest,
1f3bd5f7ccc96834f9b17a813d4542c1d101a091a9339064b6cc35bc4af68735,2021-06,Derbyshire Constabulary,Derbyshire Constabulary,-1.218389,53.262461,On or near Ann Street,E01019498,Bolsover 003C,Drugs,Status update unavailable,
63195b90071bfa4752b09341d19c07414188e4a4ae7c0c6993e24bc7271ec50c,2021-06,Derbyshire Constabulary,Derbyshire Constabulary,-1.212181,53.260919,On or near Victoria Street,E01019498,Bolsover 003C,Other theft,Unable to prosecute suspect,
19882c0e93e9d4e5d3736453f05ca81ff517bf60be8f7fa9421a63432fe9baf1,2021-06,Derbyshire Constabulary,Derbyshire Constabulary,-1.212952,53.259702,On or near Morven Street,E01019498,Bolsover 003C,Other theft,Status update unavailable,
eb71afc960685fced9a78063b05ab727992b7e5bf0382b46aa9c498e26955e7b,2021-06,Derbyshire Constabulary,Derbyshire Constabulary,-1.223037,53.260792,On or near Holbeck Street,E01019498,Bolsover 003C,Possession of weapons,Unable to prosecute suspect,
09d599ed7489f658b943d65d02627697eddfaf600c214740ca11b74b98a7d85c,2021-06,Derbyshire Constabulary,Derbyshire Constabulary,-1.209610,53.260470,On or near Duchess Street,E01019498,Bolsover 003C,Public order,Unable to prosecute suspect,
e0e6041603a8f6f5f1a9c7b2c1a6f681cc3ef2c1f16cc4dde1080cd0c7661e07,2021-06,Derbyshire Constabulary,Derbyshire Constabulary,-1.215125,53.263015,On or near Parking Area,E01019498,Bolsover 003C,Shoplifting,Unable to prosecute suspect,
0e343135eedef21f1ae8d469a643cb27a03f8b96c2be1abc2d73a420eb53b1eb,2021-06,Derbyshire Constabulary,Derbyshire Constabulary,-1.215125,53.263015,On or near Parking Area,E01019498,Bolsover 003C,Shoplifting,Unable to prosecute suspect,
5ede67269c2b01111ff1e27be8831353081c3257f7ad5612c339b76e57bb58fb,2021-06,Derbyshire Constabulary,Derbyshire Constabulary,-1.224707,53.260435,On or near Bank Close,E01019498,Bolsover 003C,Vehicle crime,Investigation complete; no suspect identified,
2fe645090a69e085193fba582af9c9554e6721ba49d9f198d62eccec4b3169c2,2021-06,Derbyshire Constabulary,Derbyshire Constabulary,-1.212952,53.259702,On or near Morven Street,E01019498,Bolsover 003C,Vehicle crime,Investigation complete; no suspect identified,
80a5755ef3b5d06666d90f9e26b085d1a33392e37ecc445c63e0595a88a87f95,2021-06,Derbyshire Constabulary,Derbyshire Constabulary,-1.220226,53.261197,On or near Elmton Road,E01019498,Bolsover 003C,Vehicle crime,Investigation complete; no suspect identified,
74f85c68ca1b593f5ab21775c3577b3991a93a4e3566bbc79feccb56a17e9242,2021-06,Derbyshire Constabulary,Derbyshire Constabulary,-1.213819,53.262323,On or near Church Street,E01019498,Bolsover 003C,Violence and sexual offences,Unable to prosecute suspect,
2e21d4d8d841878d6e59e9682db9f8560f0f368042b73fa889630bc1f1869a2b,2021-06,Derbyshire Constabulary,Derbyshire Constabulary,-1.214290,53.260322,On or near Hazelby Road,E01019498,Bolsover 003C,Violence and sexual offences,Unable to prosecute suspect,
5a68cae8c7017d529809328691683c1844179f4dd012761bd3138b7f825f0441,2021-06,Derbyshire Constabulary,Derbyshire Constabulary,-1.214290,53.260322,On or near Hazelby Road,E01019498,Bolsover 003C,Violence and sexual offences,Unable to prosecute suspect,
bdb2edbfb0fe851c2775b638258b2c9b0e4201c2db2dc5432df541ca41bf84b6,2021-06,Derbyshire Constabulary,Derbyshire Constabulary,-1.215054,53.261163,On or near Welbeck Street,E01019498,Bolsover 003C,Violence and sexual offences,Unable to prosecute suspect,
574dd0e7a36b59b094d4c1b145ea2ef7e15084676f6c119fbfa880c9604972dd,2021-06,Derbyshire Constabulary,Derbyshire Constabulary,-1.213819,53.262323,On or near Church Street,E01019498,Bolsover 003C,Violence and sexual offences,Awaiting court outcome,
1d0b6250e6897502e385dfc68c3633d9119f84a177dafe452dac9105a1d644d5,2021-06,Derbyshire Constabulary,Derbyshire Constabulary,-1.214290,53.260322,On or near Hazelby Road,E01019498,Bolsover 003C,Violence and sexual offences,Unable to prosecute suspect,
9cce76a0ca75004201977bd83bf06e06d571910171680866d7405eb8b3aa12a5,2021-06,Derbyshire Constabulary,Derbyshire Constabulary,-1.200188,53.284211,On or near Duke Street,E01019523,Bolsover 003D,Criminal damage and arson,Unable to prosecute suspect,
9f1691de7ff06b5940b413a9ecc8be8ea90b9a9963d5aaefdf18c73b17793336,2021-06,Derbyshire Constabulary,Derbyshire Constabulary,-1.199816,53.284819,On or near Mill Crescent,E01019523,Bolsover 003D,Public order,Unable to prosecute suspect,
ebc52ec76ae539307ab80e145af469112a398eed5c71e0383134cc23c7d6e3e1,2021-06,Derbyshire Constabulary,Derbyshire Constabulary,-1.201780,53.282495,On or near Holmefield Road,E01019523,Bolsover 003D,Violence and sexual offences,Unable to prosecute suspect,
35da01b024bfe60b0608356973479a1cabc7566626e1fe6503d406214b83edef,2021-06,Derbyshire Constabulary,Derbyshire Constabulary,-1.199816,53.284819,On or near Mill Crescent,E01019523,Bolsover 003D,Violence and sexual offences,Unable to prosecute suspect,
,2021-06,Derbyshire Constabulary,Derbyshire Constabulary,-1.296812,53.235892,On or near Parking Area,E01019483,Bolsover 004A,Anti-social behaviour,,
,2021-06,Derbyshire Constabulary,Derbyshire Constabulary,-1.301690,53.235364,On or near Parking Area,E01019483,Bolsover 004A,Anti-social behaviour,,
,2021-06,Derbyshire Constabulary,Derbyshire Constabulary,-1.295998,53.232544,On or near Bolsover Hill,E01019483,Bolsover 004A,Anti-social behaviour,,
9cbd7eeea482d4a3e854a31ff5b2faabacfd3ffe86f15c054c6989948f229ad2,2021-06,Derbyshire Constabulary,Derbyshire Constabulary,-1.292167,53.229537,On or near Shopping Area,E01019483,Bolsover 004A,Criminal damage and arson,Awaiting court outcome,
000887560836d2d9e905927c385c6a127608b8c72ff5e88b0606b8968d113c00,2021-06,Derbyshire Constabulary,Derbyshire Constabulary,-1.295998,53.232544,On or near Bolsover Hill,E01019483,Bolsover 004A,Criminal damage and arson,Status update unavailable,
6f0fda901d3f5600fef51521fe81c1eca7424b8f4d51843788de718b972bd3a1,2021-06,Derbyshire Constabulary,Derbyshire Constabulary,-1.292149,53.228817,On or near Middle Street,E01019483,Bolsover 004A,Criminal damage and arson,Unable to prosecute suspect,
7b290ab5b4da79ab9130e749cb67e0e0f0f61e57b7ea2d8741644c17b108d48a,2021-06,Derbyshire Constabulary,Derbyshire Constabulary,-1.292167,53.229537,On or near Shopping Area,E01019483,Bolsover 004A,Criminal damage and arson,Investigation complete; no suspect identified,
6e0dfe3847a958ca42e636085051cc5f5581323a02d11d27d366b1afcfbf5914,2021-06,Derbyshire Constabulary,Derbyshire Constabulary,-1.290719,53.229231,On or near Town End,E01019483,Bolsover 004A,Criminal damage and arson,Further action is not in the public interest,
89057c173677735958546fb36123480a92d5ebb594ae88f107e68ef27eacc7a5,2021-06,Derbyshire Constabulary,Derbyshire Constabulary,-1.294569,53.232904,On or near Hill Top,E01019483,Bolsover 004A,Criminal damage and arson,Investigation complete; no suspect identified,
a36f9abbc8f53f6a4106790664acfe8d859e0bc6d537cbdcfa47bc4f8109700f,2021-06,Derbyshire Constabulary,Derbyshire Constabulary,-1.300753,53.233075,On or near Haslam Court,E01019483,Bolsover 004A,Drugs,Further investigation is not in the public interest,
2032761457a50bd5590ba7e7d2907574616806987a0a3eb7c7a89fcbb2188276,2021-06,Derbyshire Constabulary,Derbyshire Constabulary,-1.305136,53.235366,On or near Farmfields Close,E01019483,Bolsover 004A,Public order,Investigation complete; no suspect identified,
b059f430bf3d1e5e0eff40477bac0c484c93ee49ff2fc1d0d9b9bc0972e9c057,2021-06,Derbyshire Constabulary,Derbyshire Constabulary,-1.295998,53.232544,On or near Bolsover Hill,E01019483,Bolsover 004A,Public order,Unable to prosecute suspect,
07914c3391f90b2455341bcb4c23568954ba87c0307bdd07efce15c8e4dd17bd,2021-06,Derbyshire Constabulary,Derbyshire Constabulary,-1.303350,53.233683,On or near Nursery Drive,E01019483,Bolsover 004A,Public order,Unable to prosecute suspect,
9c326f4363aa980bc303928ff867972499f91ad80a05faf7ce583e87ef159ec1,2021-06,Derbyshire Constabulary,Derbyshire Constabulary,-1.290719,53.229231,On or near Town End,E01019483,Bolsover 004A,Shoplifting,Unable to prosecute suspect,
6cc3892edd3ce320a4dff9b1ec74cddaa005e975c3fe64277c7f9a24ec4402e7,2021-06,Derbyshire Constabulary,Derbyshire Constabulary,-1.303350,53.233683,On or near Nursery Drive,E01019483,Bolsover 004A,Vehicle crime,Investigation complete; no suspect identified,
c7b75dfd1e6171b837967935e7482a4c66178ea39b3eea9c54ff4ab5458de679,2021-06,Derbyshire Constabulary,Derbyshire Constabulary,-1.292167,53.229537,On or near Shopping Area,E01019483,Bolsover 004A,Violence and sexual offences,Investigation complete; no suspect identified,
f3b6ec834eed325363e4f8e844b1dd9d8df429222fcd210578c4b63c0da98844,2021-06,Derbyshire Constabulary,Derbyshire Constabulary,-1.296812,53.235892,On or near Parking Area,E01019483,Bolsover 004A,Violence and sexual offences,Unable to prosecute suspect,
e64cc69529f2c4575595afbf4d4df5c6500ce9c16952d263b968eba0c63cdd6c,2021-06,Derbyshire Constabulary,Derbyshire Constabulary,-1.302466,53.234604,On or near Deepdale Road,E01019483,Bolsover 004A,Violence and sexual offences,Status update unavailable,
d9046addb8ef8e8fe2defeeb6c37a9cd44de66cfa26ddc21d69428f9be6763e1,2021-06,Derbyshire Constabulary,Derbyshire Constabulary,-1.300753,53.233075,On or near Haslam Court,E01019483,Bolsover 004A,Violence and sexual offences,Unable to prosecute suspect,
89f4e7b6a925b810d76eca6c69f4a245d114e2698d0683e21958a59096df7ba5,2021-06,Derbyshire Constabulary,Derbyshire Constabulary,-1.302466,53.234604,On or near Deepdale Road,E01019483,Bolsover 004A,Violence and sexual offences,Status update unavailable,
90a27117137e313f003e5cb5fb572d52dd221599b65cd90588c0284f0fe41367,2021-06,Derbyshire Constabulary,Derbyshire Constabulary,-1.290719,53.229231,On or near Town End,E01019483,Bolsover 004A,Violence and sexual offences,Further action is not in the public interest,
5713f8aabd4fa3d6230d69eae74fc6b1a41618acb489d0f0bc0b6404d8dea201,2021-06,Derbyshire Constabulary,Derbyshire Constabulary,-1.298021,53.236151,On or near Springfield Crescent,E01019483,Bolsover 004A,Violence and sexual offences,Unable to prosecute suspect,
a2a1cb95787726da3486236d40eaa263286f08bcb282cc34136a451e59dbe37b,2021-06,Derbyshire Constabulary,Derbyshire Constabulary,-1.303350,53.233683,On or near Nursery Drive,E01019483,Bolsover 004A,Violence and sexual offences,Unable to prosecute suspect,
1cea0f359377777efb922d9c8f4ca4a523cdcd5086e56f710a91cc1cba3b6f8c,2021-06,Derbyshire Constabulary,Derbyshire Constabulary,-1.290351,53.228843,On or near Supermarket,E01019483,Bolsover 004A,Violence and sexual offences,Further action is not in the public interest,
064bc7a804086d4c82e4208514902f75e36cefda5c994fd5b57ec7f3c73d5af4,2021-06,Derbyshire Constabulary,Derbyshire Constabulary,-1.304372,53.234435,On or near Houfton Crescent,E01019483,Bolsover 004A,Violence and sexual offences,Unable to prosecute suspect,
401265ee54d19ccc245a4b69f27b4ed7b6ee62d4da6c18b5564357ded06542ff,2021-06,Derbyshire Constabulary,Derbyshire Constabulary,-1.290719,53.229231,On or near Town End,E01019483,Bolsover 004A,Violence and sexual offences,Status update unavailable,
fec05105abe53eff50b4812d66371c77513778568ed98de98a88270b156fe7f1,2021-06,Derbyshire Constabulary,Derbyshire Constabulary,-1.295998,53.232544,On or near Bolsover Hill,E01019483,Bolsover 004A,Violence and sexual offences,Status update unavailable,
88623fdc250e0aad970969c28974211892d5018c7ab33971880e1a4442ccf216,2021-06,Derbyshire Constabulary,Derbyshire Constabulary,-1.298021,53.236151,On or near Springfield Crescent,E01019483,Bolsover 004A,Violence and sexual offences,Unable to prosecute suspect,
743ba2805c3956191497cc348bd51914e1a16e4098d4b2ec2aad74b88af92147,2021-06,Derbyshire Constabulary,Derbyshire Constabulary,-1.300788,53.233722,On or near Harvey Court,E01019483,Bolsover 004A,Violence and sexual offences,Unable to prosecute suspect,
67e6e0c12468552dfc01d954f6f6e58663701a6e6fa84d288e6bad84fe4f8233,2021-06,Derbyshire Constabulary,Derbyshire Constabulary,-1.298021,53.236151,On or near Springfield Crescent,E01019483,Bolsover 004A,Violence and sexual offences,Unable to prosecute suspect,
9ecd2725a12a4964dad2a00b7eb064b75ede9c1670a4c2897da0bbefacb71b58,2021-06,Derbyshire Constabulary,Derbyshire Constabulary,-1.299117,53.235106,On or near Parking Area,E01019483,Bolsover 004A,Violence and sexual offences,Unable to prosecute suspect,
be2504fdd148298bc815e81093d3bbd51b91865768dbbba275c78d4e66dfade3,2021-06,Derbyshire Constabulary,Derbyshire Constabulary,-1.298021,53.236151,On or near Springfield Crescent,E01019483,Bolsover 004A,Violence and sexual offences,Unable to prosecute suspect,
5abbcf201e36178fae0c45dfc5f3636665496d69db6ce91341c83c457d7cd621,2021-06,Derbyshire Constabulary,Derbyshire Constabulary,-1.297900,53.235287,On or near Parking Area,E01019483,Bolsover 004A,Violence and sexual offences,Investigation complete; no suspect identified,
7cb6a816f6139cccfaf89842da63c3cb95c7c796a676502f5bc6c726007aaffd,2021-06,Derbyshire Constabulary,Derbyshire Constabulary,-1.303350,53.233683,On or near Nursery Drive,E01019483,Bolsover 004A,Violence and sexual offences,Status update unavailable,
e11046499a8f241fae1d8acad1fa547742b3da83c3c609807599673cc61d1114,2021-06,Derbyshire Constabulary,Derbyshire Constabulary,-1.292149,53.228817,On or near Middle Street,E01019483,Bolsover 004A,Other crime,Unable to prosecute suspect,
,2021-06,Derbyshire Constabulary,Derbyshire Constabulary,-1.292114,53.237285,On or near Mill Walk,E01019484,Bolsover 004B,Anti-social behaviour,,
f3fda89db2874b4fd8be57e47afc15f8777720e874cc192d157e98e54a86bf20,2021-06,Derbyshire Constabulary,Derbyshire Constabulary,-1.292114,53.237285,On or near Mill Walk,E01019484,Bolsover 004B,Burglary,Unable to prosecute suspect,
22c628152d460381ddc14b1cb5c5b137da11f6b958eb518a04c195c6c190ec59,2021-06,Derbyshire Constabulary,Derbyshire Constabulary,-1.285863,53.264484,On or near Manor Close,E01019484,Bolsover 004B,Criminal damage and arson,Investigation complete; no suspect identified,
05531cc5b114a2effc228ab5efb982bc7fafdf291ea6212845dc8551c61208aa,2021-06,Derbyshire Constabulary,Derbyshire Constabulary,-1.299772,53.250085,On or near Pattison Street,E01019484,Bolsover 004B,Criminal damage and arson,Unable to prosecute suspect,
dd9b46e4c145dfd577e24ee34b1cc789799b77fbd2f8e0e847926decdcff06d9,2021-06,Derbyshire Constabulary,Derbyshire Constabulary,-1.284624,53.264162,On or near Appletree Road,E01019484,Bolsover 004B,Criminal damage and arson,Investigation complete; no suspect identified,
184956fbef2ea8ac5297cff2c9e873d57a80e7f5a1f264f8e73cfe02d23e0097,2021-06,Derbyshire Constabulary,Derbyshire Constabulary,-1.299772,53.250085,On or near Pattison Street,E01019484,Bolsover 004B,Criminal damage and arson,Unable to prosecute suspect,
860437604d4fe2aaf18f5ec605a3d66347b7192d2fd691bb278ebf828acfa991,2021-06,Derbyshire Constabulary,Derbyshire Constabulary,-1.299772,53.250085,On or near Pattison Street,E01019484,Bolsover 004B,Other theft,Investigation complete; no suspect identified,
76df5092054ab8afa24b621a7d9873613ed62f06c5a7913eea8d592e148129ba,2021-06,Derbyshire Constabulary,Derbyshire Constabulary,-1.293175,53.259305,On or near Clowne Road,E01019484,Bolsover 004B,Public order,Unable to prosecute suspect,
0c6fbbfad51c59559cb71656a6f64ed17624d2e69b2df5d60beeead5cfb2420e,2021-06,Derbyshire Constabulary,Derbyshire Constabulary,-1.299772,53.250085,On or near Pattison Street,E01019484,Bolsover 004B,Vehicle crime,Investigation complete; no suspect identified,
81baec976509c6b5520db9907b0241d53aa7f5dc380111ceb5a26c4be34b68cf,2021-06,Derbyshire Constabulary,Derbyshire Constabulary,-1.285255,53.261433,On or near East Avenue,E01019484,Bolsover 004B,Violence and sexual offences,Unable to prosecute suspect,
e8f7c3fb68ff8a88de8815edbcd36cc243bd26c7165c05812594494da9607510,2021-06,Derbyshire Constabulary,Derbyshire Constabulary,-1.297998,53.250398,On or near Norton Avenue,E01019484,Bolsover 004B,Violence and sexual offences,Unable to prosecute suspect,
812498feedad55fe556593a8db5e36f410c9f259416e1f753fb5e3db76aa3fa7,2021-06,Derbyshire Constabulary,Derbyshire Constabulary,-1.302454,53.256537,On or near Sports/Recreation Area,E01019484,Bolsover 004B,Violence and sexual offences,Unable to prosecute suspect,
b7c3acb27433695be657e5acf40a8fc92e7fd05ae6cdf64dbf4a7c47fbc09f68,2021-06,Derbyshire Constabulary,Derbyshire Constabulary,-1.303680,53.255798,On or near Woodthorpe Road,E01019484,Bolsover 004B,Violence and sexual offences,Unable to prosecute suspect,
7172bbfdc3884fb819a20d0a2aa4c5ce02c9635284843140c26edc9d10cb74f0,2021-06,Derbyshire Constabulary,Derbyshire Constabulary,-1.301283,53.252063,On or near Woodthorpe Close,E01019484,Bolsover 004B,Violence and sexual offences,Unable to prosecute suspect,
780a509862d4eda62a313f04a6af2d8d8495447b27c742e96e589dcfbbc6dfeb,2021-06,Derbyshire Constabulary,Derbyshire Constabulary,-1.300636,53.251286,On or near Travellers Close,E01019484,Bolsover 004B,Other crime,Unable to prosecute suspect,
104d397f57cbc67cb3b99c4a10eb2bcb6577b4df518c5a2e7657f04ee81846e0,2021-06,Derbyshire Constabulary,Derbyshire Constabulary,-1.299772,53.250085,On or near Pattison Street,E01019484,Bolsover 004B,Other crime,Unable to prosecute suspect,
,2021-06,Derbyshire Constabulary,Derbyshire Constabulary,-1.290362,53.229993,On or near Parking Area,E01019485,Bolsover 004C,Anti-social behaviour,,
,2021-06,Derbyshire Constabulary,Derbyshire Constabulary,-1.290362,53.229993,On or near Parking Area,E01019485,Bolsover 004C,Anti-social behaviour,,
,2021-06,Derbyshire Constabulary,Derbyshire Constabulary,-1.291775,53.235170,On or near Quarry Road,E01019485,Bolsover 004C,Anti-social behaviour,,
,2021-06,Derbyshire Constabulary,Derbyshire Constabulary,-1.291775,53.235170,On or near Quarry Road,E01019485,Bolsover 004C,Anti-social behaviour,,
,2021-06,Derbyshire Constabulary,Derbyshire Constabulary,-1.290323,53.235998,On or near Sports/Recreation Area,E01019485,Bolsover 004C,Anti-social behaviour,,
,2021-06,Derbyshire Constabulary,Derbyshire Constabulary,-1.290362,53.229993,On or near Parking Area,E01019485,Bolsover 004C,Anti-social behaviour,,
,2021-06,Derbyshire Constabulary,Derbyshire Constabulary,-1.293789,53.234787,On or near Windmill Close,E01019485,Bolsover 004C,Anti-social behaviour,,
,2021-06,Derbyshire Constabulary,Derbyshire Constabulary,-1.290362,53.229993,On or near Parking Area,E01019485,Bolsover 004C,Anti-social behaviour,,
,2021-06,Derbyshire Constabulary,Derbyshire Constabulary,-1.290362,53.229993,On or near Parking Area,E01019485,Bolsover 004C,Anti-social behaviour,,
,2021-06,Derbyshire Constabulary,Derbyshire Constabulary,-1.290323,53.235998,On or near Sports/Recreation Area,E01019485,Bolsover 004C,Anti-social behaviour,,
f3fda89db2874b4fd8be57e47afc15f8777720e874cc192d157e98e54a86bf20,2021-06,Derbyshire Constabulary,Derbyshire Constabulary,-1.290323,53.235998,On or near Sports/Recreation Area,E01019485,Bolsover 004C,Burglary,Status update unavailable,
2af54465fa3db4c7b3e40e7cf4681bb18654eb5e0fdda2eb27e2ac34865f539a,2021-06,Derbyshire Constabulary,Derbyshire Constabulary,-1.293533,53.233913,On or near Bolsover Police Station,E01019485,Bolsover 004C,Criminal damage and arson,Unable to prosecute suspect,
3c28bbf5180914cdf37da4a9435b1870cd955dae7d7f600632fcc62470de1fd5,2021-06,Derbyshire Constabulary,Derbyshire Constabulary,-1.290323,53.235998,On or near Sports/Recreation Area,E01019485,Bolsover 004C,Criminal damage and arson,Investigation complete; no suspect identified,
6d79cf6a3669eac9b04631ca2481e3e2933f7832416343909d5e871a146d5f67,2021-06,Derbyshire Constabulary,Derbyshire Constabulary,-1.293533,53.233913,On or near Bolsover Police Station,E01019485,Bolsover 004C,Criminal damage and arson,Investigation complete; no suspect identified,
a1e119386e33a829de674f0b011d17a59be6b589316d1638464856c11ecdce52,2021-06,Derbyshire Constabulary,Derbyshire Constabulary,-1.290323,53.235998,On or near Sports/Recreation Area,E01019485,Bolsover 004C,Criminal damage and arson,Investigation complete; no suspect identified,
a4dd705182dede50b0f6af6457bcec8bb913adb7cadb9f3b3d6cbeef5f1452fe,2021-06,Derbyshire Constabulary,Derbyshire Constabulary,-1.290362,53.229993,On or near Parking Area,E01019485,Bolsover 004C,Criminal damage and arson,Investigation complete; no suspect identified,
065ee33d41b75d4c536dba203f5711663adaa272f6abc3c816f5237737304291,2021-06,Derbyshire Constabulary,Derbyshire Constabulary,-1.293099,53.232077,On or near Hides Green,E01019485,Bolsover 004C,Criminal damage and arson,Investigation complete; no suspect identified,
933ed23adbfaf510e609868debdd5718c6c37861b069fa60b07dac58762b1cfd,2021-06,Derbyshire Constabulary,Derbyshire Constabulary,-1.290362,53.229993,On or near Parking Area,E01019485,Bolsover 004C,Criminal damage and arson,Investigation complete; no suspect identified,
5140493a941ca1c5bb1a5f8f112738e247798d8f375cd73847b6ec5af6d07c9a,2021-06,Derbyshire Constabulary,Derbyshire Constabulary,-1.290362,53.229993,On or near Parking Area,E01019485,Bolsover 004C,Other theft,Local resolution,
ef6c7508e55f93374c9149f9228da948c0c658f18a53e186731590b798f6fd26,2021-06,Derbyshire Constabulary,Derbyshire Constabulary,-1.290945,53.232801,On or near Dykes Close,E01019485,Bolsover 004C,Public order,Local resolution,
b330195a8d8b314345c4a45a89ea5bf2df67fdd0db59bd51f67ae5d7fd797ef5,2021-06,Derbyshire Constabulary,Derbyshire Constabulary,-1.290362,53.229993,On or near Parking Area,E01019485,Bolsover 004C,Shoplifting,Investigation complete; no suspect identified,
8d399daac410be00084a7d8185bff82cf8cf9792e25699ef01929f4ce7c7e390,2021-06,Derbyshire Constabulary,Derbyshire Constabulary,-1.290362,53.229993,On or near Parking Area,E01019485,Bolsover 004C,Shoplifting,Unable to prosecute suspect,
725962568258131e7d8e5356174c75778d8053d92e64c47b360ad2680389ca56,2021-06,Derbyshire Constabulary,Derbyshire Constabulary,-1.290362,53.229993,On or near Parking Area,E01019485,Bolsover 004C,Shoplifting,Investigation complete; no suspect identified,
5014b602c97ec2d74a1721f1468bf5f32dfacb601581458d61f228d0255db0f1,2021-06,Derbyshire Constabulary,Derbyshire Constabulary,-1.290362,53.229993,On or near Parking Area,E01019485,Bolsover 004C,Shoplifting,Local resolution,
a1eacf87a37344a0f3c9593b40ce226fedca1e519941f813b07b659f59d997ff,2021-06,Derbyshire Constabulary,Derbyshire Constabulary,-1.291212,53.233837,On or near Stratton Road,E01019485,Bolsover 004C,Vehicle crime,Investigation complete; no suspect identified,
4fe03a1bb00c0920169994b531ae86bfaca01b1ca4b88ccbb692cc6cf38522b0,2021-06,Derbyshire Constabulary,Derbyshire Constabulary,-1.290323,53.235998,On or near Sports/Recreation Area,E01019485,Bolsover 004C,Vehicle crime,Investigation complete; no suspect identified,
e855310924d814f244b70df78e8d6205005cbde4d928da9101618c3cb0990423,2021-06,Derbyshire Constabulary,Derbyshire Constabulary,-1.290362,53.229993,On or near Parking Area,E01019485,Bolsover 004C,Violence and sexual offences,Unable to prosecute suspect,
aee70ad2cb7337fc9702347459aaa8f38c0347a83eeff6e36fe11bc540006234,2021-06,Derbyshire Constabulary,Derbyshire Constabulary,-1.293099,53.232077,On or near Hides Green,E01019485,Bolsover 004C,Violence and sexual offences,Unable to prosecute suspect,
9ecd2725a12a4964dad2a00b7eb064b75ede9c1670a4c2897da0bbefacb71b58,2021-06,Derbyshire Constabulary,Derbyshire Constabulary,-1.290362,53.229993,On or near Parking Area,E01019485,Bolsover 004C,Violence and sexual offences,Status update unavailable,
019ec959875d63894d4f9f068a087e093f60d4c134e615d7e88795efa0cec59d,2021-06,Derbyshire Constabulary,Derbyshire Constabulary,-1.293789,53.234787,On or near Windmill Close,E01019485,Bolsover 004C,Violence and sexual offences,Unable to prosecute suspect,
1cea0f359377777efb922d9c8f4ca4a523cdcd5086e56f710a91cc1cba3b6f8c,2021-06,Derbyshire Constabulary,Derbyshire Constabulary,-1.291212,53.233837,On or near Stratton Road,E01019485,Bolsover 004C,Violence and sexual offences,Status update unavailable,
2b75d68e89714dddfad329483a18f873051f573967b8a904b5cd4b1cec0b651f,2021-06,Derbyshire Constabulary,Derbyshire Constabulary,-1.293789,53.234787,On or near Windmill Close,E01019485,Bolsover 004C,Violence and sexual offences,Unable to prosecute suspect,
c40413bb8e72c494528877406fabe250db8a83ab1be732eef967cf5f663787a5,2021-06,Derbyshire Constabulary,Derbyshire Constabulary,-1.290323,53.235998,On or near Sports/Recreation Area,E01019485,Bolsover 004C,Violence and sexual offences,Unable to prosecute suspect,
6b672829d8b23127c04f6e45e0f87e7339b60342fa81405792476c5ba0c39026,2021-06,Derbyshire Constabulary,Derbyshire Constabulary,-1.294624,53.234100,On or near New Street,E01019485,Bolsover 004C,Violence and sexual offences,Investigation complete; no suspect identified,
,2021-06,Derbyshire Constabulary,Derbyshire Constabulary,-1.302929,53.224530,On or near Main Street,E01019488,Bolsover 004D,Anti-social behaviour,,
,2021-06,Derbyshire Constabulary,Derbyshire Constabulary,-1.308532,53.223547,On or near Pearson Gardens,E01019488,Bolsover 004D,Anti-social behaviour,,
,2021-06,Derbyshire Constabulary,Derbyshire Constabulary,-1.301669,53.224667,On or near Spencer Street,E01019488,Bolsover 004D,Anti-social behaviour,,
,2021-06,Derbyshire Constabulary,Derbyshire Constabulary,-1.305057,53.230044,On or near Villas Road,E01019488,Bolsover 004D,Anti-social behaviour,,
,2021-06,Derbyshire Constabulary,Derbyshire Constabulary,-1.301669,53.224667,On or near Spencer Street,E01019488,Bolsover 004D,Anti-social behaviour,,
,2021-06,Derbyshire Constabulary,Derbyshire Constabulary,-1.301516,53.228540,On or near Sports/Recreation Area,E01019488,Bolsover 004D,Anti-social behaviour,,
1eb6c5010746b95c7941aaf65ddca58a289037eb38bb94be91ff4d78db758967,2021-06,Derbyshire Constabulary,Derbyshire Constabulary,-1.305165,53.225199,On or near North View Street,E01019488,Bolsover 004D,Criminal damage and arson,Unable to prosecute suspect,
1497e2ecabee551aca44ee92ff805db391ddc182e5116bdaf582e272f5800943,2021-06,Derbyshire Constabulary,Derbyshire Constabulary,-1.305165,53.225199,On or near North View Street,E01019488,Bolsover 004D,Criminal damage and arson,Status update unavailable,
81d4745b08baacbf9314aa28b91df4240ccfddf2ee44d81297bf44d42f0c8281,2021-06,Derbyshire Constabulary,Derbyshire Constabulary,-1.302434,53.226469,On or near Chapel Road,E01019488,Bolsover 004D,Criminal damage and arson,Unable to prosecute suspect,
65db3be612f90985c8c8d2676afc315d6516a00c8cece1b043b662f4d3a4f43a,2021-06,Derbyshire Constabulary,Derbyshire Constabulary,-1.305122,53.224192,On or near Charlesworth Street,E01019488,Bolsover 004D,Drugs,Investigation complete; no suspect identified,
673e5f7c6a34e5ba6a3ac9d48610a6e8969f2e5f2d329dd3be598f27801be970,2021-06,Derbyshire Constabulary,Derbyshire Constabulary,-1.304692,53.223902,On or near Bathurst Road,E01019488,Bolsover 004D,Other theft,Investigation complete; no suspect identified,
080306a3579047787458b8bed7e8764f6b5a6326daf2a5b1b1d2c6fb44f0c428,2021-06,Derbyshire Constabulary,Derbyshire Constabulary,-1.305057,53.230044,On or near Villas Road,E01019488,Bolsover 004D,Other theft,Investigation complete; no suspect identified,
9355688a6f7082e032b6aeaa5e03064ce5e5dd1fc11b0d13cd07be975f2551dc,2021-06,Derbyshire Constabulary,Derbyshire Constabulary,-1.305122,53.224192,On or near Charlesworth Street,E01019488,Bolsover 004D,Other theft,Unable to prosecute suspect,
a2dc4933245d36e7b8f06c5255703962c1d2f0f3c8e9e244722f555742f3bb17,2021-06,Derbyshire Constabulary,Derbyshire Constabulary,-1.305122,53.224192,On or near Charlesworth Street,E01019488,Bolsover 004D,Possession of weapons,Unable to prosecute suspect,
59141cf2594f1e403e6444735ed6ae0acc38bd335ec89bd3161798b5d482d5c1,2021-06,Derbyshire Constabulary,Derbyshire Constabulary,-1.302929,53.224530,On or near Main Street,E01019488,Bolsover 004D,Public order,Status update unavailable,
877c13d53090402334904b7bc746c45c9147719481924983d843be66a2ab3eb6,2021-06,Derbyshire Constabulary,Derbyshire Constabulary,-1.305122,53.224192,On or near Charlesworth Street,E01019488,Bolsover 004D,Public order,Unable to prosecute suspect,
4efc27c9be1f81fdb1424e0bf3b90dc5a7a8ac698d22aac022bfabe9f0a89333,2021-06,Derbyshire Constabulary,Derbyshire Constabulary,-1.305165,53.225199,On or near North View Street,E01019488,Bolsover 004D,Public order,Status update unavailable,
418f36d84e08154aeaf612a161e658946f5518683c3a9ae804e32e217b7e68a4,2021-06,Derbyshire Constabulary,Derbyshire Constabulary,-1.302929,53.224530,On or near Main Street,E01019488,Bolsover 004D,Vehicle crime,Investigation complete; no suspect identified,
23471d004c87f33066398bf9823f230c45123cf6b9f8429537aacb84a48e0153,2021-06,Derbyshire Constabulary,Derbyshire Constabulary,-1.302434,53.226469,On or near Chapel Road,E01019488,Bolsover 004D,Violence and sexual offences,Unable to prosecute suspect,
f356bec466d7f83dd0fab834a8f6c80bba5aa98e575698a29087763f27cdc37d,2021-06,Derbyshire Constabulary,Derbyshire Constabulary,-1.305165,53.225199,On or near North View Street,E01019488,Bolsover 004D,Violence and sexual offences,Unable to prosecute suspect,
1e2c82f0835cf5a373c20e79fe255f381a1a0dc2fc12b8e24c1cc00a8df3b8f6,2021-06,Derbyshire Constabulary,Derbyshire Constabulary,-1.302434,53.226469,On or near Chapel Road,E01019488,Bolsover 004D,Violence and sexual offences,Investigation complete; no suspect identified,
5cd67de9a7833b9a8415420d66aac1999705bce214a615c6c145060a8a6d5e3f,2021-06,Derbyshire Constabulary,Derbyshire Constabulary,-1.302434,53.226469,On or near Chapel Road,E01019488,Bolsover 004D,Violence and sexual offences,Investigation complete; no suspect identified,
e9ac871cfc866a2b552d63d2d580eb5f962a23f52b947fe636d35fbcbb5d2380,2021-06,Derbyshire Constabulary,Derbyshire Constabulary,-1.305165,53.225199,On or near North View Street,E01019488,Bolsover 004D,Violence and sexual offences,Status update unavailable,
ed86b81ae3109c6fff9a4387918785b367dd9c204c7635a4ff9e0c454ab525aa,2021-06,Derbyshire Constabulary,Derbyshire Constabulary,-1.301516,53.228540,On or near Sports/Recreation Area,E01019488,Bolsover 004D,Violence and sexual offences,Unable to prosecute suspect,
1af5dba8cda1168ff80d5151ce20f83888990919fa8c25a764854b5ae60ef3e5,2021-06,Derbyshire Constabulary,Derbyshire Constabulary,-1.301516,53.228540,On or near Sports/Recreation Area,E01019488,Bolsover 004D,Violence and sexual offences,Unable to prosecute suspect,
e9ac871cfc866a2b552d63d2d580eb5f962a23f52b947fe636d35fbcbb5d2380,2021-06,Derbyshire Constabulary,Derbyshire Constabulary,-1.307557,53.229240,On or near Sports/Recreation Area,E01019488,Bolsover 004D,Violence and sexual offences,Unable to prosecute suspect,
f203dbd6c67b92236e30a829c2c5e5816d266debedea039bb60129893e7a593f,2021-06,Derbyshire Constabulary,Derbyshire Constabulary,-1.302434,53.226469,On or near Chapel Road,E01019488,Bolsover 004D,Violence and sexual offences,Status update unavailable,
b2eaf01aa5aeef0905c51c8729222d453f6d24e707710ab6c926c83e4e43687c,2021-06,Derbyshire Constabulary,Derbyshire Constabulary,-1.302434,53.226469,On or near Chapel Road,E01019488,Bolsover 004D,Violence and sexual offences,Unable to prosecute suspect,
bbbdd3490f2a8ba3d62d69255904ae986b2482452950a9a3ba82d482969331f7,2021-06,Derbyshire Constabulary,Derbyshire Constabulary,-1.278593,53.230570,On or near Meadowlands,E01019486,Bolsover 005A,Criminal damage and arson,Investigation complete; no suspect identified,
0548e458f92483d89d62ec1398690ca6395a18da6591b1ef309daf9b2ad21cad,2021-06,Derbyshire Constabulary,Derbyshire Constabulary,-1.278593,53.230570,On or near Meadowlands,E01019486,Bolsover 005A,Criminal damage and arson,Investigation complete; no suspect identified,
,2021-06,Derbyshire Constabulary,Derbyshire Constabulary,-1.276730,53.222873,On or near Langwith Road,E01019487,Bolsover 005B,Anti-social behaviour,,
,2021-06,Derbyshire Constabulary,Derbyshire Constabulary,-1.287597,53.228691,On or near The Paddock,E01019487,Bolsover 005B,Anti-social behaviour,,
,2021-06,Derbyshire Constabulary,Derbyshire Constabulary,-1.281151,53.225381,On or near Schoolfield Close,E01019487,Bolsover 005B,Anti-social behaviour,,
e167d3bb36cd5448a5574e7d21236b04034c81f6abf4edb72dcbc8ffb3804f86,2021-06,Derbyshire Constabulary,Derbyshire Constabulary,-1.277688,53.224677,On or near Sports/Recreation Area,E01019487,Bolsover 005B,Criminal damage and arson,Unable to prosecute suspect,
289c6038f5553a3c4a029ad992e77a689ec4473adba48d184392bb5cae94f4ac,2021-06,Derbyshire Constabulary,Derbyshire Constabulary,-1.276730,53.222873,On or near Langwith Road,E01019487,Bolsover 005B,Other theft,Investigation complete; no suspect identified,
76fea2b64f2fea00af37c97b6de4d257afd02db2c636b9a2c07391b8facf9b8f,2021-06,Derbyshire Constabulary,Derbyshire Constabulary,-1.276730,53.222873,On or near Langwith Road,E01019487,Bolsover 005B,Public order,Unable to prosecute suspect,
7669a6007ee1b06c1590bb5893ec8ee0efe9b7db317cfaea9cd6ca0bed18296b,2021-06,Derbyshire Constabulary,Derbyshire Constabulary,-1.277688,53.224677,On or near Sports/Recreation Area,E01019487,Bolsover 005B,Public order,Unable to prosecute suspect,
e9ef31cc864d87e4bf221e1832157aa8e4bdbf613585ba504368bd8efbdb698f,2021-06,Derbyshire Constabulary,Derbyshire Constabulary,-1.281151,53.225381,On or near Schoolfield Close,E01019487,Bolsover 005B,Public order,Unable to prosecute suspect,
b087f5aa9df443794a7a0231d674a614d49b04c7f85a346a8eeeeacd2341234c,2021-06,Derbyshire Constabulary,Derbyshire Constabulary,-1.281151,53.225381,On or near Schoolfield Close,E01019487,Bolsover 005B,Public order,Unable to prosecute suspect,
ae5ff9f0b7aa23180bc1d9de3000a65775217db092e97c613afc8efe8dad3193,2021-06,Derbyshire Constabulary,Derbyshire Constabulary,-1.276730,53.222873,On or near Langwith Road,E01019487,Bolsover 005B,Vehicle crime,Unable to prosecute suspect,
ca53d1d9c5c0411419675c5d1e2a336a29d057f379c5e0152ddb371a5671f704,2021-06,Derbyshire Constabulary,Derbyshire Constabulary,-1.283947,53.225694,On or near Moorfield Avenue,E01019487,Bolsover 005B,Vehicle crime,Status update unavailable,
0bcad94421bf2d80edd83564fc53492fec52ba2c0e034eac01c1df7d64d8aee0,2021-06,Derbyshire Constabulary,Derbyshire Constabulary,-1.287597,53.228691,On or near The Paddock,E01019487,Bolsover 005B,Violence and sexual offences,Unable to prosecute suspect,
c0c48908ac495b25f3b8e5ee547035833e07c0702be82fc4b477f357ce56594f,2021-06,Derbyshire Constabulary,Derbyshire Constabulary,-1.284571,53.224197,On or near Tower Crescent,E01019487,Bolsover 005B,Violence and sexual offences,Unable to prosecute suspect,
b095f28a8370acee3a848607a710d66bc8ce2bf905c7ba1f9e1a239fd2702004,2021-06,Derbyshire Constabulary,Derbyshire Constabulary,-1.277688,53.224677,On or near Sports/Recreation Area,E01019487,Bolsover 005B,Violence and sexual offences,Unable to prosecute suspect,
b57504489d0e2d2e3ec802b08821b6a843cb75dbd6ef723a6240cf22439983a6,2021-06,Derbyshire Constabulary,Derbyshire Constabulary,-1.272972,53.227183,On or near Mooracre Lane,E01019487,Bolsover 005B,Violence and sexual offences,Status update unavailable,
1cd1baa442dc73c880d32f6ca06cc1efa69db9ce73c16ee5d7e2411a6c1c1bd8,2021-06,Derbyshire Constabulary,Derbyshire Constabulary,-1.284571,53.224197,On or near Tower Crescent,E01019487,Bolsover 005B,Violence and sexual offences,Unable to prosecute suspect,
,2021-06,Derbyshire Constabulary,Derbyshire Constabulary,-1.301807,53.226294,On or near Carr Vale Road,E01019489,Bolsover 005C,Anti-social behaviour,,
,2021-06,Derbyshire Constabulary,Derbyshire Constabulary,-1.301807,53.226294,On or near Carr Vale Road,E01019489,Bolsover 005C,Anti-social behaviour,,
,2021-06,Derbyshire Constabulary,Derbyshire Constabulary,-1.292669,53.228173,On or near High Street,E01019489,Bolsover 005C,Anti-social behaviour,,
,2021-06,Derbyshire Constabulary,Derbyshire Constabulary,-1.301807,53.226294,On or near Carr Vale Road,E01019489,Bolsover 005C,Anti-social behaviour,,
02c1b77c5098faabfcfdf3e49560b483371d33dc1939b5fb0f025db383a90708,2021-06,Derbyshire Constabulary,Derbyshire Constabulary,-1.295289,53.223730,On or near Valley Road,E01019489,Bolsover 005C,Burglary,Investigation complete; no suspect identified,
6f155e0232697d0dfc339119eb4fb71b2749f471662854c726f8337daee033f2,2021-06,Derbyshire Constabulary,Derbyshire Constabulary,-1.297059,53.224433,On or near Greenaway Drive,E01019489,Bolsover 005C,Criminal damage and arson,Investigation complete; no suspect identified,
c6a24ac7afb8f66e582c236772f87566b004c119003210d034df76272cbb380a,2021-06,Derbyshire Constabulary,Derbyshire Constabulary,-1.297059,53.224433,On or near Greenaway Drive,E01019489,Bolsover 005C,Criminal damage and arson,Investigation complete; no suspect identified,
906499bd684f0af71d700a0fe2d2af8df23351c10602a9c060e443482b0fd351,2021-06,Derbyshire Constabulary,Derbyshire Constabulary,-1.297059,53.224433,On or near Greenaway Drive,E01019489,Bolsover 005C,Criminal damage and arson,Investigation complete; no suspect identified,
f6b52e3aaa3bad6e2e117f063e169a2672b0406814f4952990b8dccfdfb7ac3c,2021-06,Derbyshire Constabulary,Derbyshire Constabulary,-1.297059,53.224433,On or near Greenaway Drive,E01019489,Bolsover 005C,Criminal damage and arson,Investigation complete; no suspect identified,
e19afd3491cef1513fe512bee8597823d71044ca5bbefed203bb317eabc465e1,2021-06,Derbyshire Constabulary,Derbyshire Constabulary,-1.294839,53.226451,On or near Lords Close,E01019489,Bolsover 005C,Criminal damage and arson,Unable to prosecute suspect,
bedf034fb934149f3aa720af2758f284dc8cadb3b78dd679470785fc8c585565,2021-06,Derbyshire Constabulary,Derbyshire Constabulary,-1.290921,53.227003,On or near Petrol Station,E01019489,Bolsover 005C,Possession of weapons,Status update unavailable,
56258d8369d8301603d13e3dd9c5c83f23a1197d4f6ea39af9f99337b7381ebf,2021-06,Derbyshire Constabulary,Derbyshire Constabulary,-1.293943,53.225394,On or near Searson Avenue,E01019489,Bolsover 005C,Vehicle crime,Investigation complete; no suspect identified,
59dce2ff144f141b848fae40a8633e1edec56f43d1849783372638b1d0574132,2021-06,Derbyshire Constabulary,Derbyshire Constabulary,-1.296187,53.225587,On or near Vale Close,E01019489,Bolsover 005C,Violence and sexual offences,Unable to prosecute suspect,
7dce1083452dcbfc79ee816c5ebe3dd715b5923cdc047f5b94f7c79dd52cc2d5,2021-06,Derbyshire Constabulary,Derbyshire Constabulary,-1.285882,53.225526,On or near Portland Avenue,E01019490,Bolsover 005D,Criminal damage and arson,Investigation complete; no suspect identified,
1d1bd5ca0de01f4a053c0d5a45beb152889f71db086426940c1f62c2d5573690,2021-06,Derbyshire Constabulary,Derbyshire Constabulary,-1.287422,53.227495,On or near Smithson Avenue,E01019490,Bolsover 005D,Violence and sexual offences,Unable to prosecute suspect,
86fa0b682d81f5576e80a7a249855ce23e05e8f1b5e1c686c1c664bd3f0fae36,2021-06,Derbyshire Constabulary,Derbyshire Constabulary,-1.287422,53.227495,On or near Smithson Avenue,E01019490,Bolsover 005D,Violence and sexual offences,Unable to prosecute suspect,
,2021-06,Derbyshire Constabulary,Derbyshire Constabulary,-1.285437,53.189279,On or near Applecroft Close,E01019502,Bolsover 005E,Anti-social behaviour,,
51472fce7cec82e73554c22bb00661b3e10cb850b6f0ab112c96a5bd87de5fed,2021-06,Derbyshire Constabulary,Derbyshire Constabulary,-1.287633,53.188609,On or near Beech Crescent,E01019502,Bolsover 005E,Burglary,Unable to prosecute suspect,
53c24866b02a8d5005f6f8d023b82f64c7dc318f88313cccbe044be334a9a09b,2021-06,Derbyshire Constabulary,Derbyshire Constabulary,-1.285871,53.186540,On or near The Green,E01019502,Bolsover 005E,Criminal damage and arson,Investigation complete; no suspect identified,
099a5a95ae2cd7b7438334eb50dc9d1298c69d81d7e8fa91e23b08cf21319e57,2021-06,Derbyshire Constabulary,Derbyshire Constabulary,-1.287882,53.187101,On or near Lime Tree Avenue,E01019502,Bolsover 005E,Criminal damage and arson,Unable to prosecute suspect,
c6db5afeac1a73177cf1b391c286b818d0cffc328191d91d4e45327d25d7497e,2021-06,Derbyshire Constabulary,Derbyshire Constabulary,-1.284026,53.188597,On or near Hardwick Avenue,E01019502,Bolsover 005E,Criminal damage and arson,Investigation complete; no suspect identified,
624396299c1415fd043ff7a0c839c995d91d665fa693959c4146c0391daef973,2021-06,Derbyshire Constabulary,Derbyshire Constabulary,-1.286637,53.185502,On or near Church View,E01019502,Bolsover 005E,Criminal damage and arson,Unable to prosecute suspect,
dfb4f939361196506038247852ca63d8f413717f4bbdb6ad183cb5ca5adbe95f,2021-06,Derbyshire Constabulary,Derbyshire Constabulary,-1.283567,53.190104,On or near Cedar Close,E01019502,Bolsover 005E,Drugs,Status update unavailable,
416f54b2187bdd2ba0ae5716377cbe119dba054414a83789478bfda5951fa556,2021-06,Derbyshire Constabulary,Derbyshire Constabulary,-1.281798,53.190273,On or near Park Avenue,E01019502,Bolsover 005E,Violence and sexual offences,Unable to prosecute suspect,
af9e9c0a49e8261b1e6e800f312d16c4aab893b8a7a490f31b6584179a7533b1,2021-06,Derbyshire Constabulary,Derbyshire Constabulary,-1.282809,53.189812,On or near Blacksmiths Close,E01019502,Bolsover 005E,Violence and sexual offences,Status update unavailable,
954f2fcbfbb213d20f473273be4eb3be376ae2ce2071159fcd24ba10f0b538e4,2021-06,Derbyshire Constabulary,Derbyshire Constabulary,-1.283567,53.190104,On or near Cedar Close,E01019502,Bolsover 005E,Other crime,Status update unavailable,
,2021-06,Derbyshire Constabulary,Derbyshire Constabulary,-1.292072,53.208942,On or near Rylah Hill,E01019504,Bolsover 005F,Anti-social behaviour,,
4dbe131206ffb09780d288b83efe211ec83fe1dd8c7a4cbe2f9b317cf7e6f3df,2021-06,Derbyshire Constabulary,Derbyshire Constabulary,-1.277499,53.222536,On or near Wells Street,E01019504,Bolsover 005F,Burglary,Status update unavailable,
b1fca12be8f650e3348896248fffb5e8a5f4ac59935bc5df891dfeb718d2fd6c,2021-06,Derbyshire Constabulary,Derbyshire Constabulary,-1.289753,53.208865,On or near Elm Tree Close,E01019504,Bolsover 005F,Criminal damage and arson,Unable to prosecute suspect,
c9b802644a4e678d3ad44c79a70f4bf7898de81a7d96642bc06cef9fd5c24c64,2021-06,Derbyshire Constabulary,Derbyshire Constabulary,-1.282004,53.222770,On or near Cross Street,E01019504,Bolsover 005F,Criminal damage and arson,Investigation complete; no suspect identified,
99495304933872ae608144b6200684ab143a6e2e4f7566e674b1297bf2998a45,2021-06,Derbyshire Constabulary,Derbyshire Constabulary,-1.279896,53.222559,On or near Middle Street,E01019504,Bolsover 005F,Criminal damage and arson,Investigation complete; no suspect identified,
a2fe9562823d448f6a0a10fbd9e6700b1f3ada97471bad5dc18c9aec66b8b2fc,2021-06,Derbyshire Constabulary,Derbyshire Constabulary,-1.285011,53.221206,On or near West View,E01019504,Bolsover 005F,Criminal damage and arson,Unable to prosecute suspect,
cb0eb19c93da8dddb7a4f78397f5b1c6f2c0b0e878034e8e55da1dc0439925f2,2021-06,Derbyshire Constabulary,Derbyshire Constabulary,-1.281709,53.222463,On or near Parking Area,E01019504,Bolsover 005F,Other theft,Investigation complete; no suspect identified,
fef592e2dfcff0f9f6b3938bbb78d17a3b184c5c4f0a573b5885ab70c97bb37a,2021-06,Derbyshire Constabulary,Derbyshire Constabulary,-1.278403,53.222236,On or near Selwyn Street,E01019504,Bolsover 005F,Other theft,Status update unavailable,
9bbaf4da894c413b06e263b7210d25e79ba3e02cad72d18944ff55bc53928e06,2021-06,Derbyshire Constabulary,Derbyshire Constabulary,-1.281709,53.222463,On or near Parking Area,E01019504,Bolsover 005F,Public order,Investigation complete; no suspect identified,
76fea2b64f2fea00af37c97b6de4d257afd02db2c636b9a2c07391b8facf9b8f,2021-06,Derbyshire Constabulary,Derbyshire Constabulary,-1.279896,53.222559,On or near Middle Street,E01019504,Bolsover 005F,Public order,Status update unavailable,
8c64b2d6d0280e0a5cc5df96e7adbd53cf99350049d29c45e92e30dbc2196532,2021-06,Derbyshire Constabulary,Derbyshire Constabulary,-1.281709,53.222463,On or near Parking Area,E01019504,Bolsover 005F,Violence and sexual offences,Offender given a caution,
cf1bb1e0c955e25e2f57acc3e353c14f3ec1990a0987b7f6c3bfa8c71592bd34,2021-06,Derbyshire Constabulary,Derbyshire Constabulary,-1.285011,53.221206,On or near West View,E01019504,Bolsover 005F,Violence and sexual offences,Unable to prosecute suspect,
426161f55cf706df08d828ddf5ece01b87fa4136779bd47179102b50d4100139,2021-06,Derbyshire Constabulary,Derbyshire Constabulary,-1.283095,53.222902,On or near Victoria Street,E01019504,Bolsover 005F,Violence and sexual offences,Status update unavailable,
16dc6817bab972feda54994b419b614d018de4e513deaf7a68c6ccaed81397ce,2021-06,Derbyshire Constabulary,Derbyshire Constabulary,-1.285011,53.221206,On or near West View,E01019504,Bolsover 005F,Violence and sexual offences,Unable to prosecute suspect,
,2021-06,Derbyshire Constabulary,Derbyshire Constabulary,-1.218378,53.210396,On or near Woodside Road,E01019508,Bolsover 006A,Anti-social behaviour,,
,2021-06,Derbyshire Constabulary,Derbyshire Constabulary,-1.210347,53.209867,On or near Eland Road,E01019508,Bolsover 006A,Anti-social behaviour,,
,2021-06,Derbyshire Constabulary,Derbyshire Constabulary,-1.213219,53.209212,On or near Ridgeway,E01019508,Bolsover 006A,Anti-social behaviour,,
,2021-06,Derbyshire Constabulary,Derbyshire Constabulary,-1.214621,53.213599,On or near Primrose Way,E01019508,Bolsover 006A,Anti-social behaviour,,
f574650111745e7656e78bbad7d30fdf40779c2b35063ccbab3435eb1a774346,2021-06,Derbyshire Constabulary,Derbyshire Constabulary,-1.212677,53.211842,On or near Langwith Road,E01019508,Bolsover 006A,Burglary,Investigation complete; no suspect identified,
03496420497ee22c1b54dbf8d8b140cb7e27d6cb6d1c843561195853337f14a8,2021-06,Derbyshire Constabulary,Derbyshire Constabulary,-1.211098,53.208937,On or near The Close,E01019508,Bolsover 006A,Criminal damage and arson,Unable to prosecute suspect,
a10b7649e3b2e784d96573ac23fd6bf43175f73c7b71a8ecdef457194910b0c8,2021-06,Derbyshire Constabulary,Derbyshire Constabulary,-1.212677,53.211842,On or near Langwith Road,E01019508,Bolsover 006A,Criminal damage and arson,Investigation complete; no suspect identified,
a76ca3e34905d672f8754298dfa4a95fa4c77f5364047ef31cd98b8458ad89f4,2021-06,Derbyshire Constabulary,Derbyshire Constabulary,-1.213219,53.209212,On or near Ridgeway,E01019508,Bolsover 006A,Public order,Local resolution,
5de234f622b0676bbc0fdceaafff524c49c019da55c3b711c6088f1ede4bf303,2021-06,Derbyshire Constabulary,Derbyshire Constabulary,-1.217264,53.207423,On or near Springfield Avenue,E01019508,Bolsover 006A,Theft from the person,Unable to prosecute suspect,
3fa00f586b99462078ce1c0f20442189ad26268751ee4f0dde12e3cca94636ea,2021-06,Derbyshire Constabulary,Derbyshire Constabulary,-1.213219,53.209212,On or near Ridgeway,E01019508,Bolsover 006A,Violence and sexual offences,Status update unavailable,
638d32161120a5f0574484421af7f2705606a45752572a337daa3b8957ea7f34,2021-06,Derbyshire Constabulary,Derbyshire Constabulary,-1.210347,53.209867,On or near Eland Road,E01019508,Bolsover 006A,Violence and sexual offences,Unable to prosecute suspect,
5f3cfc02139e2dbd74bd2637383cd0b3da091981e245ed194d2dffa52b80355d,2021-06,Derbyshire Constabulary,Derbyshire Constabulary,-1.213219,53.209212,On or near Ridgeway,E01019508,Bolsover 006A,Violence and sexual offences,Status update unavailable,
b61d81a46108b53b61d7193172a7db141e53b91f6d5bf541e0601629318c3fed,2021-06,Derbyshire Constabulary,Derbyshire Constabulary,-1.212677,53.211842,On or near Langwith Road,E01019508,Bolsover 006A,Violence and sexual offences,Unable to prosecute suspect,
a3725fd33868bb3a3fad44b3233fb20275da5c5f840be9fa7f98edcbb656ebdf,2021-06,Derbyshire Constabulary,Derbyshire Constabulary,-1.214178,53.212445,On or near Burlington Avenue,E01019508,Bolsover 006A,Violence and sexual offences,Status update unavailable,
c79a049727762246806dea3f46fc6adf66b5c0141617026d6e57621c886aa891,2021-06,Derbyshire Constabulary,Derbyshire Constabulary,-1.214178,53.212445,On or near Burlington Avenue,E01019508,Bolsover 006A,Violence and sexual offences,Status update unavailable,
e65aa374ed0ded8ead8a46ca0743277fcad621ef4a31be4dfa8097aff4ea2b80,2021-06,Derbyshire Constabulary,Derbyshire Constabulary,-1.213219,53.209212,On or near Ridgeway,E01019508,Bolsover 006A,Violence and sexual offences,Status update unavailable,
d958730eba049176db4d31fbeea76d80d490e06cfd52ec1ff2089ccc192a3db2,2021-06,Derbyshire Constabulary,Derbyshire Constabulary,-1.217264,53.207423,On or near Springfield Avenue,E01019508,Bolsover 006A,Violence and sexual offences,Unable to prosecute suspect,
9acf66352d06f623b5cfc0ea93a1bf15c121282353e5ee2bf7d9233987d554d8,2021-06,Derbyshire Constabulary,Derbyshire Constabulary,-1.212677,53.211842,On or near Langwith Road,E01019508,Bolsover 006A,Violence and sexual offences,Unable to prosecute suspect,
a57ddf914cab239733f908330330e6b245422a2a7f3975b351bfe6217fa44f21,2021-06,Derbyshire Constabulary,Derbyshire Constabulary,-1.213219,53.209212,On or near Ridgeway,E01019508,Bolsover 006A,Other crime,Status update unavailable,
,2021-06,Derbyshire Constabulary,Derbyshire Constabulary,-1.220031,53.215010,On or near Vaughan Place,E01019509,Bolsover 006B,Anti-social behaviour,,
,2021-06,Derbyshire Constabulary,Derbyshire Constabulary,-1.223038,53.211883,On or near Olive Avenue,E01019509,Bolsover 006B,Anti-social behaviour,,
,2021-06,Derbyshire Constabulary,Derbyshire Constabulary,-1.224620,53.208864,On or near Alder Close,E01019509,Bolsover 006B,Anti-social behaviour,,
,2021-06,Derbyshire Constabulary,Derbyshire Constabulary,-1.224034,53.213112,On or near Laurel Close,E01019509,Bolsover 006B,Anti-social behaviour,,
,2021-06,Derbyshire Constabulary,Derbyshire Constabulary,-1.221648,53.211748,On or near Cedar Close,E01019509,Bolsover 006B,Anti-social behaviour,,
2f32a97bd37338f00b8ecc7a9176d3874b69fc75ca89610bbefbac0c8b0fe366,2021-06,Derbyshire Constabulary,Derbyshire Constabulary,-1.224034,53.213112,On or near Laurel Close,E01019509,Bolsover 006B,Criminal damage and arson,Investigation complete; no suspect identified,
69d714475ad11d063b86afe51a3ae0246b9b2a5030c740188a24bf556e03498d,2021-06,Derbyshire Constabulary,Derbyshire Constabulary,-1.223038,53.211883,On or near Olive Avenue,E01019509,Bolsover 006B,Public order,Unable to prosecute suspect,
5bf246fd6bb41a9c96eae1a5b0ecd82576bb54c478e81e6521581dfe0a883a29,2021-06,Derbyshire Constabulary,Derbyshire Constabulary,-1.223038,53.211883,On or near Olive Avenue,E01019509,Bolsover 006B,Public order,Unable to prosecute suspect,
930a297198b014ad35bad9d58fced9a54c3dbbe15ef454c4101165d250b6f629,2021-06,Derbyshire Constabulary,Derbyshire Constabulary,-1.222650,53.214299,On or near Albine Road,E01019509,Bolsover 006B,Public order,Status update unavailable,
8b759753a3640ab1aa5da31c478f6a851eda709016fc66f091d5f7d32846f46c,2021-06,Derbyshire Constabulary,Derbyshire Constabulary,-1.224620,53.208864,On or near Alder Close,E01019509,Bolsover 006B,Public order,Unable to prosecute suspect,
879a1d060372b12baa4cc48b64d5ad312834a493acb14d96226ad9ef56cb4a02,2021-06,Derbyshire Constabulary,Derbyshire Constabulary,-1.223038,53.211883,On or near Olive Avenue,E01019509,Bolsover 006B,Violence and sexual offences,Action to be taken by another organisation,
9ee2c5570c4f38c228866be5aad9cbb03b058ab7a2de257b03baae9edd152129,2021-06,Derbyshire Constabulary,Derbyshire Constabulary,-1.222650,53.214299,On or near Albine Road,E01019509,Bolsover 006B,Violence and sexual offences,Status update unavailable,
3fa00f586b99462078ce1c0f20442189ad26268751ee4f0dde12e3cca94636ea,2021-06,Derbyshire Constabulary,Derbyshire Constabulary,-1.223038,53.211883,On or near Olive Avenue,E01019509,Bolsover 006B,Violence and sexual offences,Status update unavailable,
dcc1fe74ee3a6bd7ae29a616b55e8f391eafd62555e39de29a091ff35a993583,2021-06,Derbyshire Constabulary,Derbyshire Constabulary,-1.223536,53.215005,On or near Highfield Avenue,E01019509,Bolsover 006B,Violence and sexual offences,Unable to prosecute suspect,
d958730eba049176db4d31fbeea76d80d490e06cfd52ec1ff2089ccc192a3db2,2021-06,Derbyshire Constabulary,Derbyshire Constabulary,-1.224034,53.213112,On or near Laurel Close,E01019509,Bolsover 006B,Violence and sexual offences,Status update unavailable,
,2021-06,Derbyshire Constabulary,Derbyshire Constabulary,-1.222701,53.203215,On or near Hilltop Avenue,E01019510,Bolsover 006C,Anti-social behaviour,,
ffabfefac8d13341afb95bbfd2a2579fa6d90201faea298a2b91bc38b839cc45,2021-06,Derbyshire Constabulary,Derbyshire Constabulary,-1.220301,53.204260,On or near Park Avenue,E01019510,Bolsover 006C,Other theft,Unable to prosecute suspect,
7409bee43777b604a4acf24ce497a040588d67f71c2ce3416d58acaf0a9338c8,2021-06,Derbyshire Constabulary,Derbyshire Constabulary,-1.221892,53.209817,On or near Recreation Road,E01019510,Bolsover 006C,Robbery,Investigation complete; no suspect identified,
efd7b145b41b735271757247695f9b2b5048be0503fa4bbcbb41ebdc8716c88f,2021-06,Derbyshire Constabulary,Derbyshire Constabulary,-1.222701,53.203215,On or near Hilltop Avenue,E01019510,Bolsover 006C,Vehicle crime,Investigation complete; no suspect identified,
cd45fbf76c20a222130f2ea808180bf002b9f5232f4db6a13ff29b6b3a9c8cbf,2021-06,Derbyshire Constabulary,Derbyshire Constabulary,-1.218303,53.207115,On or near Park Road,E01019510,Bolsover 006C,Violence and sexual offences,Status update unavailable,
03204add5761cb54f206fb6d0edfb96b2e89605785713f587316b15d959bb650,2021-06,Derbyshire Constabulary,Derbyshire Constabulary,-1.222810,53.208735,On or near Ash Grove,E01019510,Bolsover 006C,Violence and sexual offences,Unable to prosecute suspect,
be6fc99ff41d414491247f02ee78b71a70ca43f8013e875832196bebefa8e460,2021-06,Derbyshire Constabulary,Derbyshire Constabulary,-1.218303,53.207115,On or near Park Road,E01019510,Bolsover 006C,Violence and sexual offences,Investigation complete; no suspect identified,
36dc73db76cf42b539c1ce81abf2abbaaa070bd709a3a9a19cff4a5b7791c85a,2021-06,Derbyshire Constabulary,Derbyshire Constabulary,-1.222810,53.208735,On or near Ash Grove,E01019510,Bolsover 006C,Violence and sexual offences,Unable to prosecute suspect,
985e662d940784a71af293cd4f15ff92049536986e8787a63e26f6d17f717403,2021-06,Derbyshire Constabulary,Derbyshire Constabulary,-1.224081,53.206344,On or near Alder Way,E01019510,Bolsover 006C,Violence and sexual offences,Unable to prosecute suspect,
,2021-06,Derbyshire Constabulary,Derbyshire Constabulary,-1.228443,53.197733,On or near Sunflower Close,E01019512,Bolsover 006D,Anti-social behaviour,,
,2021-06,Derbyshire Constabulary,Derbyshire Constabulary,-1.231196,53.198677,On or near Lupin Close,E01019512,Bolsover 006D,Anti-social behaviour,,
,2021-06,Derbyshire Constabulary,Derbyshire Constabulary,-1.228443,53.197733,On or near Sunflower Close,E01019512,Bolsover 006D,Anti-social behaviour,,
,2021-06,Derbyshire Constabulary,Derbyshire Constabulary,-1.228443,53.197733,On or near Sunflower Close,E01019512,Bolsover 006D,Anti-social behaviour,,
,2021-06,Derbyshire Constabulary,Derbyshire Constabulary,-1.228443,53.197733,On or near Sunflower Close,E01019512,Bolsover 006D,Anti-social behaviour,,
,2021-06,Derbyshire Constabulary,Derbyshire Constabulary,-1.229156,53.200561,On or near Main Street,E01019512,Bolsover 006D,Anti-social behaviour,,
ccc2e3945f8778e5837ea2d51e5399f6be146dd1ab075fb8a84274bba748ea73,2021-06,Derbyshire Constabulary,Derbyshire Constabulary,-1.225252,53.202854,On or near Carter Lane West,E01019512,Bolsover 006D,Drugs,Unable to prosecute suspect,
4b7cca6cef74f25934de454b7a976ffe5721a1ace694b627c96e989daa3c7605,2021-06,Derbyshire Constabulary,Derbyshire Constabulary,-1.225252,53.202854,On or near Carter Lane West,E01019512,Bolsover 006D,Drugs,Status update unavailable,
32bc929efb3283bcb9613b16396906bffe7b1161d34a16a4c999eb274de70f38,2021-06,Derbyshire Constabulary,Derbyshire Constabulary,-1.225252,53.202854,On or near Carter Lane West,E01019512,Bolsover 006D,Drugs,Status update unavailable,
d145fc6cf20a6c227037264dfc1a185424f0c81aa3bcd43e8e9de8331c9ed1dc,2021-06,Derbyshire Constabulary,Derbyshire Constabulary,-1.229326,53.198593,On or near Lavender Close,E01019512,Bolsover 006D,Other theft,Unable to prosecute suspect,
81f755ee6055445dc684bb4c76ca748092b56e73eb6e9f949bd488108df58123,2021-06,Derbyshire Constabulary,Derbyshire Constabulary,-1.225252,53.202854,On or near Carter Lane West,E01019512,Bolsover 006D,Other theft,Investigation complete; no suspect identified,
38d3f6ebe1ef05285b625769877f0d3960ed3ee93bbfd0cd60644f844a615cee,2021-06,Derbyshire Constabulary,Derbyshire Constabulary,-1.229326,53.198593,On or near Lavender Close,E01019512,Bolsover 006D,Public order,Unable to prosecute suspect,
3d56db8d56bd65ff9a551fca44cf5e10c67662e6f68e0fe6a55800f877a9465e,2021-06,Derbyshire Constabulary,Derbyshire Constabulary,-1.227967,53.203429,On or near Elm Tree Avenue,E01019512,Bolsover 006D,Violence and sexual offences,Unable to prosecute suspect,
f1aeee371f4eab6376fba7828ba2729481e0e0d1269e6d8259b5ded4fa6ef92e,2021-06,Derbyshire Constabulary,Derbyshire Constabulary,-1.229466,53.204122,On or near Larch Avenue,E01019512,Bolsover 006D,Violence and sexual offences,Unable to prosecute suspect,
27483df2942993c335f6dcfdede7d84b9aa8179789c80fa5a059a56ceb10f796,2021-06,Derbyshire Constabulary,Derbyshire Constabulary,-1.229156,53.200561,On or near Main Street,E01019512,Bolsover 006D,Violence and sexual offences,Unable to prosecute suspect,
cbee26728ee84b6dfad4bdd8cef3258de6b7a65d89ecde273bb602179adffa10,2021-06,Derbyshire Constabulary,Derbyshire Constabulary,-1.229156,53.200561,On or near Main Street,E01019512,Bolsover 006D,Violence and sexual offences,Unable to prosecute suspect,
da6a658290da95b49ba36c549c0f4722fd89aa520ad8fc1cc0600fe347cc5bce,2021-06,Derbyshire Constabulary,Derbyshire Constabulary,-1.227790,53.204902,On or near Chestnut Drive,E01019512,Bolsover 006D,Violence and sexual offences,Unable to prosecute suspect,
5a70d1c6afa4bb3d2a8c1d60a9267e9a463a5684feac60b0c018f7efcb7fb4b6,2021-06,Derbyshire Constabulary,Derbyshire Constabulary,-1.224736,53.202429,On or near Highcliffe Avenue,E01019512,Bolsover 006D,Violence and sexual offences,Unable to prosecute suspect,
bf5eedb64ee4ed54fee6fcec227bde995ac48daa6651779b89cc3a61ddd0a6b2,2021-06,Derbyshire Constabulary,Derbyshire Constabulary,-1.229156,53.200561,On or near Main Street,E01019512,Bolsover 006D,Violence and sexual offences,Unable to prosecute suspect,
f786e92757cddcdca16c7a649e23c41a3ff52f9f1664838b7f47b14f9411b250,2021-06,Derbyshire Constabulary,Derbyshire Constabulary,-1.228443,53.197733,On or near Sunflower Close,E01019512,Bolsover 006D,Violence and sexual offences,Unable to prosecute suspect,
175fa04c74d1e99b61c3d84dce527a230f006ae7e5331265f2a3269fbf917230,2021-06,Derbyshire Constabulary,Derbyshire Constabulary,-1.227967,53.203429,On or near Elm Tree Avenue,E01019512,Bolsover 006D,Violence and sexual offences,Unable to prosecute suspect,
fa20230b7f243338c1483f855a47c422c40b2d0a9b45e6eca28a87f128837f0d,2021-06,Derbyshire Constabulary,Derbyshire Constabulary,-1.228443,53.197733,On or near Sunflower Close,E01019512,Bolsover 006D,Violence and sexual offences,Unable to prosecute suspect,
fdc11aa5867c2db33128eb5ea13994f9b930f03cd04ede2eae874ab0b810f0d9,2021-06,Derbyshire Constabulary,Derbyshire Constabulary,-1.228443,53.197733,On or near Sunflower Close,E01019512,Bolsover 006D,Other crime,Unable to prosecute suspect,
,2021-06,Derbyshire Constabulary,Derbyshire Constabulary,-1.238515,53.179263,On or near Parking Area,E01019503,Bolsover 007A,Anti-social behaviour,,
,2021-06,Derbyshire Constabulary,Derbyshire Constabulary,-1.255395,53.180888,On or near Occupation Road,E01019503,Bolsover 007A,Anti-social behaviour,,
,2021-06,Derbyshire Constabulary,Derbyshire Constabulary,-1.254674,53.171580,On or near New Terrace,E01019503,Bolsover 007A,Anti-social behaviour,,
,2021-06,Derbyshire Constabulary,Derbyshire Constabulary,-1.257332,53.180523,On or near Moorgate Avenue,E01019503,Bolsover 007A,Anti-social behaviour,,
,2021-06,Derbyshire Constabulary,Derbyshire Constabulary,-1.255395,53.180888,On or near Occupation Road,E01019503,Bolsover 007A,Anti-social behaviour,,
facc4aa03f70f582d80002e9bd36e11a0c8947a229ccdec6862dd4b20063f019,2021-06,Derbyshire Constabulary,Derbyshire Constabulary,-1.253894,53.169957,On or near Florence Close,E01019503,Bolsover 007A,Burglary,Investigation complete; no suspect identified,
ee762c1da7f60f7a3be10c5288bb17f5485276e0c33a8060c7b5b904bc7043cc,2021-06,Derbyshire Constabulary,Derbyshire Constabulary,-1.251285,53.177159,On or near The Willows,E01019503,Bolsover 007A,Burglary,Investigation complete; no suspect identified,
5f506f640248ced9ff4c61780be131c230c375dd2df09365fdf4ea1aa824f96e,2021-06,Derbyshire Constabulary,Derbyshire Constabulary,-1.255178,53.179593,On or near Appleby Road,E01019503,Bolsover 007A,Criminal damage and arson,Offender given a caution,
5f506f640248ced9ff4c61780be131c230c375dd2df09365fdf4ea1aa824f96e,2021-06,Derbyshire Constabulary,Derbyshire Constabulary,-1.257236,53.181736,On or near Coronation Avenue,E01019503,Bolsover 007A,Criminal damage and arson,Status update unavailable,
6379f3d94da69da38b329e5cffbaaf82c810b13a32ebf812c6b5abeb38cd0dc3,2021-06,Derbyshire Constabulary,Derbyshire Constabulary,-1.257058,53.180791,On or near Meden Avenue,E01019503,Bolsover 007A,Criminal damage and arson,Local resolution,
47900ad30b132043caad32975cd8960d167d102a0263c8a9b7d8d788fe89d94e,2021-06,Derbyshire Constabulary,Derbyshire Constabulary,-1.255395,53.180888,On or near Occupation Road,E01019503,Bolsover 007A,Violence and sexual offences,Unable to prosecute suspect,
81bd168e9c9d55371957f3a54fe3e75c035db98d4c43f55585c6a8a1d274863e,2021-06,Derbyshire Constabulary,Derbyshire Constabulary,-1.256209,53.171006,On or near Parthenon Close,E01019503,Bolsover 007A,Violence and sexual offences,Unable to prosecute suspect,
9dafc95668a42fa34ea414145a311eb3cce82226bb7c10856b0d4b06490e0a10,2021-06,Derbyshire Constabulary,Derbyshire Constabulary,-1.250267,53.174663,On or near Chesterfield Road,E01019503,Bolsover 007A,Violence and sexual offences,Investigation complete; no suspect identified,
5065ec3da58891889e1469bd92847f0d4539a130e13aea988fb5a72926cc48a7,2021-06,Derbyshire Constabulary,Derbyshire Constabulary,-1.256209,53.171006,On or near Parthenon Close,E01019503,Bolsover 007A,Violence and sexual offences,Unable to prosecute suspect,
b7be5451296d8afecda7ec974ed3411f1488702c405875a90d1b962f631cc31e,2021-06,Derbyshire Constabulary,Derbyshire Constabulary,-1.255178,53.179593,On or near Appleby Road,E01019503,Bolsover 007A,Violence and sexual offences,Unable to prosecute suspect,
ad8df7e6a32357c4c86f04dffe9ad691d43d3a1ff77d1059d71f5c4c5d4a4171,2021-06,Derbyshire Constabulary,Derbyshire Constabulary,-1.255388,53.183010,On or near Bek Close,E01019503,Bolsover 007A,Violence and sexual offences,Awaiting court outcome,
e8694be9dda168afd55f2d9a84ed485a5438b6d6392d6638e4c927f56ffd069e,2021-06,Derbyshire Constabulary,Derbyshire Constabulary,-1.256209,53.171006,On or near Parthenon Close,E01019503,Bolsover 007A,Violence and sexual offences,Unable to prosecute suspect,
a55104fe08cf3461245fb7f6ef5ddfe81eee434817fed2056c00eb067e255795,2021-06,Derbyshire Constabulary,Derbyshire Constabulary,-1.256209,53.171006,On or near Parthenon Close,E01019503,Bolsover 007A,Violence and sexual offences,Unable to prosecute suspect,
9defadfa6cc1d88429bd527d6524731d0c43f718a02fcacd337fa0ab64392b8f,2021-06,Derbyshire Constabulary,Derbyshire Constabulary,-1.252591,53.180350,On or near Devonshire Street,E01019503,Bolsover 007A,Violence and sexual offences,Unable to prosecute suspect,
6ba39e728d884abff4e75e141e14d60b93e6976eebe018e02ea997516cc875d2,2021-06,Derbyshire Constabulary,Derbyshire Constabulary,-1.255178,53.179593,On or near Appleby Road,E01019503,Bolsover 007A,Other crime,Further investigation is not in the public interest,
97224335fb129f5f67955a3cb210195222446970507ca0d0d251741a5924b56e,2021-06,Derbyshire Constabulary,Derbyshire Constabulary,-1.255178,53.179593,On or near Appleby Road,E01019503,Bolsover 007A,Other crime,Further investigation is not in the public interest,
,2021-06,Derbyshire Constabulary,Derbyshire Constabulary,-1.206072,53.236213,On or near East View,E01019505,Bolsover 007B,Anti-social behaviour,,
,2021-06,Derbyshire Constabulary,Derbyshire Constabulary,-1.205026,53.232826,On or near New Scott Street,E01019505,Bolsover 007B,Anti-social behaviour,,
,2021-06,Derbyshire Constabulary,Derbyshire Constabulary,-1.206277,53.231594,On or near Mary Street,E01019505,Bolsover 007B,Anti-social behaviour,,
,2021-06,Derbyshire Constabulary,Derbyshire Constabulary,-1.206277,53.231594,On or near Mary Street,E01019505,Bolsover 007B,Anti-social behaviour,,
136e992cd551f26be0932a8a43957a21b70feecffa33a6523e4eae98285398cb,2021-06,Derbyshire Constabulary,Derbyshire Constabulary,-1.205026,53.232826,On or near New Scott Street,E01019505,Bolsover 007B,Other theft,Unable to prosecute suspect,
13ff28c9460f5b656b0d4c4e9986e51332d50637470f4935a2001599388be3ee,2021-06,Derbyshire Constabulary,Derbyshire Constabulary,-1.210627,53.223173,On or near Compton Street,E01019505,Bolsover 007B,Vehicle crime,Investigation complete; no suspect identified,
294e81732ac4347cc4570bd22d9bc564549b0175485bd829cbd8ffdbb36a6e79,2021-06,Derbyshire Constabulary,Derbyshire Constabulary,-1.206374,53.230417,On or near Kitchener Terrace,E01019505,Bolsover 007B,Vehicle crime,Investigation complete; no suspect identified,
50f18861b5d5529df877bc16918b096e66b37f6d825c454de99b030fba451a7c,2021-06,Derbyshire Constabulary,Derbyshire Constabulary,-1.210380,53.223567,On or near Devonshire Drive,E01019505,Bolsover 007B,Violence and sexual offences,Status update unavailable,
f7af6a942550daecfc30593a9c9cba9b93578025ac0c1ad39d9f9fc73f69e94d,2021-06,Derbyshire Constabulary,Derbyshire Constabulary,-1.205567,53.234339,On or near Chapel Street,E01019505,Bolsover 007B,Violence and sexual offences,Unable to prosecute suspect,
def4fe112b5ff0c67c171092159c05431ddb1f1b6c000a8d28ef4a98b8a6b55c,2021-06,Derbyshire Constabulary,Derbyshire Constabulary,-1.210380,53.223567,On or near Devonshire Drive,E01019505,Bolsover 007B,Violence and sexual offences,Status update unavailable,
5b911d705410643d7210b0960f1382dba4945e012624d4f1de41b83f7948abf5,2021-06,Derbyshire Constabulary,Derbyshire Constabulary,-1.206072,53.236213,On or near East View,E01019505,Bolsover 007B,Violence and sexual offences,Unable to prosecute suspect,
31a3fe054fa9dce53816faa5087608830eaf5b6212b502f8bab20f91058f631c,2021-06,Derbyshire Constabulary,Derbyshire Constabulary,-1.206072,53.236213,On or near East View,E01019505,Bolsover 007B,Violence and sexual offences,Unable to prosecute suspect,
ce6e3e04a49fbb2ba5a62e76709fe61bf41928cfeda85afadf3863c77778584a,2021-06,Derbyshire Constabulary,Derbyshire Constabulary,-1.206072,53.236213,On or near East View,E01019505,Bolsover 007B,Violence and sexual offences,Unable to prosecute suspect,
0dcd56520c3a929f4002566011057e47efd7d00252abf339e97e521374351350,2021-06,Derbyshire Constabulary,Derbyshire Constabulary,-1.205567,53.234339,On or near Chapel Street,E01019505,Bolsover 007B,Violence and sexual offences,Unable to prosecute suspect,
d048c838296f2a6e42d8800f6de2c76d96b06d17d04d1f9117f9de82e8cc7e47,2021-06,Derbyshire Constabulary,Derbyshire Constabulary,-1.206277,53.231594,On or near Mary Street,E01019505,Bolsover 007B,Violence and sexual offences,Investigation complete; no suspect identified,
0d2e04fc3ae296ea36634e7d32c79532847c84e97ee24c17214c590905ce62bc,2021-06,Derbyshire Constabulary,Derbyshire Constabulary,-1.207424,53.231161,On or near Bathurst Terrace,E01019505,Bolsover 007B,Violence and sexual offences,Investigation complete; no suspect identified,
,2021-06,Derbyshire Constabulary,Derbyshire Constabulary,-1.210472,53.220987,On or near Cavendish Street,E01019506,Bolsover 007C,Anti-social behaviour,,
,2021-06,Derbyshire Constabulary,Derbyshire Constabulary,-1.266461,53.211987,On or near East Street,E01019506,Bolsover 007C,Anti-social behaviour,,
,2021-06,Derbyshire Constabulary,Derbyshire Constabulary,-1.258389,53.212899,On or near Wood Lane,E01019506,Bolsover 007C,Anti-social behaviour,,
d20e22a10673ca8ba7f71d2468b0250d4a29b58893d5044226ddb7cc40454150,2021-06,Derbyshire Constabulary,Derbyshire Constabulary,-1.266461,53.211987,On or near East Street,E01019506,Bolsover 007C,Criminal damage and arson,Investigation complete; no suspect identified,
9f3acbec86853d37c44c4b76b369ae3c0b72f6f8e8c6a46b65b5da85c4fc5a6d,2021-06,Derbyshire Constabulary,Derbyshire Constabulary,-1.228458,53.216925,On or near Common Lane,E01019506,Bolsover 007C,Drugs,Further investigation is not in the public interest,
36aa7032946550e193bf0ec6cf8f92fc496044e1b23f9d0e5978633ce4313505,2021-06,Derbyshire Constabulary,Derbyshire Constabulary,-1.228458,53.216925,On or near Common Lane,E01019506,Bolsover 007C,Vehicle crime,Unable to prosecute suspect,
204879207b84f4d87547a445303c49c41a40aa9fc9b6cac9da2ba4eb81d00c38,2021-06,Derbyshire Constabulary,Derbyshire Constabulary,-1.210472,53.220987,On or near Cavendish Street,E01019506,Bolsover 007C,Violence and sexual offences,Unable to prosecute suspect,
5f9fd0824c68582e025170b4d58d0b5411196a228f5d0473a95f6f0f96a9b0ef,2021-06,Derbyshire Constabulary,Derbyshire Constabulary,-1.207255,53.233802,On or near The Villas,E01019506,Bolsover 007C,Violence and sexual offences,Unable to prosecute suspect,
49dcd32fac1db82cb863079a2b21460688d3324b298924257d2996c5458ef314,2021-06,Derbyshire Constabulary,Derbyshire Constabulary,-1.228458,53.216925,On or near Common Lane,E01019506,Bolsover 007C,Other crime,Unable to prosecute suspect,
,2021-06,Derbyshire Constabulary,Derbyshire Constabulary,-1.214212,53.203241,On or near Patchwork Row,E01019507,Bolsover 007D,Anti-social behaviour,,
,2021-06,Derbyshire Constabulary,Derbyshire Constabulary,-1.214207,53.201874,On or near Nicholson'S Row,E01019507,Bolsover 007D,Anti-social behaviour,,
,2021-06,Derbyshire Constabulary,Derbyshire Constabulary,-1.214207,53.201874,On or near Nicholson'S Row,E01019507,Bolsover 007D,Anti-social behaviour,,
,2021-06,Derbyshire Constabulary,Derbyshire Constabulary,-1.208155,53.202077,On or near Sookholme Road,E01019507,Bolsover 007D,Anti-social behaviour,,
,2021-06,Derbyshire Constabulary,Derbyshire Constabulary,-1.214827,53.200710,On or near The Croft,E01019507,Bolsover 007D,Anti-social behaviour,,
,2021-06,Derbyshire Constabulary,Derbyshire Constabulary,-1.211766,53.202685,On or near Market Street,E01019507,Bolsover 007D,Anti-social behaviour,,
,2021-06,Derbyshire Constabulary,Derbyshire Constabulary,-1.213236,53.203369,On or near Victoria Street,E01019507,Bolsover 007D,Anti-social behaviour,,
,2021-06,Derbyshire Constabulary,Derbyshire Constabulary,-1.213824,53.203957,On or near Supermarket,E01019507,Bolsover 007D,Anti-social behaviour,,
,2021-06,Derbyshire Constabulary,Derbyshire Constabulary,-1.212213,53.202823,On or near Parking Area,E01019507,Bolsover 007D,Anti-social behaviour,,
,2021-06,Derbyshire Constabulary,Derbyshire Constabulary,-1.216631,53.201899,On or near Church Court,E01019507,Bolsover 007D,Anti-social behaviour,,
ffd443da8ed0aeceee88892339d27a45740f1b07345039b8a98e0f12d4b5f05f,2021-06,Derbyshire Constabulary,Derbyshire Constabulary,-1.207569,53.204626,On or near Austin Street,E01019507,Bolsover 007D,Burglary,Unable to prosecute suspect,
ad6aee2a8f7ebe37f15e91a7f2fac1ac9226bad3bf2daf244ae0f2f26e9eb943,2021-06,Derbyshire Constabulary,Derbyshire Constabulary,-1.214212,53.203241,On or near Patchwork Row,E01019507,Bolsover 007D,Criminal damage and arson,Investigation complete; no suspect identified,
e05992a19d7ce8094a21a9ee0ef37fc72f30063715afc52d63ef29f348f9d5e0,2021-06,Derbyshire Constabulary,Derbyshire Constabulary,-1.207569,53.204626,On or near Austin Street,E01019507,Bolsover 007D,Criminal damage and arson,Status update unavailable,
ba53534d98b74774c131af0351397d49fb244e188ecb948324a5cee7584ba9f1,2021-06,Derbyshire Constabulary,Derbyshire Constabulary,-1.207569,53.204626,On or near Austin Street,E01019507,Bolsover 007D,Criminal damage and arson,Awaiting court outcome,
5ddc3bd4a4dbd0eff5f54602e84a48fc8092fbd3ec1c6a302887d566b3b730f1,2021-06,Derbyshire Constabulary,Derbyshire Constabulary,-1.212213,53.202823,On or near Parking Area,E01019507,Bolsover 007D,Criminal damage and arson,Unable to prosecute suspect,
1405aa780eb9469258b301a4340329a8833be5d4fc5c3e2ce8973358fa45395c,2021-06,Derbyshire Constabulary,Derbyshire Constabulary,-1.208516,53.205234,On or near Bank Close,E01019507,Bolsover 007D,Other theft,Unable to prosecute suspect,
e7b3378dbf9a704728446d1b5e7127b918cff1447b91f1e2bfdabfe8717f1a52,2021-06,Derbyshire Constabulary,Derbyshire Constabulary,-1.208516,53.205234,On or near Bank Close,E01019507,Bolsover 007D,Other theft,Unable to prosecute suspect,
e6d596c25aea6981b0fa2b67da0fa64ff2d40bba041b3b05b875c52e9873ec44,2021-06,Derbyshire Constabulary,Derbyshire Constabulary,-1.206969,53.204658,On or near Manvers Street,E01019507,Bolsover 007D,Public order,Unable to prosecute suspect,
1d9f8d2b821b49967f13595561484fb8fe565feaabb63f2ec49bd5682b762317,2021-06,Derbyshire Constabulary,Derbyshire Constabulary,-1.213236,53.203369,On or near Victoria Street,E01019507,Bolsover 007D,Public order,Investigation complete; no suspect identified,
c2b36bfe1687b7de8ca9751bbb2585ebf3a86a77d27ad2219cc2a77b0cb37701,2021-06,Derbyshire Constabulary,Derbyshire Constabulary,-1.213824,53.203957,On or near Supermarket,E01019507,Bolsover 007D,Public order,Unable to prosecute suspect,
3b67fbcc2cd15e1f5db8e94eaa8a05e0ff0a35063d6661ee53f9c133593d6370,2021-06,Derbyshire Constabulary,Derbyshire Constabulary,-1.216687,53.202942,On or near Byron Street,E01019507,Bolsover 007D,Public order,Local resolution,
9b41e23419f16122896a8f827bd774511a6acd67f460801634f1456476513403,2021-06,Derbyshire Constabulary,Derbyshire Constabulary,-1.218550,53.200968,On or near York Road,E01019507,Bolsover 007D,Public order,Further investigation is not in the public interest,
d11d085d700f1a7f8cf8cc8e5cc127b7112610dc3f58d8066746daf48b6c2ffb,2021-06,Derbyshire Constabulary,Derbyshire Constabulary,-1.208155,53.202077,On or near Sookholme Road,E01019507,Bolsover 007D,Shoplifting,Unable to prosecute suspect,
33949b92bcf8fdb569770014fa6edd335fa180cef0393da2dba7af71893dd6db,2021-06,Derbyshire Constabulary,Derbyshire Constabulary,-1.208516,53.205234,On or near Bank Close,E01019507,Bolsover 007D,Violence and sexual offences,Status update unavailable,
3820c95381550202e8b1ff15b7da8f1563dd3385b6f59401f2c675d321ca969b,2021-06,Derbyshire Constabulary,Derbyshire Constabulary,-1.207823,53.206282,On or near Langwith Road,E01019507,Bolsover 007D,Violence and sexual offences,Unable to prosecute suspect,
7d237757a76e7c0c29e45c35aad72453c4f731e8fd686069185f31a8fe2df003,2021-06,Derbyshire Constabulary,Derbyshire Constabulary,-1.208516,53.205234,On or near Bank Close,E01019507,Bolsover 007D,Violence and sexual offences,Unable to prosecute suspect,
091b172c12087cbd78958057f6e36ce24e6182559d5118001c799c705ca5c1e7,2021-06,Derbyshire Constabulary,Derbyshire Constabulary,-1.208516,53.205234,On or near Bank Close,E01019507,Bolsover 007D,Violence and sexual offences,Unable to prosecute suspect,
f34bb55f17fd9f4f7c416e71f292a2d292b3de62c52e87d4858f91e3c269ad58,2021-06,Derbyshire Constabulary,Derbyshire Constabulary,-1.207569,53.204626,On or near Austin Street,E01019507,Bolsover 007D,Violence and sexual offences,Awaiting court outcome,
3a9d696c6c2231949f7d898531588db066a087896a14a6b29430c64ee5214b18,2021-06,Derbyshire Constabulary,Derbyshire Constabulary,-1.213236,53.203369,On or near Victoria Street,E01019507,Bolsover 007D,Violence and sexual offences,Unable to prosecute suspect,
a417adc1c64bdde7013a66d449b3fa415bfcc7e5be323261a8203b6b1ac0ea9b,2021-06,Derbyshire Constabulary,Derbyshire Constabulary,-1.216687,53.202942,On or near Byron Street,E01019507,Bolsover 007D,Violence and sexual offences,Unable to prosecute suspect,
c77648d53ddd0c1c0fbb69f807f7d4f9749ebf09531f78d5bbc57dcc5546397d,2021-06,Derbyshire Constabulary,Derbyshire Constabulary,-1.215812,53.203323,On or near Division Road,E01019507,Bolsover 007D,Violence and sexual offences,Unable to prosecute suspect,
9428611193c4156f4152164af182a43d64c69f6e3771ca049482f1c3564212c3,2021-06,Derbyshire Constabulary,Derbyshire Constabulary,-1.213824,53.203957,On or near Supermarket,E01019507,Bolsover 007D,Violence and sexual offences,Unable to prosecute suspect,
7fa7da277e8818a094c2119895d83ac87c80662ab0286bfed9003a50ab414c6d,2021-06,Derbyshire Constabulary,Derbyshire Constabulary,-1.211291,53.203302,On or near Parking Area,E01019507,Bolsover 007D,Violence and sexual offences,Unable to prosecute suspect,
fe555897f4ee6f7f60199292c80d468368d73e8c04802f81a28773ab331c976d,2021-06,Derbyshire Constabulary,Derbyshire Constabulary,-1.213236,53.203369,On or near Victoria Street,E01019507,Bolsover 007D,Violence and sexual offences,Unable to prosecute suspect,
be13203388e2341f88ebc59ceb3b4aafb532f747876e5788c10c5967f576ef4a,2021-06,Derbyshire Constabulary,Derbyshire Constabulary,-1.213824,53.203957,On or near Supermarket,E01019507,Bolsover 007D,Violence and sexual offences,Unable to prosecute suspect,
d00706e440bac96655cfb105e6ce191befcc34f28eab4a9694b29dfbdadb1ac4,2021-06,Derbyshire Constabulary,Derbyshire Constabulary,-1.218550,53.200968,On or near York Road,E01019507,Bolsover 007D,Violence and sexual offences,Unable to prosecute suspect,
ee89d64b0f95f3b5badeaa6d6a9822584ba2b067bba4664d0877ac06900e77ad,2021-06,Derbyshire Constabulary,Derbyshire Constabulary,-1.207569,53.204626,On or near Austin Street,E01019507,Bolsover 007D,Violence and sexual offences,Awaiting court outcome,
49612a129556d820abbd4726fa861112f8ed4222e2a28dd0bf32736480a2df41,2021-06,Derbyshire Constabulary,Derbyshire Constabulary,-1.208516,53.205234,On or near Bank Close,E01019507,Bolsover 007D,Violence and sexual offences,Unable to prosecute suspect,
0cb6119185cb487129db88fd7955a1b29ad5f2180c613d7ccd7064c2c1a414c1,2021-06,Derbyshire Constabulary,Derbyshire Constabulary,-1.213824,53.203957,On or near Supermarket,E01019507,Bolsover 007D,Other crime,Unable to prosecute suspect,
,2021-06,Derbyshire Constabulary,Derbyshire Constabulary,-1.214292,53.197218,On or near Acreage Lane,E01019511,Bolsover 007E,Anti-social behaviour,,
,2021-06,Derbyshire Constabulary,Derbyshire Constabulary,-1.212270,53.198077,On or near South Avenue,E01019511,Bolsover 007E,Anti-social behaviour,,
,2021-06,Derbyshire Constabulary,Derbyshire Constabulary,-1.212270,53.198077,On or near South Avenue,E01019511,Bolsover 007E,Anti-social behaviour,,
,2021-06,Derbyshire Constabulary,Derbyshire Constabulary,-1.217587,53.199577,On or near Central Drive,E01019511,Bolsover 007E,Anti-social behaviour,,
,2021-06,Derbyshire Constabulary,Derbyshire Constabulary,-1.214292,53.197218,On or near Acreage Lane,E01019511,Bolsover 007E,Anti-social behaviour,,
,2021-06,Derbyshire Constabulary,Derbyshire Constabulary,-1.217587,53.199577,On or near Central Drive,E01019511,Bolsover 007E,Anti-social behaviour,,
,2021-06,Derbyshire Constabulary,Derbyshire Constabulary,-1.217587,53.199577,On or near Central Drive,E01019511,Bolsover 007E,Anti-social behaviour,,
,2021-06,Derbyshire Constabulary,Derbyshire Constabulary,-1.217587,53.199577,On or near Central Drive,E01019511,Bolsover 007E,Anti-social behaviour,,
,2021-06,Derbyshire Constabulary,Derbyshire Constabulary,-1.215870,53.194415,On or near Briar Close,E01019511,Bolsover 007E,Anti-social behaviour,,
,2021-06,Derbyshire Constabulary,Derbyshire Constabulary,-1.215870,53.194415,On or near Briar Close,E01019511,Bolsover 007E,Anti-social behaviour,,
,2021-06,Derbyshire Constabulary,Derbyshire Constabulary,-1.217587,53.199577,On or near Central Drive,E01019511,Bolsover 007E,Anti-social behaviour,,
6355401f4dcbf80c5b4d6b84ce707eabb3a67035b0262e32945ef08c6355a1a8,2021-06,Derbyshire Constabulary,Derbyshire Constabulary,-1.213089,53.196662,On or near Coronation Drive,E01019511,Bolsover 007E,Criminal damage and arson,Further action is not in the public interest,
2b67891a12248df79630829e1fdab30f5ef529dc1245e44def72709b4e10404d,2021-06,Derbyshire Constabulary,Derbyshire Constabulary,-1.217773,53.198374,On or near Prospect Drive,E01019511,Bolsover 007E,Other theft,Unable to prosecute suspect,
1d61a9c9eb188e44d462289a9f8948c71376bacb492d6c6d5010d7b3a121efde,2021-06,Derbyshire Constabulary,Derbyshire Constabulary,-1.214559,53.198155,On or near Swanwick Avenue,E01019511,Bolsover 007E,Other theft,Unable to prosecute suspect,
5a5ca257437763913b37b4f3dc94d6ec0a40f4b70cb461651878e559078ff21b,2021-06,Derbyshire Constabulary,Derbyshire Constabulary,-1.216308,53.199937,On or near Parking Area,E01019511,Bolsover 007E,Public order,Investigation complete; no suspect identified,
7b45e7e47516be5a0c48fedffe85d441ed0dbc4d0f192de6900345eed7b477dc,2021-06,Derbyshire Constabulary,Derbyshire Constabulary,-1.212270,53.198077,On or near South Avenue,E01019511,Bolsover 007E,Shoplifting,Investigation complete; no suspect identified,
a29ce1e4b9fb89af3c109199973121a99b8ce3271e5c9bcb1ef53b6387fb1641,2021-06,Derbyshire Constabulary,Derbyshire Constabulary,-1.212270,53.198077,On or near South Avenue,E01019511,Bolsover 007E,Shoplifting,Awaiting court outcome,
3e57c92c8a51dac5c9ac90b2437eb238b3df164413e8a8ad6da3a02c7e5ea575,2021-06,Derbyshire Constabulary,Derbyshire Constabulary,-1.212270,53.198077,On or near South Avenue,E01019511,Bolsover 007E,Shoplifting,Investigation complete; no suspect identified,
0849cab6c2d2a1b07fb26af5f8c44d6016ba99eee5e408b5f1f6fef0043b8e16,2021-06,Derbyshire Constabulary,Derbyshire Constabulary,-1.212270,53.198077,On or near South Avenue,E01019511,Bolsover 007E,Vehicle crime,Investigation complete; no suspect identified,
7477adb67ab1da97cff798cc90fcacd7cce0eca8f8682c67f5ad4fa7d9ca6bf7,2021-06,Derbyshire Constabulary,Derbyshire Constabulary,-1.213436,53.198166,On or near Brunner Avenue,E01019511,Bolsover 007E,Vehicle crime,Investigation complete; no suspect identified,
a82b9c517ad65c3dcefa6281fc6707b1762b4dfa80c3de8e9f54ef58d51951a6,2021-06,Derbyshire Constabulary,Derbyshire Constabulary,-1.223029,53.198309,On or near Eider Close,E01019511,Bolsover 007E,Violence and sexual offences,Unable to prosecute suspect,
eee2dba190a669473e0ffbb747c5c0e152b6d2c01358d6649db529152fc4b547,2021-06,Derbyshire Constabulary,Derbyshire Constabulary,-1.214559,53.198155,On or near Swanwick Avenue,E01019511,Bolsover 007E,Violence and sexual offences,Unable to prosecute suspect,
eaf4f86bd728e7a0e43bdc344ac88f18f73355394a7b8ad8325032c0cdc801de,2021-06,Derbyshire Constabulary,Derbyshire Constabulary,-1.217773,53.198374,On or near Prospect Drive,E01019511,Bolsover 007E,Violence and sexual offences,Unable to prosecute suspect,
b3d296a59c42798ba7d01f03a4d92d115387c79e8e8c621514557c2ea480c877,2021-06,Derbyshire Constabulary,Derbyshire Constabulary,-1.214534,53.196267,On or near Vale Drive,E01019511,Bolsover 007E,Violence and sexual offences,Unable to prosecute suspect,
ebbfa7943801fa4d30237737a46a5eea64062a87769ee5a9dfe6c7d98144788b,2021-06,Derbyshire Constabulary,Derbyshire Constabulary,-1.214534,53.196267,On or near Vale Drive,E01019511,Bolsover 007E,Violence and sexual offences,Awaiting court outcome,
416f8d7da7c783f6fd2abd041345fc13e873598968c3801ac3ebdd8aab833c87,2021-06,Derbyshire Constabulary,Derbyshire Constabulary,-1.214534,53.196267,On or near Vale Drive,E01019511,Bolsover 007E,Other crime,Unable to prosecute suspect,
,2021-06,Derbyshire Constabulary,Derbyshire Constabulary,-1.346873,53.125225,On or near North Street,E01019480,Bolsover 008A,Anti-social behaviour,,
,2021-06,Derbyshire Constabulary,Derbyshire Constabulary,-1.359652,53.120036,On or near Hardwick Close,E01019480,Bolsover 008A,Anti-social behaviour,,
81678814aebbea2c681b14b846228a1bd499e3dfa9b55b7389b0705c78df6f20,2021-06,Derbyshire Constabulary,Derbyshire Constabulary,-1.352948,53.121725,On or near Alfreton Road,E01019480,Bolsover 008A,Burglary,Investigation complete; no suspect identified,
b07983a23e3b21e0e17800c0d2ec12d008595d756fe6f328ba4c66e2b59e9afe,2021-06,Derbyshire Constabulary,Derbyshire Constabulary,-1.346873,53.125225,On or near North Street,E01019480,Bolsover 008A,Criminal damage and arson,Unable to prosecute suspect,
480ecfd4ca0941cbcdcf639e7f28db613cdc656b66de48edd1edf827d1eb9206,2021-06,Derbyshire Constabulary,Derbyshire Constabulary,-1.359652,53.120036,On or near Hardwick Close,E01019480,Bolsover 008A,Criminal damage and arson,Investigation complete; no suspect identified,
6c46ec47c9a75f6639a8f4ea4a6252d20076da91645e362a9f77e3f39e548c60,2021-06,Derbyshire Constabulary,Derbyshire Constabulary,-1.326177,53.115599,On or near Berristow Lane,E01019480,Bolsover 008A,Criminal damage and arson,Investigation complete; no suspect identified,
4ca4f895cf44376b6bb8e6b6998ca01d43f593e6db2b75f5fa5b5cdd153f50de,2021-06,Derbyshire Constabulary,Derbyshire Constabulary,-1.359652,53.120036,On or near Hardwick Close,E01019480,Bolsover 008A,Criminal damage and arson,Investigation complete; no suspect identified,
9abb3b417ade2157dd6cba1cd71b5558e222a0aa7848d8c7a722a0afc1a11abd,2021-06,Derbyshire Constabulary,Derbyshire Constabulary,-1.346873,53.125225,On or near North Street,E01019480,Bolsover 008A,Criminal damage and arson,Unable to prosecute suspect,
467448987de7f920b3ed08fcb52e0481cbb38f7b0fe065c7f7675263269616f9,2021-06,Derbyshire Constabulary,Derbyshire Constabulary,-1.358540,53.120479,On or near Recreation Close,E01019480,Bolsover 008A,Other theft,Status update unavailable,
5a92d1ca03b84659d1f8ed69437ace5b948334fef7c8c844ed7ad1d087eb69ae,2021-06,Derbyshire Constabulary,Derbyshire Constabulary,-1.359652,53.120036,On or near Hardwick Close,E01019480,Bolsover 008A,Public order,Unable to prosecute suspect,
e6e54efafa3b0ac13894c110ed21713263ba3211b96a9884e0e1228b25da3469,2021-06,Derbyshire Constabulary,Derbyshire Constabulary,-1.326177,53.115599,On or near Berristow Lane,E01019480,Bolsover 008A,Vehicle crime,Unable to prosecute suspect,
248d722e722a96fba08b9af5f53da77862aaee9c3cc19521fe6985397451d521,2021-06,Derbyshire Constabulary,Derbyshire Constabulary,-1.370855,53.118280,On or near Ashover View,E01019480,Bolsover 008A,Violence and sexual offences,Unable to prosecute suspect,
8d9d0956e4249ee918d843443b4e2c01126bd2430d06bae1dacb639ae43eead3,2021-06,Derbyshire Constabulary,Derbyshire Constabulary,-1.346873,53.125225,On or near North Street,E01019480,Bolsover 008A,Violence and sexual offences,Unable to prosecute suspect,
,2021-06,Derbyshire Constabulary,Derbyshire Constabulary,-1.340190,53.130267,On or near Newlands Crescent,E01019482,Bolsover 008B,Anti-social behaviour,,
,2021-06,Derbyshire Constabulary,Derbyshire Constabulary,-1.341813,53.130717,On or near Bamford Street,E01019482,Bolsover 008B,Anti-social behaviour,,
,2021-06,Derbyshire Constabulary,Derbyshire Constabulary,-1.342664,53.131746,On or near Crich View,E01019482,Bolsover 008B,Anti-social behaviour,,
,2021-06,Derbyshire Constabulary,Derbyshire Constabulary,-1.342664,53.131746,On or near Crich View,E01019482,Bolsover 008B,Anti-social behaviour,,
,2021-06,Derbyshire Constabulary,Derbyshire Constabulary,-1.337831,53.129148,On or near Hall Lane,E01019482,Bolsover 008B,Anti-social behaviour,,
7adb02e8a65dd2e020d664d9068b18a51eb34c38bf917af6609b82b9bb3a80c8,2021-06,Derbyshire Constabulary,Derbyshire Constabulary,-1.340206,53.131211,On or near Main Street,E01019482,Bolsover 008B,Violence and sexual offences,Investigation complete; no suspect identified,
2d3c19b83e3cb3024bbf25f5cd0c3c3bcf4832ee11bf88c86f7dbdb8737439e7,2021-06,Derbyshire Constabulary,Derbyshire Constabulary,-1.334318,53.130198,On or near Wire Lane,E01019482,Bolsover 008B,Violence and sexual offences,Unable to prosecute suspect,
e99859e0c17870f41c67ad11d8a4a634720251730ed98c6da10a884efdea26c9,2021-06,Derbyshire Constabulary,Derbyshire Constabulary,-1.336798,53.129286,On or near School Close,E01019482,Bolsover 008B,Violence and sexual offences,Unable to prosecute suspect,
,2021-06,Derbyshire Constabulary,Derbyshire Constabulary,-1.345139,53.137054,On or near Bank Close,E01019520,Bolsover 008C,Anti-social behaviour,,
,2021-06,Derbyshire Constabulary,Derbyshire Constabulary,-1.351328,53.137978,On or near Spa Croft,E01019520,Bolsover 008C,Anti-social behaviour,,
,2021-06,Derbyshire Constabulary,Derbyshire Constabulary,-1.349928,53.174304,On or near Branch Lane,E01019520,Bolsover 008C,Anti-social behaviour,,
94a5dece42d92b3bb5a9023e5fad1dea6ac78eacc4272c6b345a83a175dcf2c3,2021-06,Derbyshire Constabulary,Derbyshire Constabulary,-1.348725,53.136157,On or near Chestnut Grove,E01019520,Bolsover 008C,Burglary,Investigation complete; no suspect identified,
9bab2facc884bf924087abfb672e5474a6cc850e85ae0a9c64004940c04be14a,2021-06,Derbyshire Constabulary,Derbyshire Constabulary,-1.321155,53.184958,On or near Mill Lane,E01019520,Bolsover 008C,Burglary,Investigation complete; no suspect identified,
b0cbcb318265ee3dc0bf776bdab8de7f6920bf3fa512a525a0a521ba556634cd,2021-06,Derbyshire Constabulary,Derbyshire Constabulary,-1.347987,53.136521,On or near Boundary Gardens,E01019520,Bolsover 008C,Burglary,Investigation complete; no suspect identified,
9c5cddc908fe63d9941e069d10fd8ce36496105684223283d44540fe2bd25c44,2021-06,Derbyshire Constabulary,Derbyshire Constabulary,-1.349928,53.174304,On or near Branch Lane,E01019520,Bolsover 008C,Criminal damage and arson,Investigation complete; no suspect identified,
82eaaee959df813e6423ab7f9106853f52a42cf98f97aaf67abfddbd0ef0dcda,2021-06,Derbyshire Constabulary,Derbyshire Constabulary,-1.351127,53.162256,On or near Hardstoft Road,E01019520,Bolsover 008C,Criminal damage and arson,Investigation complete; no suspect identified,
d480c8956d6dd32f80aff0629f6970ed834f7752c8d0e056eef74f25f5a19d15,2021-06,Derbyshire Constabulary,Derbyshire Constabulary,-1.351127,53.162256,On or near Hardstoft Road,E01019520,Bolsover 008C,Other theft,Status update unavailable,
ffd5f4f6b6c6559b875b39d3b0da19ed6bfa18b7d9c9b6737c3856a000613792,2021-06,Derbyshire Constabulary,Derbyshire Constabulary,-1.351328,53.137978,On or near Spa Croft,E01019520,Bolsover 008C,Public order,Status update unavailable,
7e31100c70877fe91711d5952b0d39ea7eacbfc1cf69763aade6794d9e3536a0,2021-06,Derbyshire Constabulary,Derbyshire Constabulary,-1.304583,53.192728,On or near Park/Open Space,E01019520,Bolsover 008C,Public order,Status update unavailable,
7e31100c70877fe91711d5952b0d39ea7eacbfc1cf69763aade6794d9e3536a0,2021-06,Derbyshire Constabulary,Derbyshire Constabulary,-1.313948,53.192045,On or near Old School Close,E01019520,Bolsover 008C,Public order,Investigation complete; no suspect identified,
cb3aa10c9fa68156709c820fbd0b184e5f2698507d5971f42dd1b1b6f9da0ece,2021-06,Derbyshire Constabulary,Derbyshire Constabulary,-1.352610,53.136277,On or near Parking Area,E01019520,Bolsover 008C,Vehicle crime,Investigation complete; no suspect identified,
3e8dd5da6ffaa09e37f66f34d5aa31352855be53ce94c597f79d7ce922d2b3f7,2021-06,Derbyshire Constabulary,Derbyshire Constabulary,-1.351328,53.137978,On or near Spa Croft,E01019520,Bolsover 008C,Violence and sexual offences,Unable to prosecute suspect,
bb83ed79bb93099346be27597b3a6067005fb9772f107d09ece9faec0206768e,2021-06,Derbyshire Constabulary,Derbyshire Constabulary,-1.351328,53.137978,On or near Spa Croft,E01019520,Bolsover 008C,Violence and sexual offences,Unable to prosecute suspect,
5131f34215cea7d70dfd978fbc44f9f302fc58bac03db3b9e23f85fab506d1f6,2021-06,Derbyshire Constabulary,Derbyshire Constabulary,-1.351328,53.137978,On or near Spa Croft,E01019520,Bolsover 008C,Violence and sexual offences,Unable to prosecute suspect,
5027fd0b294e618c0885029413a7ed4cc4e4ff67e97aeeff8f93004ee93a5a93,2021-06,Derbyshire Constabulary,Derbyshire Constabulary,-1.351328,53.137978,On or near Spa Croft,E01019520,Bolsover 008C,Violence and sexual offences,Unable to prosecute suspect,
ffd5f4f6b6c6559b875b39d3b0da19ed6bfa18b7d9c9b6737c3856a000613792,2021-06,Derbyshire Constabulary,Derbyshire Constabulary,-1.351328,53.137978,On or near Spa Croft,E01019520,Bolsover 008C,Violence and sexual offences,Unable to prosecute suspect,
318f66586dadc321fca553a5b966a520b908f7f2594a764abb57444c307b08ce,2021-06,Derbyshire Constabulary,Derbyshire Constabulary,-1.351328,53.137978,On or near Spa Croft,E01019520,Bolsover 008C,Violence and sexual offences,Local resolution,
93c5b9bd07d657f61990cc4d206a19f51c5ac35535e950a40dc57e0f1240f917,2021-06,Derbyshire Constabulary,Derbyshire Constabulary,-1.346773,53.135760,On or near Sports/Recreation Area,E01019520,Bolsover 008C,Violence and sexual offences,Unable to prosecute suspect,
cbdd5ce0e57e1f4d057f04c7866d96986f62eb7d9e408e06a47c1da09a681843,2021-06,Derbyshire Constabulary,Derbyshire Constabulary,-1.307411,53.190919,On or near Bramley Road,E01019520,Bolsover 008C,Violence and sexual offences,Status update unavailable,
f951423ac3f42b337cc321d373a5085dc510e424084396abb9e06127ff71aea5,2021-06,Derbyshire Constabulary,Derbyshire Constabulary,-1.351328,53.137978,On or near Spa Croft,E01019520,Bolsover 008C,Violence and sexual offences,Investigation complete; no suspect identified,
2423d8e14f5e838090b4dbedef3e7d42860385f178bc0f425dc553ded8d2d43b,2021-06,Derbyshire Constabulary,Derbyshire Constabulary,-1.316167,53.191806,On or near West Street,E01019520,Bolsover 008C,Violence and sexual offences,Investigation complete; no suspect identified,
edb21b4eb8bf76d0af5fb70a9036e161ee37d115dd958bdaa5890a59cb254c9e,2021-06,Derbyshire Constabulary,Derbyshire Constabulary,-1.351127,53.162256,On or near Hardstoft Road,E01019520,Bolsover 008C,Violence and sexual offences,Unable to prosecute suspect,
faba62f218423171f9065c533dc833b1a1dd6ba780055f200f4eb983005e09f4,2021-06,Derbyshire Constabulary,Derbyshire Constabulary,-1.351328,53.137978,On or near Spa Croft,E01019520,Bolsover 008C,Violence and sexual offences,Unable to prosecute suspect,
3c7dbd7ade40151f5db8822053d778d66f3e80adf36effb6eae4e87a518181f1,2021-06,Derbyshire Constabulary,Derbyshire Constabulary,-1.313752,53.191235,On or near East Street,E01019520,Bolsover 008C,Violence and sexual offences,Unable to prosecute suspect,
27b7947b16f45267860a3aa11eebf277574e2b5407559c73f0f13bb189fe4aab,2021-06,Derbyshire Constabulary,Derbyshire Constabulary,-1.351328,53.137978,On or near Spa Croft,E01019520,Bolsover 008C,Violence and sexual offences,Unable to prosecute suspect,
0970226bc362c3049e9ab93e7fcc02faa49192fcf48b14beb9144d4e9af47c75,2021-06,Derbyshire Constabulary,Derbyshire Constabulary,-1.343091,53.163543,On or near The Green,E01019520,Bolsover 008C,Violence and sexual offences,Unable to prosecute suspect,
,2021-06,Derbyshire Constabulary,Derbyshire Constabulary,-1.328607,53.146608,On or near Mansfield Road,E01019521,Bolsover 008D,Anti-social behaviour,,
,2021-06,Derbyshire Constabulary,Derbyshire Constabulary,-1.333326,53.137330,On or near Petrol Station,E01019521,Bolsover 008D,Anti-social behaviour,,
,2021-06,Derbyshire Constabulary,Derbyshire Constabulary,-1.333326,53.137330,On or near Petrol Station,E01019521,Bolsover 008D,Anti-social behaviour,,
,2021-06,Derbyshire Constabulary,Derbyshire Constabulary,-1.333326,53.137330,On or near Petrol Station,E01019521,Bolsover 008D,Anti-social behaviour,,
f6c1ae0101befdb7c52e672abaf99233b18e9efbd446cd83a8e7679704335545,2021-06,Derbyshire Constabulary,Derbyshire Constabulary,-1.327519,53.138700,On or near Motorway Service Area,E01019521,Bolsover 008D,Criminal damage and arson,Investigation complete; no suspect identified,
4dd5ac0e3ea02c954c6cc81ead0997f599267228b8e19acf6932899dbef27bd1,2021-06,Derbyshire Constabulary,Derbyshire Constabulary,-1.328456,53.138067,On or near Petrol Station,E01019521,Bolsover 008D,Other theft,Investigation complete; no suspect identified,
30f48476eebfee4e2588783a662a4c615542418c3bf69863e2ef360c4b1dfb51,2021-06,Derbyshire Constabulary,Derbyshire Constabulary,-1.349081,53.139332,On or near Winkpenny Lane,E01019521,Bolsover 008D,Public order,Investigation complete; no suspect identified,
fb4ca30d9aea5d1f2adf759c8f8fff26e50af2212ce1bfbbea047234e6601626,2021-06,Derbyshire Constabulary,Derbyshire Constabulary,-1.328456,53.138067,On or near Petrol Station,E01019521,Bolsover 008D,Public order,Investigation complete; no suspect identified,
97822d6af356ab30d856a9d0ac564659f629fa9cede0714df54fdb16a7cfaaf1,2021-06,Derbyshire Constabulary,Derbyshire Constabulary,-1.347756,53.140916,On or near Pennine Close,E01019521,Bolsover 008D,Shoplifting,Investigation complete; no suspect identified,
0157ff356c4e12e95866a09527dcb212ce81964dd4dc540f9580a181b161b711,2021-06,Derbyshire Constabulary,Derbyshire Constabulary,-1.349081,53.139332,On or near Winkpenny Lane,E01019521,Bolsover 008D,Violence and sexual offences,Unable to prosecute suspect,
2683d70adfce14dab71d79f06eb25973468cc5d60d767c4ec87d7c3a6eae7ca6,2021-06,Derbyshire Constabulary,Derbyshire Constabulary,-1.345299,53.141253,On or near Trail View,E01019521,Bolsover 008D,Violence and sexual offences,Unable to prosecute suspect,
5082aa7ad435f1823aece5eb5490a6db84bc46d866ec8c4f76c69cb5cec51e30,2021-06,Derbyshire Constabulary,Derbyshire Constabulary,-1.345299,53.141253,On or near Trail View,E01019521,Bolsover 008D,Violence and sexual offences,Unable to prosecute suspect,
53cb0e04cfb1ac238be0459773f17066b1aaaf315dc0f49091709097f143035e,2021-06,Derbyshire Constabulary,Derbyshire Constabulary,-1.349081,53.139332,On or near Winkpenny Lane,E01019521,Bolsover 008D,Violence and sexual offences,Unable to prosecute suspect,
,2021-06,Derbyshire Constabulary,Derbyshire Constabulary,-1.348212,53.142429,On or near Lathkil Grove,E01019522,Bolsover 008E,Anti-social behaviour,,
,2021-06,Derbyshire Constabulary,Derbyshire Constabulary,-1.343268,53.143094,On or near High Street,E01019522,Bolsover 008E,Anti-social behaviour,,
0878680be6b52891d2b9edf5fb20d17e87e60920134ab838896b9726acc977e2,2021-06,Derbyshire Constabulary,Derbyshire Constabulary,-1.338986,53.144454,On or near Parking Area,E01019522,Bolsover 008E,Drugs,Awaiting court outcome,
2608b66919947f5de1556488dbc0f9e4717dd37cc5570bee4384f6863436ec02,2021-06,Derbyshire Constabulary,Derbyshire Constabulary,-1.338986,53.144454,On or near Parking Area,E01019522,Bolsover 008E,Other theft,Formal action is not in the public interest,
501403573ee862f87e91da3cf8c09d7154994e6195b406ac04e1189b4c150997,2021-06,Derbyshire Constabulary,Derbyshire Constabulary,-1.340857,53.143368,On or near Lincoln Close,E01019522,Bolsover 008E,Public order,Unable to prosecute suspect,
7d4a0896b81f6d5529e75dd0494cdf37b61c8a9ab8d07b9e5380510ab93e3737,2021-06,Derbyshire Constabulary,Derbyshire Constabulary,-1.330199,53.140360,On or near Saw Pit Lane,E01019522,Bolsover 008E,Vehicle crime,Investigation complete; no suspect identified,
3aa69808c8b15b5f2fc2a7340991ef8caec6172ce3f9c382f7d95f59bf4d0883,2021-06,Derbyshire Constabulary,Derbyshire Constabulary,-1.330199,53.140360,On or near Saw Pit Lane,E01019522,Bolsover 008E,Vehicle crime,Investigation complete; no suspect identified,
30509d6993c69295e083a83f2594743bc4b2a1434a50e951900374f494e1b9db,2021-06,Derbyshire Constabulary,Derbyshire Constabulary,-1.348200,53.143175,On or near Derwent Drive,E01019522,Bolsover 008E,Violence and sexual offences,Investigation complete; no suspect identified,
00d723eb30b8900607fdfa1fefcf3213a9e6b201adb027259278606f11bcae25,2021-06,Derbyshire Constabulary,Derbyshire Constabulary,-1.338534,53.143706,On or near Brooke Street,E01019522,Bolsover 008E,Violence and sexual offences,Status update unavailable,
9c45b4cc244115e146bb8d1f2b666ea510005b18bbcb709f0362f0c4c68f9922,2021-06,Derbyshire Constabulary,Derbyshire Constabulary,-1.338986,53.144454,On or near Parking Area,E01019522,Bolsover 008E,Violence and sexual offences,Unable to prosecute suspect,
86d6671108735e9928258f5ea70d79e8d8e0fe6a492afd1e74307f1b3f225319,2021-06,Derbyshire Constabulary,Derbyshire Constabulary,-1.342235,53.144185,On or near Petrol Station,E01019522,Bolsover 008E,Violence and sexual offences,Unable to prosecute suspect,
f100ea74aa7e33bff1c97293ea6fcdce020230ff8ab849eefe8e27532db84d22,2021-06,Derbyshire Constabulary,Derbyshire Constabulary,-1.338598,53.143454,On or near Haddon Street,E01019522,Bolsover 008E,Violence and sexual offences,Unable to prosecute suspect,
e7a269558f950c6278a0a6ba6d605d1e3f3a068a29c1c9de076bd14cb0ffec10,2021-06,Derbyshire Constabulary,Derbyshire Constabulary,-1.340857,53.143368,On or near Lincoln Close,E01019522,Bolsover 008E,Violence and sexual offences,Local resolution,
f80e71f6e628d3301bb85e274d71dd6f1e80d8a1aa87191a10060919c021ac73,2021-06,Derbyshire Constabulary,Derbyshire Constabulary,-1.338598,53.143454,On or near Haddon Street,E01019522,Bolsover 008E,Violence and sexual offences,Unable to prosecute suspect,
5b7ca778210334a7cfdfc7c8d46eaab77151dec73f7504962c76de0de0cc0629,2021-06,Derbyshire Constabulary,Derbyshire Constabulary,-1.338598,53.143454,On or near Haddon Street,E01019522,Bolsover 008E,Violence and sexual offences,Unable to prosecute suspect,
3bc14714fb703b300bc930b06296d5d29289a96fcfec9ff39d30a0ddf5fbb204,2021-06,Derbyshire Constabulary,Derbyshire Constabulary,-1.340857,53.143368,On or near Lincoln Close,E01019522,Bolsover 008E,Violence and sexual offences,Unable to prosecute suspect,
03c93a24d11d5589232e1c15b4123744e7b8352ae4ce4f61a3f9cb8c23e8fcca,2021-06,Derbyshire Constabulary,Derbyshire Constabulary,-1.348200,53.143175,On or near Derwent Drive,E01019522,Bolsover 008E,Violence and sexual offences,Unable to prosecute suspect,
8c883468c43609a4c15dd9ea4013c831081ca93144ffe22adb32eedae9331dcc,2021-06,Derbyshire Constabulary,Derbyshire Constabulary,-1.335096,53.146617,On or near Lavender Close,E01019522,Bolsover 008E,Violence and sexual offences,Unable to prosecute suspect,
,2021-06,Derbyshire Constabulary,Derbyshire Constabulary,-1.348744,53.121064,On or near Dodgewell Close,E01019481,Bolsover 009A,Anti-social behaviour,,
,2021-06,Derbyshire Constabulary,Derbyshire Constabulary,-1.348744,53.121064,On or near Dodgewell Close,E01019481,Bolsover 009A,Anti-social behaviour,,
b3933f3a3e62b745179903ec80a8dd315735302e08d2b4debe34c14ef9fe1626,2021-06,Derbyshire Constabulary,Derbyshire Constabulary,-1.348744,53.121064,On or near Dodgewell Close,E01019481,Bolsover 009A,Burglary,Investigation complete; no suspect identified,
0209226098afea4c912205178a7cd87b7f5defb5e3fd046c0c101af1e8bc2d5c,2021-06,Derbyshire Constabulary,Derbyshire Constabulary,-1.371410,53.115011,On or near Alfreton Road,E01019481,Bolsover 009A,Criminal damage and arson,Investigation complete; no suspect identified,
2f06b986d670cb238b17a56b9e41682500a41b0fa71245c455085af77d3b3871,2021-06,Derbyshire Constabulary,Derbyshire Constabulary,-1.358781,53.118332,On or near Deamon Street,E01019481,Bolsover 009A,Criminal damage and arson,Investigation complete; no suspect identified,
4853b189bd4a110b9efae6c4d13dda387e9ea6d48228997439159aeb51e9d465,2021-06,Derbyshire Constabulary,Derbyshire Constabulary,-1.348744,53.121064,On or near Dodgewell Close,E01019481,Bolsover 009A,Criminal damage and arson,Investigation complete; no suspect identified,
873eb717832f1817d959c34717eb4c7efd909524a8b82e17d5161b703de5704f,2021-06,Derbyshire Constabulary,Derbyshire Constabulary,-1.355943,53.119288,On or near Cambridge Street,E01019481,Bolsover 009A,Criminal damage and arson,Investigation complete; no suspect identified,
f3af0c013e728bb5e4112a2d352434c4dbcec107a9a4d3b8315db07e16346e6e,2021-06,Derbyshire Constabulary,Derbyshire Constabulary,-1.373154,53.113231,On or near Park Lane,E01019481,Bolsover 009A,Violence and sexual offences,Unable to prosecute suspect,
5ac2274c26f058efa835e1d5d67358d5a99f9dff669368c1ec157abe31a30e4b,2021-06,Derbyshire Constabulary,Derbyshire Constabulary,-1.373154,53.113231,On or near Park Lane,E01019481,Bolsover 009A,Violence and sexual offences,Unable to prosecute suspect,
4fb600fbc020883999e78227faf785f218d4389640b97d6957c41aa7d9757488,2021-06,Derbyshire Constabulary,Derbyshire Constabulary,-1.371410,53.115011,On or near Alfreton Road,E01019481,Bolsover 009A,Violence and sexual offences,Unable to prosecute suspect,
,2021-06,Derbyshire Constabulary,Derbyshire Constabulary,-1.339289,53.108140,On or near Church Street,E01019514,Bolsover 009B,Anti-social behaviour,,
b81f6484e91468c6d65ffa4270f58236332d1369a1397ff7263ebca8e4f0e809,2021-06,Derbyshire Constabulary,Derbyshire Constabulary,-1.334791,53.110164,On or near Peach Avenue,E01019514,Bolsover 009B,Burglary,Investigation complete; no suspect identified,
652390a5feca728a694d25d79903db335f94296cfc92fb0c2fa5f64a78d6ff1e,2021-06,Derbyshire Constabulary,Derbyshire Constabulary,-1.334391,53.106108,On or near Gladstone Street,E01019514,Bolsover 009B,Burglary,Unable to prosecute suspect,
2c683088af86de2ced4c68c1f4078b76448a311ef74a34cc6bff8fa60b9a64f9,2021-06,Derbyshire Constabulary,Derbyshire Constabulary,-1.339289,53.108140,On or near Church Street,E01019514,Bolsover 009B,Criminal damage and arson,Investigation complete; no suspect identified,
43d4b7b413c7469674050e168fd0072709143619f16385d5d5b34c583ffe160c,2021-06,Derbyshire Constabulary,Derbyshire Constabulary,-1.337115,53.108667,On or near Sporton Close,E01019514,Bolsover 009B,Vehicle crime,Investigation complete; no suspect identified,
5ad13d02a4326a25d24d0b913f901221f2929ea79003214aab6e1afbb8f4b16c,2021-06,Derbyshire Constabulary,Derbyshire Constabulary,-1.337462,53.106485,On or near Victoria Street,E01019514,Bolsover 009B,Vehicle crime,Investigation complete; no suspect identified,
fd0277a397bfdf71afa6a711868920975f333f12780bb443aa27f84a7bdccc0c,2021-06,Derbyshire Constabulary,Derbyshire Constabulary,-1.337115,53.108667,On or near Sporton Close,E01019514,Bolsover 009B,Vehicle crime,Unable to prosecute suspect,
daf06c848c9a1226636f8141791b8445d1fb71e9942b89ac6b6a0dcc5f65c1e7,2021-06,Derbyshire Constabulary,Derbyshire Constabulary,-1.338579,53.109628,On or near Collins Avenue,E01019514,Bolsover 009B,Vehicle crime,Status update unavailable,
e2c8c9ec292b7897eeaf78a48609a33a5bc3a71c798781bbbd09af22978fcdb5,2021-06,Derbyshire Constabulary,Derbyshire Constabulary,-1.333899,53.108002,On or near Greenacres Drive,E01019514,Bolsover 009B,Vehicle crime,Investigation complete; no suspect identified,
d3608827cddc6a211da55e78b3ad0df627fc4ce5ef7a040b9c282c36028358ef,2021-06,Derbyshire Constabulary,Derbyshire Constabulary,-1.334834,53.105481,On or near South Street,E01019514,Bolsover 009B,Vehicle crime,Investigation complete; no suspect identified,
ab69fe543a01cbf36e07c8db4a6bc1d57e436d2e7a4254c7c784ff2e3b521a4e,2021-06,Derbyshire Constabulary,Derbyshire Constabulary,-1.334473,53.108535,On or near Poplar Road,E01019514,Bolsover 009B,Violence and sexual offences,Unable to prosecute suspect,
3146a8a78afd389afecd4221fd97c00c0ace4a8f4f0e51b0807befc8646daedd,2021-06,Derbyshire Constabulary,Derbyshire Constabulary,-1.339289,53.108140,On or near Church Street,E01019514,Bolsover 009B,Violence and sexual offences,Unable to prosecute suspect,
c660fc4e1a55622110f23eab3a6f8f183b053c58e41b98c7d69c8474003b576c,2021-06,Derbyshire Constabulary,Derbyshire Constabulary,-1.339289,53.108140,On or near Church Street,E01019514,Bolsover 009B,Violence and sexual offences,Status update unavailable,
41d952b0cd798ee277eefe2c26227e702c9da5204dcd5e6a0d8d5fa236f4a483,2021-06,Derbyshire Constabulary,Derbyshire Constabulary,-1.339289,53.108140,On or near Church Street,E01019514,Bolsover 009B,Violence and sexual offences,Status update unavailable,
ce2410e3c2dd07c9f4a4cdaaf787383c89d8c00fd422a23d31bc31c7a4a05de8,2021-06,Derbyshire Constabulary,Derbyshire Constabulary,-1.339289,53.108140,On or near Church Street,E01019514,Bolsover 009B,Violence and sexual offences,Status update unavailable,
,2021-06,Derbyshire Constabulary,Derbyshire Constabulary,-1.335195,53.106247,On or near Peel Street,E01019515,Bolsover 009C,Anti-social behaviour,,
,2021-06,Derbyshire Constabulary,Derbyshire Constabulary,-1.335195,53.106247,On or near Peel Street,E01019515,Bolsover 009C,Anti-social behaviour,,
b4cf92109a70b808c1276baa7992ef8032a4c69ceb3bb0f4ccb8649a79dacd2a,2021-06,Derbyshire Constabulary,Derbyshire Constabulary,-1.332630,53.103123,On or near Highfield Drive,E01019515,Bolsover 009C,Public order,Awaiting court outcome,
0b0397dc0ec01e7318b7a61bf0efe3b40addbe409d66a774062deed5eaf75742,2021-06,Derbyshire Constabulary,Derbyshire Constabulary,-1.333084,53.101777,On or near Beech Grove,E01019515,Bolsover 009C,Public order,Status update unavailable,
c60916334ea9154874f801b9a9805c5b31dffa4294a8ab0b8b8d177a6e170154,2021-06,Derbyshire Constabulary,Derbyshire Constabulary,-1.335350,53.103992,On or near Parking Area,E01019515,Bolsover 009C,Vehicle crime,Unable to prosecute suspect,
4f38d6056d68d2810c700f58ff2eee58fb59e4a5c26b3a8fc0c5170a481df7fe,2021-06,Derbyshire Constabulary,Derbyshire Constabulary,-1.330720,53.106869,On or near Thornhill Drive,E01019515,Bolsover 009C,Vehicle crime,Status update unavailable,
e546d25daf0f4e50e7ae73d51a9d077341d4d0639a2445d52c1e8bcbe1cf036a,2021-06,Derbyshire Constabulary,Derbyshire Constabulary,-1.336030,53.101524,On or near Parking Area,E01019515,Bolsover 009C,Vehicle crime,Unable to prosecute suspect,
fa71212a5ca8604ff31ba11b4f11dac7ede181b8c760854ae0d5ab832241d48b,2021-06,Derbyshire Constabulary,Derbyshire Constabulary,-1.333723,53.107740,On or near Hollyhouse Drive,E01019515,Bolsover 009C,Vehicle crime,Unable to prosecute suspect,
0f2858aec0eec20e307cf1396358eadec7a0e787a46fa304fc93394559379af5,2021-06,Derbyshire Constabulary,Derbyshire Constabulary,-1.332390,53.106043,On or near Water Lane,E01019515,Bolsover 009C,Violence and sexual offences,Unable to prosecute suspect,
98b2376fa5616c285495b71b3cf6cf156b129d69174cae1d2861bd6bea78c522,2021-06,Derbyshire Constabulary,Derbyshire Constabulary,-1.336193,53.102594,On or near Central Avenue,E01019515,Bolsover 009C,Violence and sexual offences,Offender given a caution,
b05b925eab2c3ae6ef5566a06744f9bfd3813907490c891d38ed1d217e4bfaa3,2021-06,Derbyshire Constabulary,Derbyshire Constabulary,-1.334251,53.104561,On or near Sports/Recreation Area,E01019515,Bolsover 009C,Violence and sexual offences,Unable to prosecute suspect,
82ad9bdae4606dadabce03af996d2f3096b32b763ae9096bba3a45ef5db9dd69,2021-06,Derbyshire Constabulary,Derbyshire Constabulary,-1.332630,53.103123,On or near Highfield Drive,E01019515,Bolsover 009C,Violence and sexual offences,Unable to prosecute suspect,
4441f5ec31e992bfde7f8ec2a8753f359ecd5a01d2d338f71ae1eb45b5e7ed12,2021-06,Derbyshire Constabulary,Derbyshire Constabulary,-1.332630,53.103123,On or near Highfield Drive,E01019515,Bolsover 009C,Violence and sexual offences,Unable to prosecute suspect,
5d61bf181f63fc2d89f24a500ac89991c77ab3b513a6c45d9744df440684741c,2021-06,Derbyshire Constabulary,Derbyshire Constabulary,-1.332630,53.103123,On or near Highfield Drive,E01019515,Bolsover 009C,Violence and sexual offences,Unable to prosecute suspect,
4da50f224729fe5359c9a858d3cec639a78e032c7b04475c4ece4cf0cb6965d4,2021-06,Derbyshire Constabulary,Derbyshire Constabulary,-1.332630,53.103123,On or near Highfield Drive,E01019515,Bolsover 009C,Violence and sexual offences,Unable to prosecute suspect,
,2021-06,Derbyshire Constabulary,Derbyshire Constabulary,-1.342673,53.106630,On or near Parking Area,E01019516,Bolsover 009D,Anti-social behaviour,,
,2021-06,Derbyshire Constabulary,Derbyshire Constabulary,-1.342673,53.106630,On or near Parking Area,E01019516,Bolsover 009D,Anti-social behaviour,,
,2021-06,Derbyshire Constabulary,Derbyshire Constabulary,-1.344153,53.100652,On or near Petrol Station,E01019516,Bolsover 009D,Anti-social behaviour,,
,2021-06,Derbyshire Constabulary,Derbyshire Constabulary,-1.343202,53.108197,On or near Hilcote Street,E01019516,Bolsover 009D,Anti-social behaviour,,
,2021-06,Derbyshire Constabulary,Derbyshire Constabulary,-1.344153,53.100652,On or near Petrol Station,E01019516,Bolsover 009D,Anti-social behaviour,,
,2021-06,Derbyshire Constabulary,Derbyshire Constabulary,-1.344153,53.100652,On or near Petrol Station,E01019516,Bolsover 009D,Anti-social behaviour,,
,2021-06,Derbyshire Constabulary,Derbyshire Constabulary,-1.344153,53.100652,On or near Petrol Station,E01019516,Bolsover 009D,Anti-social behaviour,,
,2021-06,Derbyshire Constabulary,Derbyshire Constabulary,-1.341768,53.106257,On or near Market Close,E01019516,Bolsover 009D,Anti-social behaviour,,
da9fcc7a07c0784e992eef2d2d9053d601c2cb261d2b3e6a9bbcfdeaa663e968,2021-06,Derbyshire Constabulary,Derbyshire Constabulary,-1.348047,53.101959,On or near Pennine Drive,E01019516,Bolsover 009D,Burglary,Investigation complete; no suspect identified,
b8858730136900a28555e319bd785cb2176203548185a631da5cb6d94ce5961d,2021-06,Derbyshire Constabulary,Derbyshire Constabulary,-1.344688,53.101805,On or near Queen Street,E01019516,Bolsover 009D,Burglary,Investigation complete; no suspect identified,
01f93130cbb09501fea7cd6c315ad445b02f396c4c539a0d98866252a858d29d,2021-06,Derbyshire Constabulary,Derbyshire Constabulary,-1.341939,53.104828,On or near Brickyard Lane,E01019516,Bolsover 009D,Criminal damage and arson,Investigation complete; no suspect identified,
566eda306e14bf8a0591ae1c96ad5b59a23115064099dd019202bc06eb6f6cf8,2021-06,Derbyshire Constabulary,Derbyshire Constabulary,-1.344620,53.102353,On or near King Street,E01019516,Bolsover 009D,Criminal damage and arson,Investigation complete; no suspect identified,
eb0f967ba20d24deb768e8fb25e4f6faca69ddc539447a170d89553dc6fbd7da,2021-06,Derbyshire Constabulary,Derbyshire Constabulary,-1.345176,53.103120,On or near North Close,E01019516,Bolsover 009D,Other theft,Unable to prosecute suspect,
16e13804877957bd4ba3fec13a8da676f4e267227ab58f40b0d9418115552a4f,2021-06,Derbyshire Constabulary,Derbyshire Constabulary,-1.341939,53.104828,On or near Brickyard Lane,E01019516,Bolsover 009D,Public order,Investigation complete; no suspect identified,
ab1e9911323f11d7726bb7055d0d530e46ca898c715e2ab5fb391399c554dfe7,2021-06,Derbyshire Constabulary,Derbyshire Constabulary,-1.344153,53.100652,On or near Petrol Station,E01019516,Bolsover 009D,Public order,Local resolution,
70b14f23da8633e7bac35a7165db6c2c568a66c4001995ba5384ee41f180ab85,2021-06,Derbyshire Constabulary,Derbyshire Constabulary,-1.339574,53.104186,On or near Lansbury Drive,E01019516,Bolsover 009D,Public order,Unable to prosecute suspect,
c92532894b74b61e434732f4a98b93773afddbcce4e3ec70f27cd96e6d8ea43d,2021-06,Derbyshire Constabulary,Derbyshire Constabulary,-1.341754,53.107183,On or near High Street,E01019516,Bolsover 009D,Public order,Investigation complete; no suspect identified,
39e74e13e14423c24b54c09351f7d4865c65c219dc679a1aa5a18d31a363a0a8,2021-06,Derbyshire Constabulary,Derbyshire Constabulary,-1.339267,53.101784,On or near Glebe Close,E01019516,Bolsover 009D,Public order,Status update unavailable,
86942f3cdf86a310bff35463148cb19ecafe425fe5cceda1f0de7cad10eb73f5,2021-06,Derbyshire Constabulary,Derbyshire Constabulary,-1.344153,53.100652,On or near Petrol Station,E01019516,Bolsover 009D,Public order,Unable to prosecute suspect,
1be1106ce371de7badfbb8b6b44a4ae2255a9368ede0351303c55775e4900c05,2021-06,Derbyshire Constabulary,Derbyshire Constabulary,-1.342673,53.106630,On or near Parking Area,E01019516,Bolsover 009D,Shoplifting,Awaiting court outcome,
6fb6fe806fac9a08af543d5a5496c2ecc517c05fce3d2f4dca96888c4a46c63f,2021-06,Derbyshire Constabulary,Derbyshire Constabulary,-1.341768,53.106257,On or near Market Close,E01019516,Bolsover 009D,Shoplifting,Awaiting court outcome,
13522fcd615bc29b415b417f5f5bae60e9b5b06e1a34aedddc6361d58803d1e5,2021-06,Derbyshire Constabulary,Derbyshire Constabulary,-1.341768,53.106257,On or near Market Close,E01019516,Bolsover 009D,Shoplifting,Awaiting court outcome,
def56b094fe0807b432a58aace00d988b2ec45b25b6110cb44d0bcbc36b606b2,2021-06,Derbyshire Constabulary,Derbyshire Constabulary,-1.342673,53.106630,On or near Parking Area,E01019516,Bolsover 009D,Shoplifting,Unable to prosecute suspect,
cbb9ca052ceb1ecfeb155a1c2c4f118b7db15ea1e22e6d99f3d9a755e345afd2,2021-06,Derbyshire Constabulary,Derbyshire Constabulary,-1.342304,53.106350,On or near Market Place,E01019516,Bolsover 009D,Shoplifting,Unable to prosecute suspect,
b5a77026b493e628f0072da7a3e23ef92fa202a63da35114d861f19bab011cb1,2021-06,Derbyshire Constabulary,Derbyshire Constabulary,-1.342673,53.106630,On or near Parking Area,E01019516,Bolsover 009D,Shoplifting,Awaiting court outcome,
f495a6163040dd4993c46cfd35b06acc8d707a3b3c04be3a8ba461684cde436b,2021-06,Derbyshire Constabulary,Derbyshire Constabulary,-1.345645,53.101793,On or near West Street,E01019516,Bolsover 009D,Vehicle crime,Investigation complete; no suspect identified,
7d78cfb071da328e262b1c031e4de92aa276e2dba62037b8b74b2a5058fda3df,2021-06,Derbyshire Constabulary,Derbyshire Constabulary,-1.339574,53.104186,On or near Lansbury Drive,E01019516,Bolsover 009D,Vehicle crime,Unable to prosecute suspect,
050869d012e407a721d0afd157a6959acfaf58a0b374087e8cf5a2dfcd097060,2021-06,Derbyshire Constabulary,Derbyshire Constabulary,-1.339574,53.104186,On or near Lansbury Drive,E01019516,Bolsover 009D,Vehicle crime,Investigation complete; no suspect identified,
048dad12b9b7bf4f0f10421a6c0cfe8cacc0836538f062a600a6fdddd26abf7c,2021-06,Derbyshire Constabulary,Derbyshire Constabulary,-1.353112,53.099847,On or near Parkhouse Drive,E01019516,Bolsover 009D,Vehicle crime,Unable to prosecute suspect,
55d23e43d5316728e0148b52258595ebd5782411d044a6beff1de4028093f346,2021-06,Derbyshire Constabulary,Derbyshire Constabulary,-1.344583,53.102847,On or near North Street,E01019516,Bolsover 009D,Vehicle crime,Unable to prosecute suspect,
b09d0cde274d689a69803c35ae282846ea9cf64f6beae0a7b569bd73c9099659,2021-06,Derbyshire Constabulary,Derbyshire Constabulary,-1.347332,53.101802,On or near Monsal Drive,E01019516,Bolsover 009D,Vehicle crime,Unable to prosecute suspect,
89a05234726cd205c745078761b9dd5c05ef71405a87532b905c04b806a9e7ad,2021-06,Derbyshire Constabulary,Derbyshire Constabulary,-1.344583,53.102847,On or near North Street,E01019516,Bolsover 009D,Vehicle crime,Unable to prosecute suspect,
c93483667ee580c4ac347107fb94c2ead6cffa2a6e1556fae294ecccbb56a2a5,2021-06,Derbyshire Constabulary,Derbyshire Constabulary,-1.353112,53.099847,On or near Parkhouse Drive,E01019516,Bolsover 009D,Vehicle crime,Awaiting court outcome,
5fdcba5fc39c610a42f388e6a65ddfc95672021c61bcbb2c0f07cbb21a3d10a1,2021-06,Derbyshire Constabulary,Derbyshire Constabulary,-1.339574,53.104186,On or near Lansbury Drive,E01019516,Bolsover 009D,Vehicle crime,Investigation complete; no suspect identified,
a9807e8dd9daa6811626c67fc38d6da488d1eea6f651c6c6330841700a59dd63,2021-06,Derbyshire Constabulary,Derbyshire Constabulary,-1.344620,53.102353,On or near King Street,E01019516,Bolsover 009D,Vehicle crime,Unable to prosecute suspect,
63fc912dbcb1ad338b391c0e0bf2950a759069c97606b4a900a0ee9d21358386,2021-06,Derbyshire Constabulary,Derbyshire Constabulary,-1.339574,53.104186,On or near Lansbury Drive,E01019516,Bolsover 009D,Vehicle crime,Unable to prosecute suspect,
e9b7e31784cac58da76034e8d5f395c8763240fe97eaa4394598d3ce53ab5f2e,2021-06,Derbyshire Constabulary,Derbyshire Constabulary,-1.339574,53.104186,On or near Lansbury Drive,E01019516,Bolsover 009D,Vehicle crime,Unable to prosecute suspect,
415f0db070b90d7f88eefca9aa4d440156925fcb49274c0619bb5b2c04312a7f,2021-06,Derbyshire Constabulary,Derbyshire Constabulary,-1.345645,53.101793,On or near West Street,E01019516,Bolsover 009D,Vehicle crime,Investigation complete; no suspect identified,
f54bb5d4290e14f79eda1547a42904604941b21a77479a5f9d3feee087d8cd50,2021-06,Derbyshire Constabulary,Derbyshire Constabulary,-1.344583,53.102847,On or near North Street,E01019516,Bolsover 009D,Violence and sexual offences,Unable to prosecute suspect,
023d44bde7a7a4783f6f1982195f7a1980afcea75ba8e032777cd9df9d554679,2021-06,Derbyshire Constabulary,Derbyshire Constabulary,-1.343187,53.103307,On or near Market Street,E01019516,Bolsover 009D,Violence and sexual offences,Unable to prosecute suspect,
1398de2f85bca984e9a4c288e751352552f7d5b5428b6568fe7b436e5d02950d,2021-06,Derbyshire Constabulary,Derbyshire Constabulary,-1.344153,53.100652,On or near Petrol Station,E01019516,Bolsover 009D,Violence and sexual offences,Unable to prosecute suspect,
051f42d0c9209220a891f698a77a25fbedb4ab94e9c825b17a0fc4d4a5683539,2021-06,Derbyshire Constabulary,Derbyshire Constabulary,-1.344688,53.101805,On or near Queen Street,E01019516,Bolsover 009D,Violence and sexual offences,Unable to prosecute suspect,
95593cbded15cd4c7b1604bb7795fb96fb6f6ecc401f70138b5a5c18e90cb05d,2021-06,Derbyshire Constabulary,Derbyshire Constabulary,-1.339574,53.104186,On or near Lansbury Drive,E01019516,Bolsover 009D,Violence and sexual offences,Unable to prosecute suspect,
92a6d18f2f8acbb2b5640eb3930e06c5ab6083fdf99903ebdb887ce272a24467,2021-06,Derbyshire Constabulary,Derbyshire Constabulary,-1.341939,53.104828,On or near Brickyard Lane,E01019516,Bolsover 009D,Violence and sexual offences,Investigation complete; no suspect identified,
82b4fedaac628f313dfe683917a7bfed7036153dc67264b3a53b97749533f985,2021-06,Derbyshire Constabulary,Derbyshire Constabulary,-1.344153,53.100652,On or near Petrol Station,E01019516,Bolsover 009D,Violence and sexual offences,Local resolution,
89ff5327a1edd9f960b7b5c2f3c403eb6a6d2248747ecc39fd796f22e6abcaec,2021-06,Derbyshire Constabulary,Derbyshire Constabulary,-1.343025,53.110012,On or near Meadow Bank,E01019516,Bolsover 009D,Violence and sexual offences,Unable to prosecute suspect,
7538f0514b36bc3119e591c127b42ff9a01ddb3a3593e0dc1ff05029457ac345,2021-06,Derbyshire Constabulary,Derbyshire Constabulary,-1.344688,53.101805,On or near Queen Street,E01019516,Bolsover 009D,Violence and sexual offences,Unable to prosecute suspect,
80dc70c31487071bd6c098e01c3c51702a2678aed90627c2a67d2a6ead63160c,2021-06,Derbyshire Constabulary,Derbyshire Constabulary,-1.339574,53.104186,On or near Lansbury Drive,E01019516,Bolsover 009D,Violence and sexual offences,Unable to prosecute suspect,
ec0b5d5b8275443fea5d9639c25ec7bd9c9a4a55335e0be27b21ffdbbed8f4ed,2021-06,Derbyshire Constabulary,Derbyshire Constabulary,-1.344153,53.100652,On or near Petrol Station,E01019516,Bolsover 009D,Other crime,Unable to prosecute suspect,
cf04bb242ff943575078234e94186ef63bf4aff94054bba7367a3f36c1355a50,2021-06,Derbyshire Constabulary,Derbyshire Constabulary,-1.344153,53.100652,On or near Petrol Station,E01019516,Bolsover 009D,Other crime,Unable to prosecute suspect,
,2021-06,Derbyshire Constabulary,Derbyshire Constabulary,-1.345822,53.096975,On or near Birchwood Lane,E01019519,Bolsover 009E,Anti-social behaviour,,
,2021-06,Derbyshire Constabulary,Derbyshire Constabulary,-1.346686,53.099102,On or near Carnfield Close,E01019519,Bolsover 009E,Anti-social behaviour,,
,2021-06,Derbyshire Constabulary,Derbyshire Constabulary,-1.346884,53.100793,On or near Hawthornes Avenue,E01019519,Bolsover 009E,Anti-social behaviour,,
,2021-06,Derbyshire Constabulary,Derbyshire Constabulary,-1.346884,53.100793,On or near Hawthornes Avenue,E01019519,Bolsover 009E,Anti-social behaviour,,
7a5d0ddd89756e8b66c5fc0098fd6db902b7fc05a91c72625289d79c25f770bf,2021-06,Derbyshire Constabulary,Derbyshire Constabulary,-1.344576,53.097382,On or near Meadow Court,E01019519,Bolsover 009E,Criminal damage and arson,Unable to prosecute suspect,
2334f190802231eb16288067ce42404079ce4447202e4cc2291f5c13ad5c7767,2021-06,Derbyshire Constabulary,Derbyshire Constabulary,-1.346641,53.100108,On or near Alfred Street,E01019519,Bolsover 009E,Public order,Investigation complete; no suspect identified,
de72b634d58fe62e7014983cf444358c25f9da53295c2815bdabc20c213bf3f2,2021-06,Derbyshire Constabulary,Derbyshire Constabulary,-1.345822,53.096975,On or near Birchwood Lane,E01019519,Bolsover 009E,Vehicle crime,Unable to prosecute suspect,
f40214ef42b930f020f381a155ce8e0eee14499117b4c706fb269315b6b4145c,2021-06,Derbyshire Constabulary,Derbyshire Constabulary,-1.351311,53.099432,On or near George Street,E01019519,Bolsover 009E,Vehicle crime,Unable to prosecute suspect,
4f523898ca642c59091be03559c48968e5eedf256c921e42d9d8ade6e2388ce4,2021-06,Derbyshire Constabulary,Derbyshire Constabulary,-1.341892,53.100073,On or near Bryant Lane,E01019519,Bolsover 009E,Violence and sexual offences,Local resolution,
facb0706101fdf599925e35b82ef40b3eb12108bda5e8a4d8969f9f8bffaa997,2021-06,Derbyshire Constabulary,Derbyshire Constabulary,-1.348576,53.099561,On or near Union Street,E01019519,Bolsover 009E,Violence and sexual offences,Unable to prosecute suspect,
1668ebd6d5c074f86eeabc0a22d995c8d83018bc6e5ded552eb5439a4dbe4c0c,2021-06,Derbyshire Constabulary,Derbyshire Constabulary,-1.348231,53.097690,On or near Woodfield Road,E01019519,Bolsover 009E,Violence and sexual offences,Unable to prosecute suspect,
42e09436962d82eac31a8a46df32f72bed5d3b55bf5109b87cf2f7fb98b149d2,2021-06,Derbyshire Constabulary,Derbyshire Constabulary,-1.351687,53.100270,On or near Alfreton Road,E01019519,Bolsover 009E,Violence and sexual offences,Unable to prosecute suspect,
1d119edd4291b8fbf5601daabc3738e0bd5c20a98075fc722c08434349ba2a41,2021-06,Derbyshire Constabulary,Derbyshire Constabulary,-1.348231,53.097690,On or near Woodfield Road,E01019519,Bolsover 009E,Violence and sexual offences,Unable to prosecute suspect,
2ee126dee2609ec8fa00d6186aaa8a71174ad93dec84032323f70a3ee021a20b,2021-06,Derbyshire Constabulary,Derbyshire Constabulary,-1.348576,53.099561,On or near Union Street,E01019519,Bolsover 009E,Violence and sexual offences,Unable to prosecute suspect,
855f10037bc6305723555e61d049d80fbdcfd769d012cad8b5c390d31f8b4811,2021-06,Derbyshire Constabulary,Derbyshire Constabulary,-1.346641,53.100108,On or near Alfred Street,E01019519,Bolsover 009E,Other crime,Unable to prosecute suspect,
,2021-06,Derbyshire Constabulary,Derbyshire Constabulary,-1.324427,53.086123,On or near Sleights Lane,E01019499,Bolsover 010A,Anti-social behaviour,,
ca42fad1fc32e5e9aa1f443c141464eb0ad9d6d03d04aace21c4fe69c8c5ef45,2021-06,Derbyshire Constabulary,Derbyshire Constabulary,-1.322958,53.091283,On or near Oak Close,E01019499,Bolsover 010A,Burglary,Investigation complete; no suspect identified,
82e6a72dc46b4da94ae8d9903030663a0c45dec3e5d9482ccfc3e3ad17f19c08,2021-06,Derbyshire Constabulary,Derbyshire Constabulary,-1.324337,53.089017,On or near Park Lane,E01019499,Bolsover 010A,Drugs,Status update unavailable,
c9440522465be6eb1b9c046b0acbee5dcab01ac293eb1e267027a4d94be60685,2021-06,Derbyshire Constabulary,Derbyshire Constabulary,-1.322304,53.088232,On or near Park Close,E01019499,Bolsover 010A,Public order,Investigation complete; no suspect identified,
03a20ac4963b2a27017ad3047d99e7c02f93ce62012b0d99d945a873b19351d0,2021-06,Derbyshire Constabulary,Derbyshire Constabulary,-1.319457,53.089780,On or near Ash Close,E01019499,Bolsover 010A,Public order,Unable to prosecute suspect,
b62658cbfa2c4898f2fd25229232218ebf54cc9ea5e28f24e23db90295857e07,2021-06,Derbyshire Constabulary,Derbyshire Constabulary,-1.319457,53.089780,On or near Ash Close,E01019499,Bolsover 010A,Public order,Unable to prosecute suspect,
5b40a27fc82c86ee6e526d25925e5feae37b44048c82bcfba3b74f76ddfc78e2,2021-06,Derbyshire Constabulary,Derbyshire Constabulary,-1.324427,53.086123,On or near Sleights Lane,E01019499,Bolsover 010A,Vehicle crime,Unable to prosecute suspect,
3ba831071abefd883657aa7b62b08db205d5bd6e92d4e3406f962f6065e2ed6f,2021-06,Derbyshire Constabulary,Derbyshire Constabulary,-1.324141,53.087209,On or near Talbot Street,E01019499,Bolsover 010A,Vehicle crime,Unable to prosecute suspect,
7596575863557e3a9ce72afc03dd65d911084223b07e4cb47d1e9cb8cc615038,2021-06,Derbyshire Constabulary,Derbyshire Constabulary,-1.324141,53.087209,On or near Talbot Street,E01019499,Bolsover 010A,Vehicle crime,Unable to prosecute suspect,
4a2483dad0242be0b6e56ae577ce7bee2102e8627bd1a6ce67f7fa4c1f50a814,2021-06,Derbyshire Constabulary,Derbyshire Constabulary,-1.348982,53.089496,On or near Grange Close,E01019499,Bolsover 010A,Vehicle crime,Investigation complete; no suspect identified,
0ee8ec7471f267303b18e7a4cb7ea1da3637d735aca811d91628dd33c22333dc,2021-06,Derbyshire Constabulary,Derbyshire Constabulary,-1.324141,53.087209,On or near Talbot Street,E01019499,Bolsover 010A,Violence and sexual offences,Unable to prosecute suspect,
c7d4b2644879b7af13caa5fb69a17da59303eeef7bc78979dd81f7f05dedff1f,2021-06,Derbyshire Constabulary,Derbyshire Constabulary,-1.319457,53.089780,On or near Ash Close,E01019499,Bolsover 010A,Violence and sexual offences,Unable to prosecute suspect,
8e883f8a9ffd9a73ac8a857a1bddf3bc8660f694c699177bff78ffd9d64f93a7,2021-06,Derbyshire Constabulary,Derbyshire Constabulary,-1.322109,53.086397,On or near Mill Lane,E01019499,Bolsover 010A,Violence and sexual offences,Awaiting court outcome,
6037f83a288d533e31790b822203b84a2854bb001287b5efd0c8bb6fd8d4c761,2021-06,Derbyshire Constabulary,Derbyshire Constabulary,-1.319457,53.089780,On or near Ash Close,E01019499,Bolsover 010A,Violence and sexual offences,Investigation complete; no suspect identified,
89ebf10320fb3dd6cacdb9f5f6e8526554f4dd66e0b6c1f007d2ebc368541a5e,2021-06,Derbyshire Constabulary,Derbyshire Constabulary,-1.319457,53.089780,On or near Ash Close,E01019499,Bolsover 010A,Violence and sexual offences,Unable to prosecute suspect,
650839054cc6081b1818668da982515541583ca96172065f5ef366c84aeacb2f,2021-06,Derbyshire Constabulary,Derbyshire Constabulary,-1.324141,53.087209,On or near Talbot Street,E01019499,Bolsover 010A,Violence and sexual offences,Awaiting court outcome,
90fe0bdf8a895d4f9387fcbfcc05ee82d5ac5203ba99b58227f32f02b8fe0c59,2021-06,Derbyshire Constabulary,Derbyshire Constabulary,-1.324427,53.086123,On or near Sleights Lane,E01019499,Bolsover 010A,Violence and sexual offences,Investigation complete; no suspect identified,
f2e6246403c798ade89ca0ce18007311aaa0dd6564de474b2427ef2b2a08c654,2021-06,Derbyshire Constabulary,Derbyshire Constabulary,-1.321405,53.091256,On or near Lime Close,E01019499,Bolsover 010A,Other crime,Unable to prosecute suspect,
,2021-06,Derbyshire Constabulary,Derbyshire Constabulary,-1.317684,53.089545,On or near Supermarket,E01019500,Bolsover 010B,Anti-social behaviour,,
,2021-06,Derbyshire Constabulary,Derbyshire Constabulary,-1.306531,53.087647,On or near Guildhall Drive,E01019500,Bolsover 010B,Anti-social behaviour,,
,2021-06,Derbyshire Constabulary,Derbyshire Constabulary,-1.320550,53.091494,On or near Hawthorne Road,E01019500,Bolsover 010B,Anti-social behaviour,,
9890ddff3691da919d1ddd2a7acfe1166a5251c8477b6866e06dcaaf625cae5d,2021-06,Derbyshire Constabulary,Derbyshire Constabulary,-1.316627,53.091274,On or near Petrol Station,E01019500,Bolsover 010B,Criminal damage and arson,Unable to prosecute suspect,
81cb363fa44118f84192d9a830c99708acb8fb4b74c662976b13e311fef52466,2021-06,Derbyshire Constabulary,Derbyshire Constabulary,-1.320550,53.091494,On or near Hawthorne Road,E01019500,Bolsover 010B,Criminal damage and arson,Investigation complete; no suspect identified,
144857f6f35713624869bec9ce997ed602955350bc429731ae281d86c4cc2b3e,2021-06,Derbyshire Constabulary,Derbyshire Constabulary,-1.317169,53.090963,On or near Wilson Street,E01019500,Bolsover 010B,Drugs,Investigation complete; no suspect identified,
b559b56e655f70eca6a885b65ab8fb00672ccaea0f0b6e0917e427452f969aed,2021-06,Derbyshire Constabulary,Derbyshire Constabulary,-1.314321,53.094443,On or near Town Street,E01019500,Bolsover 010B,Other theft,Offender given a caution,
6cbd454109b9cbf5ffe1b4a21c7caa1a837711a4345772d07bf86ccb2695d19d,2021-06,Derbyshire Constabulary,Derbyshire Constabulary,-1.311732,53.091992,On or near Beech Avenue,E01019500,Bolsover 010B,Public order,Unable to prosecute suspect,
b04bdcf4ea23781f19b679a1ce6c3e966d12004a1af06ecf9ccff436c78307b7,2021-06,Derbyshire Constabulary,Derbyshire Constabulary,-1.317684,53.089545,On or near Supermarket,E01019500,Bolsover 010B,Shoplifting,Unable to prosecute suspect,
8a9b144aecafadef2e43f49ffefcfda3a34256f9b8e96b9cf5e4034ce3b923af,2021-06,Derbyshire Constabulary,Derbyshire Constabulary,-1.317684,53.089545,On or near Supermarket,E01019500,Bolsover 010B,Shoplifting,Investigation complete; no suspect identified,
3ced5a4fa063c71e6d0f59422976b27a300272e0214ee28a735f5414fa65b95a,2021-06,Derbyshire Constabulary,Derbyshire Constabulary,-1.317684,53.089545,On or near Supermarket,E01019500,Bolsover 010B,Shoplifting,Investigation complete; no suspect identified,
f2edafd2b21dc2dce1cc2a30d49e744ed953876ad1a78b4186eb6b31e324f689,2021-06,Derbyshire Constabulary,Derbyshire Constabulary,-1.321245,53.091948,On or near Sycamore Close,E01019500,Bolsover 010B,Vehicle crime,Unable to prosecute suspect,
05beb9b5d421fa705765188d0329f4b9c057b298bcd36235c2218a8bd0567bb4,2021-06,Derbyshire Constabulary,Derbyshire Constabulary,-1.320550,53.091494,On or near Hawthorne Road,E01019500,Bolsover 010B,Violence and sexual offences,Unable to prosecute suspect,
c3f4a8e86059f19d8301113d6b8fe4168b4b12bcaa443e3e511ea059a4f9aa0a,2021-06,Derbyshire Constabulary,Derbyshire Constabulary,-1.316627,53.091274,On or near Petrol Station,E01019500,Bolsover 010B,Violence and sexual offences,Status update unavailable,
a35e597a378e03cc0c8704c553a3425d661c679b230e078248484eb73853b83a,2021-06,Derbyshire Constabulary,Derbyshire Constabulary,-1.318621,53.089784,On or near Pool Close,E01019500,Bolsover 010B,Violence and sexual offences,Offender given a caution,
7259c682a570fd68afc823f5636e09552385747a3e035c609027f5e442480e58,2021-06,Derbyshire Constabulary,Derbyshire Constabulary,-1.314422,53.095648,On or near Woodfield Road,E01019500,Bolsover 010B,Violence and sexual offences,Unable to prosecute suspect,
483bf8bbab934dba806bb769ac4667a2a402fe9a4bd42728983784aea0b66a53,2021-06,Derbyshire Constabulary,Derbyshire Constabulary,-1.323842,53.094857,On or near St Helens Avenue,E01019501,Bolsover 010C,Burglary,Investigation complete; no suspect identified,
f3aa1ce42f823cc1b0dce1ac823b17c2874b8d998b8b410843b846bb8ed7bcb6,2021-06,Derbyshire Constabulary,Derbyshire Constabulary,-1.323713,53.099279,On or near Paddocks Close,E01019501,Bolsover 010C,Criminal damage and arson,Investigation complete; no suspect identified,
8f9bf499fb5992c35b15edf9b37d3c747c3e3ea6be6e3e854ea1cc6d87e81d84,2021-06,Derbyshire Constabulary,Derbyshire Constabulary,-1.323713,53.099279,On or near Paddocks Close,E01019501,Bolsover 010C,Criminal damage and arson,Investigation complete; no suspect identified,
a6d1b37df8cf71eb8c030f75c7c06a66ace92406aec228cbc712eb394ece8dfd,2021-06,Derbyshire Constabulary,Derbyshire Constabulary,-1.316754,53.096444,On or near Brookhill Avenue,E01019501,Bolsover 010C,Public order,Unable to prosecute suspect,
c8d311eb5d5de482d3b394037634cf4c469746c7d316de154e8575af77477a89,2021-06,Derbyshire Constabulary,Derbyshire Constabulary,-1.320900,53.095829,On or near Alfreton Road,E01019501,Bolsover 010C,Public order,Status update unavailable,
4bb1d649df22fe259f54409654c10235642b27fa6389b02f47d31903c989b37b,2021-06,Derbyshire Constabulary,Derbyshire Constabulary,-1.323713,53.099279,On or near Paddocks Close,E01019501,Bolsover 010C,Public order,Unable to prosecute suspect,
3324b6ae85589cbcf727d656ccd8eb14346f2cad540bf6979da918366e8fd7fa,2021-06,Derbyshire Constabulary,Derbyshire Constabulary,-1.319281,53.094310,On or near Arthur Street,E01019501,Bolsover 010C,Vehicle crime,Investigation complete; no suspect identified,
9eeb05d6df20bdd40e1a57cfe2fa249fa50fed41110eba0128ed396361c76a71,2021-06,Derbyshire Constabulary,Derbyshire Constabulary,-1.323163,53.092453,On or near Queen Street,E01019501,Bolsover 010C,Violence and sexual offences,Unable to prosecute suspect,
d922ee7fb6758d971984aaf574dc97d396cea07abf1b1bdbe0489804d0d3a012,2021-06,Derbyshire Constabulary,Derbyshire Constabulary,-1.320900,53.095829,On or near Alfreton Road,E01019501,Bolsover 010C,Violence and sexual offences,Unable to prosecute suspect,
,2021-06,Derbyshire Constabulary,Derbyshire Constabulary,-1.323254,53.105722,On or near Pendine Close,E01019513,Bolsover 010D,Anti-social behaviour,,
,2021-06,Derbyshire Constabulary,Derbyshire Constabulary,-1.323605,53.106173,On or near Turnley Road,E01019513,Bolsover 010D,Anti-social behaviour,,
,2021-06,Derbyshire Constabulary,Derbyshire Constabulary,-1.323092,53.104579,On or near Hardwick Court,E01019513,Bolsover 010D,Anti-social behaviour,,
d2facc670dedb5011916f28db05db4f4d670d125f6a9e38725c85c92195b08ad,2021-06,Derbyshire Constabulary,Derbyshire Constabulary,-1.318375,53.107285,On or near Maisies Way,E01019513,Bolsover 010D,Other theft,Investigation complete; no suspect identified,
dd39d543b11fbc41e56944bd940d3685c928322dead9f4336e83abf064987aa2,2021-06,Derbyshire Constabulary,Derbyshire Constabulary,-1.328418,53.107926,On or near M1,E01019513,Bolsover 010D,Public order,Investigation complete; no suspect identified,
f32e57d95f50e9f3cc4d1cae1f983d7f58bbd556980e11ecafdcab76fcdc276e,2021-06,Derbyshire Constabulary,Derbyshire Constabulary,-1.318375,53.107285,On or near Maisies Way,E01019513,Bolsover 010D,Public order,Investigation complete; no suspect identified,
5f13d19eaf6cd444baab6c14e4f67c6e547c0d7648a5d989b8b71f3c21cacaf1,2021-06,Derbyshire Constabulary,Derbyshire Constabulary,-1.318375,53.107285,On or near Maisies Way,E01019513,Bolsover 010D,Shoplifting,Investigation complete; no suspect identified,
e88d4a9b0bc7ab44833ba29b923480a8b950c232c7b1f2bbbcf32ed10173394d,2021-06,Derbyshire Constabulary,Derbyshire Constabulary,-1.331249,53.104481,On or near Corn Close,E01019513,Bolsover 010D,Vehicle crime,Unable to prosecute suspect,
01c8ee6893dff27515f22dd059652c91238597ebddcec6d9225b4ab496677c33,2021-06,Derbyshire Constabulary,Derbyshire Constabulary,-1.321129,53.103094,On or near Parking Area,E01019513,Bolsover 010D,Violence and sexual offences,Unable to prosecute suspect,
b235ce30e3f39d127f820a2b8a5a38cc0066aaf4170169f6aefe257199aba781,2021-06,Derbyshire Constabulary,Derbyshire Constabulary,-1.318375,53.107285,On or near Maisies Way,E01019513,Bolsover 010D,Violence and sexual offences,Awaiting court outcome,
59502d16150412a9a79fa7849a0e18af9f344267dc1b69f0c10f16bc5706cdc4,2021-06,Derbyshire Constabulary,Derbyshire Constabulary,-1.321129,53.103094,On or near Parking Area,E01019513,Bolsover 010D,Violence and sexual offences,Unable to prosecute suspect,
cc96982fa037b9feaa46c7e9c2aef7396b76563e90ea6e2f4e5731b8ecdb816c,2021-06,Derbyshire Constabulary,Derbyshire Constabulary,-1.320248,53.104068,On or near Alfreton Road,E01019513,Bolsover 010D,Violence and sexual offences,Status update unavailable,
,2021-06,Derbyshire Constabulary,Derbyshire Constabulary,-1.336014,53.100643,On or near Mansfield Road,E01019517,Bolsover 010E,Anti-social behaviour,,
,2021-06,Derbyshire Constabulary,Derbyshire Constabulary,-1.336014,53.100643,On or near Mansfield Road,E01019517,Bolsover 010E,Anti-social behaviour,,
,2021-06,Derbyshire Constabulary,Derbyshire Constabulary,-1.328754,53.100710,On or near Pinxton Lane,E01019517,Bolsover 010E,Anti-social behaviour,,
,2021-06,Derbyshire Constabulary,Derbyshire Constabulary,-1.336014,53.100643,On or near Mansfield Road,E01019517,Bolsover 010E,Anti-social behaviour,,
0be54c72a18fd89d64378da779db0b7e2c5dd5446432ada5ba5cd76d1c15d8f9,2021-06,Derbyshire Constabulary,Derbyshire Constabulary,-1.333912,53.099399,On or near Maple Close,E01019517,Bolsover 010E,Drugs,Further investigation is not in the public interest,
c179ed18ac91e6b8b42b6cece00dd441b420fb2dd0cb4f459d7109651d396ec0,2021-06,Derbyshire Constabulary,Derbyshire Constabulary,-1.336014,53.100643,On or near Mansfield Road,E01019517,Bolsover 010E,Vehicle crime,Unable to prosecute suspect,
dfac485c58bf1aa9c291733c48de4d2a82b62b422a8a9f8980bf281c479c729b,2021-06,Derbyshire Constabulary,Derbyshire Constabulary,-1.334561,53.099897,On or near Willow Close,E01019517,Bolsover 010E,Vehicle crime,Unable to prosecute suspect,
081c0c249a6d0cd0ad43e08563ec7e014980a6c14ffb8cbcbaac99bffa36c05e,2021-06,Derbyshire Constabulary,Derbyshire Constabulary,-1.337461,53.101711,On or near Lime Grove,E01019517,Bolsover 010E,Vehicle crime,Investigation complete; no suspect identified,
c269cd9f57b0f2b86905d1d092665065fa0169817066d13d729ccda5c79828dc,2021-06,Derbyshire Constabulary,Derbyshire Constabulary,-1.333291,53.097095,On or near Slade Close,E01019517,Bolsover 010E,Violence and sexual offences,Unable to prosecute suspect,
6978618f67d4eba319063bff4071567aab00b8668db9525727f9306ecebc7991,2021-06,Derbyshire Constabulary,Derbyshire Constabulary,-1.336014,53.100643,On or near Mansfield Road,E01019517,Bolsover 010E,Violence and sexual offences,Unable to prosecute suspect,
,2021-06,Derbyshire Constabulary,Derbyshire Constabulary,-1.336118,53.098684,On or near Chestnut Drive,E01019518,Bolsover 010F,Anti-social behaviour,,
,2021-06,Derbyshire Constabulary,Derbyshire Constabulary,-1.333668,53.096836,On or near Gordon Crescent,E01019518,Bolsover 010F,Anti-social behaviour,,
,2021-06,Derbyshire Constabulary,Derbyshire Constabulary,-1.336118,53.098684,On or near Chestnut Drive,E01019518,Bolsover 010F,Anti-social behaviour,,
d837b81f1c3cd97887584544c8abd42ad2febd721556b4666a8f3817c5e5073a,2021-06,Derbyshire Constabulary,Derbyshire Constabulary,-1.339575,53.097247,On or near The Grange,E01019518,Bolsover 010F,Other theft,Investigation complete; no suspect identified,
b5352cd49f540aa1f846dd25f9b2fdc705ad6d0762340a986e38db630f6c097d,2021-06,Derbyshire Constabulary,Derbyshire Constabulary,-1.350362,53.097971,On or near Buntingbank Close,E01019518,Bolsover 010F,Public order,Unable to prosecute suspect,
a89f1d9d371513bcf2dec05780627f3acea187220b270fb1ab84028eaf750aab,2021-06,Derbyshire Constabulary,Derbyshire Constabulary,-1.336118,53.098684,On or near Chestnut Drive,E01019518,Bolsover 010F,Public order,Unable to prosecute suspect,
2248936fa5f4072e0097e3fa42d7f2b6c370f9a6dc1e8715548a0a7672a38a06,2021-06,Derbyshire Constabulary,Derbyshire Constabulary,-1.348174,53.096521,On or near Rangewood Road,E01019518,Bolsover 010F,Vehicle crime,Investigation complete; no suspect identified,
c1f14435ef4857bde1ebb214d11346e347fd4d5b2eb8a23aef5c2235fd5812f2,2021-06,Derbyshire Constabulary,Derbyshire Constabulary,-1.336118,53.098684,On or near Chestnut Drive,E01019518,Bolsover 010F,Violence and sexual offences,Unable to prosecute suspect,
f0503f1e521e6790917899fc1fa6626950738f87d63b87aeecbee1549de884dd,2021-06,Derbyshire Constabulary,Derbyshire Constabulary,-1.333668,53.096836,On or near Gordon Crescent,E01019518,Bolsover 010F,Violence and sexual offences,Unable to prosecute suspect,
54e10916e19a3b081be9293e31993db2deef6c5c7eeaa37b8c457795a9366e57,2021-06,Derbyshire Constabulary,Derbyshire Constabulary,-1.336118,53.098684,On or near Chestnut Drive,E01019518,Bolsover 010F,Violence and sexual offences,Unable to prosecute suspect,
8810fdf42d04b5a885907c26a8ca8590865eaed9a9c683283207ecf436113595,2021-06,Derbyshire Constabulary,Derbyshire Constabulary,-1.333668,53.096836,On or near Gordon Crescent,E01019518,Bolsover 010F,Violence and sexual offences,Local resolution,
56464ce6ad94b9054cabed5d4ab3353e602672f241dcfd85df411355205eb5af,2021-06,Derbyshire Constabulary,Derbyshire Constabulary,-1.336118,53.098684,On or near Chestnut Drive,E01019518,Bolsover 010F,Violence and sexual offences,Unable to prosecute suspect,
8fabdb3cdaeb7d4b038c0f7ea89e2349dc8a8ce948586437aaf27a852cf581a6,2021-06,Derbyshire Constabulary,Derbyshire Constabulary,-1.336118,53.098684,On or near Chestnut Drive,E01019518,Bolsover 010F,Violence and sexual offences,Status update unavailable,
d8dfe44c400b37144fce1896e0307f22e3963da75a317c2d8a92df6cab65cbc8,2021-06,Derbyshire Constabulary,Derbyshire Constabulary,-2.563294,53.593366,On or near Brightwater,E01004779,Bolton 007A,Violence and sexual offences,Status update unavailable,
f8bfa2f57d27587eb38f0890ffe4a983adc7908bb19068da53efbe1a47d73999,2021-06,Derbyshire Constabulary,Derbyshire Constabulary,-2.427854,53.562737,On or near Back Rishton Lane East,E01004815,Bolton 022D,Violence and sexual offences,Status update unavailable,
c4caa349510c3c66dc4255364ba50d151470b61902d46ca1b7084227cf3b1c0d,2021-06,Derbyshire Constabulary,Derbyshire Constabulary,-2.649445,51.484023,On or near Riverleaze,E01014643,Bristol 007C,Violence and sexual offences,Status update unavailable,
102473debe58965f8fb27060a33d4a784c100a0c84c5e0821ad582acd17437eb,2021-06,Derbyshire Constabulary,Derbyshire Constabulary,-2.649445,51.484023,On or near Riverleaze,E01014643,Bristol 007C,Violence and sexual offences,Status update unavailable,
,2021-06,Derbyshire Constabulary,Derbyshire Constabulary,-1.290154,53.002125,On or near Pedestrian Subway,E01028115,Broxtowe 003B,Anti-social behaviour,,
40613d9d218538066db2d4f9645bfd8afc78f2f9d6422ca75484cedc6002937c,2021-06,Derbyshire Constabulary,Derbyshire Constabulary,-1.274494,52.933567,On or near Manor Avenue,E01028126,Broxtowe 008B,Violence and sexual offences,Unable to prosecute suspect,
,2021-06,Derbyshire Constabulary,Derbyshire Constabulary,-1.271024,52.941727,On or near The Crescent,E01028127,Broxtowe 008C,Anti-social behaviour,,
37d8222e3a31533853a94b3c966b1d86995c1527f4c82ea1ab5707356b8a6f5b,2021-06,Derbyshire Constabulary,Derbyshire Constabulary,-1.233844,52.910137,On or near Clarence Road,E01028069,Broxtowe 014A,Drugs,Status update unavailable,
5a86d3752a829e131aa9a45f707387c49ddf645287b3f893a6819bc120c5cc3c,2021-06,Derbyshire Constabulary,Derbyshire Constabulary,-1.233844,52.910137,On or near Clarence Road,E01028069,Broxtowe 014A,Drugs,Status update unavailable,
2b52f385088c07e37a4caa5346f25b15d741daccd0aa214c796f73b93bae539c,2021-06,Derbyshire Constabulary,Derbyshire Constabulary,-1.239782,52.902202,On or near Barton Lane,E01028070,Broxtowe 014B,Violence and sexual offences,Status update unavailable,
,2021-06,Derbyshire Constabulary,Derbyshire Constabulary,-1.254942,52.904195,On or near Sports/Recreation Area,E01028138,Broxtowe 015D,Anti-social behaviour,,
,2021-06,Derbyshire Constabulary,Derbyshire Constabulary,-1.254942,52.904195,On or near Sports/Recreation Area,E01028138,Broxtowe 015D,Anti-social behaviour,,
e51c2c9389343182a976aee07091d395360d479fb430a625edcefead5a9f239b,2021-06,Derbyshire Constabulary,Derbyshire Constabulary,-1.224556,52.990560,On or near Pedestrian Subway,E01028119,Broxtowe 016C,Other crime,Status update unavailable,
160f085ed57fd6a9bc993f4d3cdc446a1abcac9dbbbee8734aa78357190af3da,2021-06,Derbyshire Constabulary,Derbyshire Constabulary,-1.287430,52.991088,On or near Tulip Road,E01033413,Broxtowe 016G,Violence and sexual offences,Status update unavailable,
6b797d7f1ebeee5d927d1eeef0c83dd24294a8cb102f09228efb1f7c175c879b,2021-06,Derbyshire Constabulary,Derbyshire Constabulary,-3.216316,51.574754,On or near East View,W01001425,Caerphilly 024D,Violence and sexual offences,Status update unavailable,
,2021-06,Derbyshire Constabulary,Derbyshire Constabulary,-1.411942,53.271599,On or near May Avenue,E01019526,Chesterfield 001A,Anti-social behaviour,,
ac1df8ffde0b92f37f75cf78e94a7a96d7bc4014324103cdf3fe6ae3243dec6b,2021-06,Derbyshire Constabulary,Derbyshire Constabulary,-1.403565,53.271207,On or near Hardwick Avenue,E01019526,Chesterfield 001A,Burglary,Investigation complete; no suspect identified,
8285dd114439b49f4874dbe63e536f9c442048ed533a3cbc147cecf2dfb2ddad,2021-06,Derbyshire Constabulary,Derbyshire Constabulary,-1.411942,53.271599,On or near May Avenue,E01019526,Chesterfield 001A,Burglary,Investigation complete; no suspect identified,
5631916e3743c52db0792d718482edfb86c5065af16a890aec8d6c4f80f82c88,2021-06,Derbyshire Constabulary,Derbyshire Constabulary,-1.411942,53.271599,On or near May Avenue,E01019526,Chesterfield 001A,Criminal damage and arson,Investigation complete; no suspect identified,
5ca553b88dd9baa134ac87cc977f86d354a4728b34a28477c74d72bc45192f47,2021-06,Derbyshire Constabulary,Derbyshire Constabulary,-1.411942,53.271599,On or near May Avenue,E01019526,Chesterfield 001A,Criminal damage and arson,Status update unavailable,
ebe6f303a4471b8bc1cec0c65f348e312ac4175b5128fde80f9b5665b705ce05,2021-06,Derbyshire Constabulary,Derbyshire Constabulary,-1.406748,53.270962,On or near Caxton Close,E01019526,Chesterfield 001A,Public order,Offender given a caution,
edf80074ae51b401688543a5b22372905a099109db03e56d1f8964413a57e798,2021-06,Derbyshire Constabulary,Derbyshire Constabulary,-1.400348,53.271793,On or near Chesterfield Avenue,E01019526,Chesterfield 001A,Violence and sexual offences,Unable to prosecute suspect,
12d18f54ddf1a860b4edd33d86f1545c7496842c6a1eed388a6a017a1a5462a5,2021-06,Derbyshire Constabulary,Derbyshire Constabulary,-1.404130,53.279102,On or near Handley Court,E01019528,Chesterfield 001B,Public order,Unable to prosecute suspect,
c416d9eb822b7e3261c1f1737e2634f61accd3800255ef5d0a915067f8d2c45a,2021-06,Derbyshire Constabulary,Derbyshire Constabulary,-1.413734,53.274341,On or near High Street,E01019528,Chesterfield 001B,Violence and sexual offences,Unable to prosecute suspect,
643a47895f2a38931a5e381ceaac5018b132fdd7cfbebd30757d1a0087eb23d3,2021-06,Derbyshire Constabulary,Derbyshire Constabulary,-1.408394,53.286368,On or near Long Lane,E01019528,Chesterfield 001B,Violence and sexual offences,Unable to prosecute suspect,
95dde018b797a7106403e13c5f49dbcf7673e6f836ab037eb2ebd2d9a46285d1,2021-06,Derbyshire Constabulary,Derbyshire Constabulary,-1.414132,53.272635,On or near Sims Croft,E01019528,Chesterfield 001B,Violence and sexual offences,Unable to prosecute suspect,
,2021-06,Derbyshire Constabulary,Derbyshire Constabulary,-1.419845,53.270433,On or near Oak Bank Avenue,E01019572,Chesterfield 001C,Anti-social behaviour,,
633daf1da4ad02bdaed3ec6277b00973ca495c67438df1ecfd121d06fe1aa928,2021-06,Derbyshire Constabulary,Derbyshire Constabulary,-1.420218,53.268359,On or near Webster Croft,E01019572,Chesterfield 001C,Criminal damage and arson,Investigation complete; no suspect identified,
fa7ce7cc549214a299e657c3977ac8243947762e97dbbe06a7552924e94fadc3,2021-06,Derbyshire Constabulary,Derbyshire Constabulary,-1.423823,53.270111,On or near High Street,E01019572,Chesterfield 001C,Criminal damage and arson,Status update unavailable,
b3fa6b64ed4e5f67b65f9019ce2fcf6c9886be1b92ae58897a4ea30d5546d1e8,2021-06,Derbyshire Constabulary,Derbyshire Constabulary,-1.420218,53.268359,On or near Webster Croft,E01019572,Chesterfield 001C,Public order,Unable to prosecute suspect,
c37e6c3daf86d6f140974955807cd020ef0501f0a98ee59f3486987821e85ac7,2021-06,Derbyshire Constabulary,Derbyshire Constabulary,-1.420218,53.268359,On or near Webster Croft,E01019572,Chesterfield 001C,Violence and sexual offences,Unable to prosecute suspect,
74a6b823bd44fbd1c6d2a3b6c67adf53d998daf6c521933944750d73333fe4e6,2021-06,Derbyshire Constabulary,Derbyshire Constabulary,-1.419845,53.270433,On or near Oak Bank Avenue,E01019572,Chesterfield 001C,Violence and sexual offences,Unable to prosecute suspect,
3f843066383f3d5488cfef7e65a9affb9b70749584a57ee43f1ea7372966b5b8,2021-06,Derbyshire Constabulary,Derbyshire Constabulary,-1.420218,53.268359,On or near Webster Croft,E01019572,Chesterfield 001C,Violence and sexual offences,Unable to prosecute suspect,
,2021-06,Derbyshire Constabulary,Derbyshire Constabulary,-1.459323,53.275392,On or near Carrwood Road,E01019573,Chesterfield 001D,Anti-social behaviour,,
,2021-06,Derbyshire Constabulary,Derbyshire Constabulary,-1.440794,53.272628,On or near Carlisle Close,E01019573,Chesterfield 001D,Anti-social behaviour,,
2ba333a824fe7dfbb969d0640a9db2dff2ea08938b27e38b61f8054a0d11e18c,2021-06,Derbyshire Constabulary,Derbyshire Constabulary,-1.425604,53.272574,On or near Church Lane North,E01019573,Chesterfield 001D,Criminal damage and arson,Investigation complete; no suspect identified,
a313aeda4d8bce15bc82c99583e3fbf8caea1f4a55e7081b1f8b6d4b1c39df61,2021-06,Derbyshire Constabulary,Derbyshire Constabulary,-1.432057,53.268856,On or near Fowler Street,E01019573,Chesterfield 001D,Other theft,Unable to prosecute suspect,
72f84976dd963a509489bb496db177a0f296d1a0081e2c45a6238f6a72942d7e,2021-06,Derbyshire Constabulary,Derbyshire Constabulary,-1.435917,53.269486,On or near William Street North,E01019573,Chesterfield 001D,Public order,Unable to prosecute suspect,
66296dcbdc947bb6461a2180903037181b5ff502e483d8e29a339304f14c9674,2021-06,Derbyshire Constabulary,Derbyshire Constabulary,-1.429283,53.267710,On or near Swanwick Street,E01019573,Chesterfield 001D,Public order,Status update unavailable,
efa1cbda3489037c99dd9fc0e2abe32c1ce0026a269caaf7b3f35955fe48fe16,2021-06,Derbyshire Constabulary,Derbyshire Constabulary,-1.429283,53.267710,On or near Swanwick Street,E01019573,Chesterfield 001D,Public order,Unable to prosecute suspect,
0cb5f248096f483afad9066ea437a7a5a4522ec1fc49bd3654385f0790827db0,2021-06,Derbyshire Constabulary,Derbyshire Constabulary,-1.439447,53.275885,On or near Mary Ann Street,E01019573,Chesterfield 001D,Vehicle crime,Investigation complete; no suspect identified,
d301430ac435aeb2911d846817677197fe4996179ceb473e155ebadde8657724,2021-06,Derbyshire Constabulary,Derbyshire Constabulary,-1.435917,53.269486,On or near William Street North,E01019573,Chesterfield 001D,Vehicle crime,Investigation complete; no suspect identified,
3348cd93f045eb60981104012d77af7a4425dce7a99dbf3457ac891a734514ea,2021-06,Derbyshire Constabulary,Derbyshire Constabulary,-1.459323,53.275392,On or near Carrwood Road,E01019573,Chesterfield 001D,Vehicle crime,Investigation complete; no suspect identified,
633b5eef750f72bfdf72d8a319a1ab7b1e180de50d99b3d64ccbda8bcdd29454,2021-06,Derbyshire Constabulary,Derbyshire Constabulary,-1.431206,53.267441,On or near Holland Road,E01019573,Chesterfield 001D,Violence and sexual offences,Awaiting court outcome,
9dc88dbe9dfe84449dd2dd6382e905ed614d621ebe1a214e50e2f6cdec7516ca,2021-06,Derbyshire Constabulary,Derbyshire Constabulary,-1.425604,53.272574,On or near Church Lane North,E01019573,Chesterfield 001D,Violence and sexual offences,Unable to prosecute suspect,
149527711da80945149545ff40a456b496467627ec8a6c5670f75ca0ce1cedd7,2021-06,Derbyshire Constabulary,Derbyshire Constabulary,-1.434573,53.269057,On or near George Street,E01019573,Chesterfield 001D,Violence and sexual offences,Unable to prosecute suspect,
83dc7137362f7aeb6d840e6b5474df90157c0e29d8c0395bae557e0e1fa338b7,2021-06,Derbyshire Constabulary,Derbyshire Constabulary,-1.429283,53.267710,On or near Swanwick Street,E01019573,Chesterfield 001D,Violence and sexual offences,Unable to prosecute suspect,
,2021-06,Derbyshire Constabulary,Derbyshire Constabulary,-1.422476,53.266608,On or near Danby Avenue,E01019574,Chesterfield 001E,Anti-social behaviour,,
,2021-06,Derbyshire Constabulary,Derbyshire Constabulary,-1.426428,53.268191,On or near Old Bakery Close,E01019574,Chesterfield 001E,Anti-social behaviour,,
,2021-06,Derbyshire Constabulary,Derbyshire Constabulary,-1.427469,53.269922,On or near Ivy Close,E01019574,Chesterfield 001E,Anti-social behaviour,,
,2021-06,Derbyshire Constabulary,Derbyshire Constabulary,-1.422476,53.266608,On or near Danby Avenue,E01019574,Chesterfield 001E,Anti-social behaviour,,
,2021-06,Derbyshire Constabulary,Derbyshire Constabulary,-1.423509,53.264456,On or near Lydford Avenue,E01019574,Chesterfield 001E,Anti-social behaviour,,
,2021-06,Derbyshire Constabulary,Derbyshire Constabulary,-1.424692,53.257872,On or near Thompson Street,E01019574,Chesterfield 001E,Anti-social behaviour,,
,2021-06,Derbyshire Constabulary,Derbyshire Constabulary,-1.423509,53.264456,On or near Lydford Avenue,E01019574,Chesterfield 001E,Anti-social behaviour,,
,2021-06,Derbyshire Constabulary,Derbyshire Constabulary,-1.427128,53.266244,On or near Whittington Hill,E01019574,Chesterfield 001E,Anti-social behaviour,,
42fd0860fcea25f8c96ec0aa6b16b2e4f68823665093f9728ce6cd3ab17106cc,2021-06,Derbyshire Constabulary,Derbyshire Constabulary,-1.426684,53.264696,On or near Newbridge Court,E01019574,Chesterfield 001E,Criminal damage and arson,Investigation complete; no suspect identified,
b70f9ee52cbfb0e911c3f51c8f386e6fe6f3bf43ee8843b9bbd3de5745716810,2021-06,Derbyshire Constabulary,Derbyshire Constabulary,-1.426428,53.268191,On or near Old Bakery Close,E01019574,Chesterfield 001E,Criminal damage and arson,Status update unavailable,
4d357f9398bea837a3c00f9f9a3c8e55a09fee17b8b03f58d58e0ec17e952b9c,2021-06,Derbyshire Constabulary,Derbyshire Constabulary,-1.427469,53.269922,On or near Ivy Close,E01019574,Chesterfield 001E,Public order,Unable to prosecute suspect,
d872876e725aa02651b5b501d097826df2057ff81672d659ad66251b60ca9db7,2021-06,Derbyshire Constabulary,Derbyshire Constabulary,-1.426428,53.268191,On or near Old Bakery Close,E01019574,Chesterfield 001E,Public order,Unable to prosecute suspect,
d0ce6285bf78cc29f66168d82464f4859e5f9fb99ed0256e85396126b8eb59be,2021-06,Derbyshire Constabulary,Derbyshire Constabulary,-1.428991,53.261453,On or near Station Road,E01019574,Chesterfield 001E,Vehicle crime,Investigation complete; no suspect identified,
8082bad38195c76791d3f14e8304ee1c8edd15d3e929a5f7f07f438d0c391218,2021-06,Derbyshire Constabulary,Derbyshire Constabulary,-1.426428,53.268191,On or near Old Bakery Close,E01019574,Chesterfield 001E,Violence and sexual offences,Status update unavailable,
250c1d719d41b1366c5ddf4e278bb4df0d2a6e6edce793748cf0a3a6b1dc6b82,2021-06,Derbyshire Constabulary,Derbyshire Constabulary,-1.421419,53.263780,On or near Newbridge Lane,E01019574,Chesterfield 001E,Violence and sexual offences,Unable to prosecute suspect,
899982e1f670f5a247f16aa2d9afbaad4bbe29c57ec4916fb6fb977a8c6a2c8a,2021-06,Derbyshire Constabulary,Derbyshire Constabulary,-1.426190,53.265763,On or near Newbridge Street,E01019574,Chesterfield 001E,Violence and sexual offences,Status update unavailable,
0e394d6e84a2413af387d6be877701f3fd14659a2a9022e2dac5c6c7308f47c1,2021-06,Derbyshire Constabulary,Derbyshire Constabulary,-1.421498,53.257920,On or near Henry Street,E01019574,Chesterfield 001E,Violence and sexual offences,Unable to prosecute suspect,
7fdc11dba1332dc8e41ccb27db63e044ffcbfe8a33bef980899c2ecc4bceb785,2021-06,Derbyshire Constabulary,Derbyshire Constabulary,-1.427469,53.269922,On or near Ivy Close,E01019574,Chesterfield 001E,Violence and sexual offences,Unable to prosecute suspect,
81f741295d693d2297b7dbe48d84feca03c2317f4c0438148705a582a795c6f3,2021-06,Derbyshire Constabulary,Derbyshire Constabulary,-1.421498,53.257920,On or near Henry Street,E01019574,Chesterfield 001E,Violence and sexual offences,Unable to prosecute suspect,
b7c716608fd7ad908cad245c2cc0d6f914e73b7b1a3099c9bc20a46c5e6c89c5,2021-06,Derbyshire Constabulary,Derbyshire Constabulary,-1.427469,53.269922,On or near Ivy Close,E01019574,Chesterfield 001E,Violence and sexual offences,Offender given a caution,
e914c3c7be3586dca9393f1ad27b55477aa99aa50f1b1a15e72c12742f51d7c9,2021-06,Derbyshire Constabulary,Derbyshire Constabulary,-1.421498,53.257920,On or near Henry Street,E01019574,Chesterfield 001E,Violence and sexual offences,Unable to prosecute suspect,
,2021-06,Derbyshire Constabulary,Derbyshire Constabulary,-1.324235,53.275503,On or near Willow Drive,E01019563,Chesterfield 002A,Anti-social behaviour,,
,2021-06,Derbyshire Constabulary,Derbyshire Constabulary,-1.324235,53.275503,On or near Willow Drive,E01019563,Chesterfield 002A,Anti-social behaviour,,
,2021-06,Derbyshire Constabulary,Derbyshire Constabulary,-1.324235,53.275503,On or near Willow Drive,E01019563,Chesterfield 002A,Anti-social behaviour,,
,2021-06,Derbyshire Constabulary,Derbyshire Constabulary,-1.324623,53.273744,On or near Derwent View,E01019563,Chesterfield 002A,Anti-social behaviour,,
,2021-06,Derbyshire Constabulary,Derbyshire Constabulary,-1.327153,53.275897,On or near Ash Grove,E01019563,Chesterfield 002A,Anti-social behaviour,,
87c4073938989a7c250ccffd6bf8cacf5d4f1272d1089171dc18258b14fbb889,2021-06,Derbyshire Constabulary,Derbyshire Constabulary,-1.329090,53.272888,On or near Carpenter Avenue,E01019563,Chesterfield 002A,Criminal damage and arson,Investigation complete; no suspect identified,
f73c66b692549697265d45baca3441c3380cab3ef2611a65af88a1f4fc5072b4,2021-06,Derbyshire Constabulary,Derbyshire Constabulary,-1.321447,53.276386,On or near Shamrock Place,E01019563,Chesterfield 002A,Criminal damage and arson,Unable to prosecute suspect,
889e9af1c516dd2ea6f9a18d727cec372198c7a4c58c99754b9ad111d2bad41f,2021-06,Derbyshire Constabulary,Derbyshire Constabulary,-1.322854,53.276574,On or near Rose Crescent,E01019563,Chesterfield 002A,Vehicle crime,Unable to prosecute suspect,
ff19e26a4daca7d3dd03234e715b2ba2dff1bc42a22c2e163782e933c0519336,2021-06,Derbyshire Constabulary,Derbyshire Constabulary,-1.322463,53.275646,On or near Edale Road,E01019563,Chesterfield 002A,Vehicle crime,Investigation complete; no suspect identified,
74a4c86b3518992aacf79d1f63c29215cad44f5906e0b7b825cc333a1a03bd61,2021-06,Derbyshire Constabulary,Derbyshire Constabulary,-1.321447,53.276386,On or near Shamrock Place,E01019563,Chesterfield 002A,Violence and sexual offences,Unable to prosecute suspect,
8a45add75bcb708b0a2225998ac5a4315ccd55f9f36ccc6ec991cfd380fd7db8,2021-06,Derbyshire Constabulary,Derbyshire Constabulary,-1.329090,53.272888,On or near Carpenter Avenue,E01019563,Chesterfield 002A,Violence and sexual offences,Unable to prosecute suspect,
9ed595f48236453fba26b0e5f34c7d5d29a2de48c754faced74817809a8c5fb7,2021-06,Derbyshire Constabulary,Derbyshire Constabulary,-1.319162,53.275807,On or near Royal Oak Court,E01019563,Chesterfield 002A,Violence and sexual offences,Unable to prosecute suspect,
f1aee2efb1de3d4cf8dec11fc35956e1bc4dea49b692d7456b00362cf9e62e96,2021-06,Derbyshire Constabulary,Derbyshire Constabulary,-1.321447,53.276386,On or near Shamrock Place,E01019563,Chesterfield 002A,Violence and sexual offences,Unable to prosecute suspect,
d29c869a9dfcea30145a247299c5e5b2ef31d34719c5b3dbbd26fca21c368e19,2021-06,Derbyshire Constabulary,Derbyshire Constabulary,-1.329090,53.272888,On or near Carpenter Avenue,E01019563,Chesterfield 002A,Violence and sexual offences,Local resolution,
8ad3e7591e9e128a48cc44b29112b485e8a373675c28bc80e2eb7af098ae6fe4,2021-06,Derbyshire Constabulary,Derbyshire Constabulary,-1.329090,53.272888,On or near Carpenter Avenue,E01019563,Chesterfield 002A,Violence and sexual offences,Unable to prosecute suspect,
f8c227ae6e9f38f904f5b44e5ac34cf9225cbef7383a9e56868fd7980642b6c8,2021-06,Derbyshire Constabulary,Derbyshire Constabulary,-1.319162,53.275807,On or near Royal Oak Court,E01019563,Chesterfield 002A,Violence and sexual offences,Unable to prosecute suspect,
95b05e6b2c4d905634684b08015af3d18315b8f72780b9be3806dc2eb8e5cfca,2021-06,Derbyshire Constabulary,Derbyshire Constabulary,-1.319162,53.275807,On or near Royal Oak Court,E01019563,Chesterfield 002A,Violence and sexual offences,Unable to prosecute suspect,
608de500e2bd4c2ecaf87de920f186d1a4893c40dd19312fe46ccaa3a49cc33a,2021-06,Derbyshire Constabulary,Derbyshire Constabulary,-1.319162,53.275807,On or near Royal Oak Court,E01019563,Chesterfield 002A,Violence and sexual offences,Unable to prosecute suspect,
ca476527ca70c2c1a2505969f58a8ecf27c07ac0e275f24f9401645274f47f8d,2021-06,Derbyshire Constabulary,Derbyshire Constabulary,-1.329090,53.272888,On or near Carpenter Avenue,E01019563,Chesterfield 002A,Violence and sexual offences,Investigation complete; no suspect identified,
cfb5f9dbc96e2aa83f13b800efd7c53ff76b3e38ff2bf39786e736fb0f89cdbd,2021-06,Derbyshire Constabulary,Derbyshire Constabulary,-1.322463,53.275646,On or near Edale Road,E01019563,Chesterfield 002A,Violence and sexual offences,Unable to prosecute suspect,
c5503dbe557e76c22f71efcbfda8ae206e0cbf089edd729cd7ca353d5b812052,2021-06,Derbyshire Constabulary,Derbyshire Constabulary,-1.319162,53.275807,On or near Royal Oak Court,E01019563,Chesterfield 002A,Violence and sexual offences,Unable to prosecute suspect,
fbd851fb41af40ba30680defbc318f040e15fcbf27000c3b074ab17685c67885,2021-06,Derbyshire Constabulary,Derbyshire Constabulary,-1.319162,53.275807,On or near Royal Oak Court,E01019563,Chesterfield 002A,Violence and sexual offences,Unable to prosecute suspect,
71aa4cba5b9add0ceaf36703f22fe76ca8bef30c322ff2ee9cfa2037f5cd73b9,2021-06,Derbyshire Constabulary,Derbyshire Constabulary,-1.329090,53.272888,On or near Carpenter Avenue,E01019563,Chesterfield 002A,Other crime,Investigation complete; no suspect identified,
,2021-06,Derbyshire Constabulary,Derbyshire Constabulary,-1.335935,53.270517,On or near Sports/Recreation Area,E01019564,Chesterfield 002B,Anti-social behaviour,,
,2021-06,Derbyshire Constabulary,Derbyshire Constabulary,-1.346870,53.271243,On or near Hayfield Close,E01019564,Chesterfield 002B,Anti-social behaviour,,
,2021-06,Derbyshire Constabulary,Derbyshire Constabulary,-1.337759,53.270833,On or near Bent Lane,E01019564,Chesterfield 002B,Anti-social behaviour,,
,2021-06,Derbyshire Constabulary,Derbyshire Constabulary,-1.337759,53.270833,On or near Bent Lane,E01019564,Chesterfield 002B,Anti-social behaviour,,
,2021-06,Derbyshire Constabulary,Derbyshire Constabulary,-1.346870,53.271243,On or near Hayfield Close,E01019564,Chesterfield 002B,Anti-social behaviour,,
,2021-06,Derbyshire Constabulary,Derbyshire Constabulary,-1.346870,53.271243,On or near Hayfield Close,E01019564,Chesterfield 002B,Anti-social behaviour,,
,2021-06,Derbyshire Constabulary,Derbyshire Constabulary,-1.335935,53.270517,On or near Sports/Recreation Area,E01019564,Chesterfield 002B,Anti-social behaviour,,
,2021-06,Derbyshire Constabulary,Derbyshire Constabulary,-1.346870,53.271243,On or near Hayfield Close,E01019564,Chesterfield 002B,Anti-social behaviour,,
62a7d91e07d2c0b6922a731e295d3edea9e7d5fef169594c0ac972dca2ce3b61,2021-06,Derbyshire Constabulary,Derbyshire Constabulary,-1.338421,53.269758,On or near Moor View Road,E01019564,Chesterfield 002B,Burglary,Investigation complete; no suspect identified,
4c70f11f364009966647983628ab55236ea1f208b304559f3f8b1978a35514bd,2021-06,Derbyshire Constabulary,Derbyshire Constabulary,-1.341650,53.269380,On or near Lowgates,E01019564,Chesterfield 002B,Burglary,Unable to prosecute suspect,
db082b0b8f8224e7457968a5ac3128a877fb381622b7f7623985e853e30bf9dc,2021-06,Derbyshire Constabulary,Derbyshire Constabulary,-1.328200,53.270375,On or near Cranleigh Road,E01019564,Chesterfield 002B,Criminal damage and arson,Investigation complete; no suspect identified,
c0c6227a2035a6bba562a9ff94b2222abbf25778d303adfc95d3342551868a04,2021-06,Derbyshire Constabulary,Derbyshire Constabulary,-1.330314,53.270351,On or near Sports/Recreation Area,E01019564,Chesterfield 002B,Criminal damage and arson,Investigation complete; no suspect identified,
1face70c70d9b9162f41942b19a0aaa0a4afca6467e05ab319658f88f653d3b6,2021-06,Derbyshire Constabulary,Derbyshire Constabulary,-1.335935,53.270517,On or near Sports/Recreation Area,E01019564,Chesterfield 002B,Other theft,Unable to prosecute suspect,
114da975ffe224c0a165f65afe97a47ebd93044553b5c2f2799a0198d342b93c,2021-06,Derbyshire Constabulary,Derbyshire Constabulary,-1.346870,53.271243,On or near Hayfield Close,E01019564,Chesterfield 002B,Public order,Status update unavailable,
912a8368cefaa70206f5c21d24cdb197e40a3b7589185f81c692c68647930dba,2021-06,Derbyshire Constabulary,Derbyshire Constabulary,-1.346870,53.271243,On or near Hayfield Close,E01019564,Chesterfield 002B,Public order,Unable to prosecute suspect,
0884699c4b62137298507273621875d3ea9a7e7ff9d6e27898cad42154bc6252,2021-06,Derbyshire Constabulary,Derbyshire Constabulary,-1.328317,53.269594,On or near Tollbridge Road,E01019564,Chesterfield 002B,Violence and sexual offences,Unable to prosecute suspect,
5a3ddb0c194377a2c07dfad26aa9e2c02b3fd2d3a2fde6ab704a0c9629984e64,2021-06,Derbyshire Constabulary,Derbyshire Constabulary,-1.346870,53.271243,On or near Hayfield Close,E01019564,Chesterfield 002B,Violence and sexual offences,Unable to prosecute suspect,
1a9d9e859989899b6d6ac048d59f0d33c62e66ad779792bf463f6ed00385a4a0,2021-06,Derbyshire Constabulary,Derbyshire Constabulary,-1.341650,53.269380,On or near Lowgates,E01019564,Chesterfield 002B,Violence and sexual offences,Unable to prosecute suspect,
a72c9ce9d5d40af7c554be59bfe5e589fdce0f37b4a8da12c5d4cacb1fccbda5,2021-06,Derbyshire Constabulary,Derbyshire Constabulary,-1.341650,53.269380,On or near Lowgates,E01019564,Chesterfield 002B,Violence and sexual offences,Unable to prosecute suspect,
8087dcddcf8d02c83c89e32a6af20b92b422f76bd8273acebd271147738923cc,2021-06,Derbyshire Constabulary,Derbyshire Constabulary,-1.340168,53.268222,On or near Ralph Road,E01019564,Chesterfield 002B,Violence and sexual offences,Unable to prosecute suspect,
,2021-06,Derbyshire Constabulary,Derbyshire Constabulary,-1.344897,53.269848,On or near Pullman Close,E01019565,Chesterfield 002C,Anti-social behaviour,,
,2021-06,Derbyshire Constabulary,Derbyshire Constabulary,-1.342088,53.266219,On or near Milton Place,E01019565,Chesterfield 002C,Anti-social behaviour,,
,2021-06,Derbyshire Constabulary,Derbyshire Constabulary,-1.342088,53.266219,On or near Milton Place,E01019565,Chesterfield 002C,Anti-social behaviour,,
35c4a06e7fdd5d569438cb2d7fa36f2a17be45f31d933e3607432db2e27e0411,2021-06,Derbyshire Constabulary,Derbyshire Constabulary,-1.348638,53.270336,On or near Staveley Police Station,E01019565,Chesterfield 002C,Burglary,Investigation complete; no suspect identified,
9cf29dfe175effeec26c6f1b2794a72aa78e66ca31f6247c59a46ab72286202d,2021-06,Derbyshire Constabulary,Derbyshire Constabulary,-1.342088,53.266219,On or near Milton Place,E01019565,Chesterfield 002C,Criminal damage and arson,Investigation complete; no suspect identified,
0b6ebc0fd9796a2a381af60efd72489bc68ae5570aa400f0497418abe809a236,2021-06,Derbyshire Constabulary,Derbyshire Constabulary,-1.344897,53.269848,On or near Pullman Close,E01019565,Chesterfield 002C,Public order,Action to be taken by another organisation,
8eccf86b64ce4bde6f1779e03fbecf6f903b2cc00452df39f19dd2782d6c74d6,2021-06,Derbyshire Constabulary,Derbyshire Constabulary,-1.344897,53.269848,On or near Pullman Close,E01019565,Chesterfield 002C,Public order,Unable to prosecute suspect,
7907b71654ac7138f57678ce0e3629554dd7e07e1bfade2f343918bb2b9ae29f,2021-06,Derbyshire Constabulary,Derbyshire Constabulary,-1.344897,53.269848,On or near Pullman Close,E01019565,Chesterfield 002C,Public order,Unable to prosecute suspect,
dd4dd4a3303ab6cf6717bd618d88e4e194212001bdb3088a47fe11778f89c27d,2021-06,Derbyshire Constabulary,Derbyshire Constabulary,-1.348638,53.270336,On or near Staveley Police Station,E01019565,Chesterfield 002C,Violence and sexual offences,Unable to prosecute suspect,
c21b7e9f1a99327eb828aeece57d6a4c316b870d1522cf3d3ada194da82c5cd1,2021-06,Derbyshire Constabulary,Derbyshire Constabulary,-1.344688,53.266853,On or near Barrow Street,E01019565,Chesterfield 002C,Violence and sexual offences,Unable to prosecute suspect,
9977e443f3e10cd67407cf8bb69edb1196da08eece3873d1b3c23a6851b078bc,2021-06,Derbyshire Constabulary,Derbyshire Constabulary,-1.342572,53.266967,On or near Corner Pin Close,E01019565,Chesterfield 002C,Violence and sexual offences,Status update unavailable,
edee3435179425870c67d20fa5beabc593606854c23ab98cdd873f564e02af35,2021-06,Derbyshire Constabulary,Derbyshire Constabulary,-1.344688,53.266853,On or near Barrow Street,E01019565,Chesterfield 002C,Violence and sexual offences,Unable to prosecute suspect,
973ced3bd23a76237b73bde7b1b96f21a27fa2de6905050aaaf826db718b2a3e,2021-06,Derbyshire Constabulary,Derbyshire Constabulary,-1.348638,53.270336,On or near Staveley Police Station,E01019565,Chesterfield 002C,Violence and sexual offences,Unable to prosecute suspect,
6104e7bb6af92eb11cb43f555ec4f93e568a6a786c347587b67bce2371d6b6ba,2021-06,Derbyshire Constabulary,Derbyshire Constabulary,-1.344688,53.266853,On or near Barrow Street,E01019565,Chesterfield 002C,Violence and sexual offences,Unable to prosecute suspect,
472245217f22e2c14db4b673728d57d8158713d77a5b8fcbde9801ae78bd6e5a,2021-06,Derbyshire Constabulary,Derbyshire Constabulary,-1.347943,53.270700,On or near Hassop Road,E01019565,Chesterfield 002C,Violence and sexual offences,Unable to prosecute suspect,
,2021-06,Derbyshire Constabulary,Derbyshire Constabulary,-1.355597,53.256234,On or near Inkersall Road,E01019566,Chesterfield 002D,Anti-social behaviour,,
,2021-06,Derbyshire Constabulary,Derbyshire Constabulary,-1.351286,53.268741,On or near Church Street,E01019566,Chesterfield 002D,Anti-social behaviour,,
,2021-06,Derbyshire Constabulary,Derbyshire Constabulary,-1.352655,53.265485,On or near Barlow Road,E01019566,Chesterfield 002D,Anti-social behaviour,,
,2021-06,Derbyshire Constabulary,Derbyshire Constabulary,-1.358210,53.263951,On or near West View,E01019566,Chesterfield 002D,Anti-social behaviour,,
3a939df601d95a81e9952d19533af14bb7297e2167a4a90ec36af728c8e083f9,2021-06,Derbyshire Constabulary,Derbyshire Constabulary,-1.351286,53.268741,On or near Church Street,E01019566,Chesterfield 002D,Bicycle theft,Investigation complete; no suspect identified,
54348b2bffd857a7663dd819eeb195325ca3c08c0cc92396b2d38fc808d07acc,2021-06,Derbyshire Constabulary,Derbyshire Constabulary,-1.352655,53.265485,On or near Barlow Road,E01019566,Chesterfield 002D,Bicycle theft,Investigation complete; no suspect identified,
80136ef88c8e31c80e5653dca5dfb1d3c417aea45ea74c7954e5df1402b2103c,2021-06,Derbyshire Constabulary,Derbyshire Constabulary,-1.354766,53.265668,On or near Darley Close,E01019566,Chesterfield 002D,Bicycle theft,Investigation complete; no suspect identified,
d52596ccf1348864e3957a04c35ffd8c5d2e0728a5401939f2c7dd2e48e98cdd,2021-06,Derbyshire Constabulary,Derbyshire Constabulary,-1.355911,53.261269,On or near Sports/Recreation Area,E01019566,Chesterfield 002D,Burglary,Investigation complete; no suspect identified,
95325b4895a17ad4e87e186a5c22501f09c391dc6fd7d93e163b8249d76ed070,2021-06,Derbyshire Constabulary,Derbyshire Constabulary,-1.351002,53.266717,On or near Devonshire Close,E01019566,Chesterfield 002D,Criminal damage and arson,Unable to prosecute suspect,
645fa7fd007f0ecddb194bb59dfdcbd43c8d1db7051fe608fe46a5398ce535c0,2021-06,Derbyshire Constabulary,Derbyshire Constabulary,-1.340039,53.259124,On or near Poolsbrook View,E01019566,Chesterfield 002D,Criminal damage and arson,Unable to prosecute suspect,
cd2acb431b10800b2752f2f9009ccd2ab6b97bbfc1321c9b7509f31d54ffec83,2021-06,Derbyshire Constabulary,Derbyshire Constabulary,-1.352655,53.265485,On or near Barlow Road,E01019566,Chesterfield 002D,Criminal damage and arson,Investigation complete; no suspect identified,
6d4074b97675c7fefd45e0fe28e2b472e80b3bafc7d122e41def5b7a23f60d38,2021-06,Derbyshire Constabulary,Derbyshire Constabulary,-1.349891,53.267772,On or near Duke Street,E01019566,Chesterfield 002D,Criminal damage and arson,Local resolution,
4dccf948c7d4e91328ac26acdfa6fd8981c59d42a0610c4445bac2355a6529d1,2021-06,Derbyshire Constabulary,Derbyshire Constabulary,-1.351243,53.267617,On or near Porter Street,E01019566,Chesterfield 002D,Criminal damage and arson,Investigation complete; no suspect identified,
37c9357188323e601d425ee388a44b8749c383e7f44141fbfc8ae4951034fe36,2021-06,Derbyshire Constabulary,Derbyshire Constabulary,-1.353982,53.267911,On or near Supermarket,E01019566,Chesterfield 002D,Criminal damage and arson,Unable to prosecute suspect,
2bf28ed661d93fc55d747282b4592bb37dafbcbd99cf80d2a4369911b29096d2,2021-06,Derbyshire Constabulary,Derbyshire Constabulary,-1.357474,53.264046,On or near College Avenue,E01019566,Chesterfield 002D,Criminal damage and arson,Unable to prosecute suspect,
a21a9655205e8f9a8513c44f4a051733f708c135dea2d78a33ef2679fb2bab0d,2021-06,Derbyshire Constabulary,Derbyshire Constabulary,-1.353982,53.267911,On or near Supermarket,E01019566,Chesterfield 002D,Other theft,Investigation complete; no suspect identified,
7b9136b48e85c67a6316e9c0938b4866a59434f41db6f9cabd2b77bce058b4cc,2021-06,Derbyshire Constabulary,Derbyshire Constabulary,-1.354766,53.265668,On or near Darley Close,E01019566,Chesterfield 002D,Other theft,Unable to prosecute suspect,
3c37d239c1b0b13d538ce505883ddaf3641e6bb9069ff69d7ba95acbe836a5ad,2021-06,Derbyshire Constabulary,Derbyshire Constabulary,-1.353982,53.267911,On or near Supermarket,E01019566,Chesterfield 002D,Other theft,Investigation complete; no suspect identified,
b1c40bd89e674cbd2962a52bd34f53cd58c4799401c5f4e748b07dc6fad3e87d,2021-06,Derbyshire Constabulary,Derbyshire Constabulary,-1.350544,53.260287,On or near Adelphi Way,E01019566,Chesterfield 002D,Other theft,Investigation complete; no suspect identified,
d7ebe63697e796c987368282f5aa4174e12b909578c6fc3dd53d5c39ff64a7c7,2021-06,Derbyshire Constabulary,Derbyshire Constabulary,-1.353982,53.267911,On or near Supermarket,E01019566,Chesterfield 002D,Other theft,Investigation complete; no suspect identified,
2e6be5db610b953fd7306da9faccd5ce1286c247dd2459de695f8fac95016cb2,2021-06,Derbyshire Constabulary,Derbyshire Constabulary,-1.348852,53.261159,On or near Meadows Drive,E01019566,Chesterfield 002D,Possession of weapons,Unable to prosecute suspect,
8fd8e1688ee709962b785baeb7fe0f7d2f9fbe7e69d8057337cdde1f4139f730,2021-06,Derbyshire Constabulary,Derbyshire Constabulary,-1.355911,53.261269,On or near Sports/Recreation Area,E01019566,Chesterfield 002D,Public order,Unable to prosecute suspect,
29489c339e7a12554acd2f261cddae72944e5b09e7686a395f231f532b7a1090,2021-06,Derbyshire Constabulary,Derbyshire Constabulary,-1.352914,53.266206,On or near Market Street,E01019566,Chesterfield 002D,Public order,Status update unavailable,
29489c339e7a12554acd2f261cddae72944e5b09e7686a395f231f532b7a1090,2021-06,Derbyshire Constabulary,Derbyshire Constabulary,-1.349891,53.267772,On or near Duke Street,E01019566,Chesterfield 002D,Public order,Status update unavailable,
37522786889231b58dc6784af3c2ebfedd5e844718b105339182c64798ba054d,2021-06,Derbyshire Constabulary,Derbyshire Constabulary,-1.354766,53.265668,On or near Darley Close,E01019566,Chesterfield 002D,Public order,Unable to prosecute suspect,
613bcff65522425d6fd03e09c6cebe165d95ddfc3e56670c936a06dbf8e9c3ee,2021-06,Derbyshire Constabulary,Derbyshire Constabulary,-1.359695,53.257847,On or near Calver Crescent,E01019566,Chesterfield 002D,Public order,Unable to prosecute suspect,
5f0ba910d6ce0cf6dc74f5c4cbf5822c85a146e5835dc20076afdf2813ea22bf,2021-06,Derbyshire Constabulary,Derbyshire Constabulary,-1.357474,53.264046,On or near College Avenue,E01019566,Chesterfield 002D,Violence and sexual offences,Unable to prosecute suspect,
01d728bcb05103ed100836574f1eb2da5a73c4b14e3488849b1d3dafc555d3fb,2021-06,Derbyshire Constabulary,Derbyshire Constabulary,-1.338526,53.259026,On or near Poolsbrook Avenue,E01019566,Chesterfield 002D,Violence and sexual offences,Unable to prosecute suspect,
379fa99620aca39a82977a8950ab807c2d41669fb60fe925f333c636045ecf62,2021-06,Derbyshire Constabulary,Derbyshire Constabulary,-1.338526,53.259026,On or near Poolsbrook Avenue,E01019566,Chesterfield 002D,Violence and sexual offences,Unable to prosecute suspect,
18ac8980798a573aa8a43d7471992aa70e93d7954da4e3646761d670fda72e14,2021-06,Derbyshire Constabulary,Derbyshire Constabulary,-1.355597,53.256234,On or near Inkersall Road,E01019566,Chesterfield 002D,Violence and sexual offences,Unable to prosecute suspect,
002f12a7d88cdb4074a9b9eccff388569316b235dc93262e143c3c6231c9eb6f,2021-06,Derbyshire Constabulary,Derbyshire Constabulary,-1.358210,53.263951,On or near West View,E01019566,Chesterfield 002D,Violence and sexual offences,Offender given a caution,
b69c7056f35d49ad2fa18c553224c7790bd8b68882ce437bf9d55a2264a7ecf7,2021-06,Derbyshire Constabulary,Derbyshire Constabulary,-1.347191,53.258013,On or near Park/Open Space,E01019566,Chesterfield 002D,Violence and sexual offences,Investigation complete; no suspect identified,
5befc737325841a7a3f90c6a3783cc820e52efad3dcf5be5c19f2e0c55698c4f,2021-06,Derbyshire Constabulary,Derbyshire Constabulary,-1.354766,53.265668,On or near Darley Close,E01019566,Chesterfield 002D,Violence and sexual offences,Unable to prosecute suspect,
10b64c4a60d551e6d30887b7570d584ab5b1dc7bfa3c96310db13b893296dfdf,2021-06,Derbyshire Constabulary,Derbyshire Constabulary,-1.352914,53.266206,On or near Market Street,E01019566,Chesterfield 002D,Violence and sexual offences,Unable to prosecute suspect,
8528512d99285867508d2834c7abfcd7ca519895ceb1f4931b6f4d29876d83a1,2021-06,Derbyshire Constabulary,Derbyshire Constabulary,-1.359695,53.257847,On or near Calver Crescent,E01019566,Chesterfield 002D,Violence and sexual offences,Unable to prosecute suspect,
abf89ab19d5c6715e2da154674e5d7f3fe1900ce9bedbe88e7d60cd6db8e88d6,2021-06,Derbyshire Constabulary,Derbyshire Constabulary,-1.359695,53.257847,On or near Calver Crescent,E01019566,Chesterfield 002D,Violence and sexual offences,Unable to prosecute suspect,
ed56c5c430d5b12e546c6cc6d0a476ce5fe613ff585f3cc0eaf82ee0abe54f01,2021-06,Derbyshire Constabulary,Derbyshire Constabulary,-1.354766,53.265668,On or near Darley Close,E01019566,Chesterfield 002D,Violence and sexual offences,Unable to prosecute suspect,
090952de2c0cfc1ed9c119ea452379c8ac6314fd0469b319ffcd79696fcf355a,2021-06,Derbyshire Constabulary,Derbyshire Constabulary,-1.354766,53.265668,On or near Darley Close,E01019566,Chesterfield 002D,Violence and sexual offences,Unable to prosecute suspect,
8c7c93fe58a2dccb74228e6f78d7ac9ff366a919bedf1668fe50402782cb501a,2021-06,Derbyshire Constabulary,Derbyshire Constabulary,-1.352505,53.267417,On or near High Street,E01019566,Chesterfield 002D,Violence and sexual offences,Local resolution,
e38653ac1604bf5415e89d29544469217edc8fc1f67d6d41b382bfd32419fe5f,2021-06,Derbyshire Constabulary,Derbyshire Constabulary,-1.358210,53.263951,On or near West View,E01019566,Chesterfield 002D,Violence and sexual offences,Investigation complete; no suspect identified,
f3163833519b1b2a2c1ae4e12b837687ee149d33aa93ef2663fd3482ec66b676,2021-06,Derbyshire Constabulary,Derbyshire Constabulary,-1.357474,53.264046,On or near College Avenue,E01019566,Chesterfield 002D,Violence and sexual offences,Awaiting court outcome,
f5f0f1cbafe91a2c8c5421eac662839af52f52118c7ba4feb54eb4f573480361,2021-06,Derbyshire Constabulary,Derbyshire Constabulary,-1.357474,53.264046,On or near College Avenue,E01019566,Chesterfield 002D,Violence and sexual offences,Awaiting court outcome,
d4291104a214fe83ec252413a1f89e0044eda75adf7af54af8a5b05d5a83d658,2021-06,Derbyshire Constabulary,Derbyshire Constabulary,-1.352655,53.265485,On or near Barlow Road,E01019566,Chesterfield 002D,Violence and sexual offences,Investigation complete; no suspect identified,
,2021-06,Derbyshire Constabulary,Derbyshire Constabulary,-1.361976,53.258695,On or near Manifold Avenue,E01019568,Chesterfield 002E,Anti-social behaviour,,
,2021-06,Derbyshire Constabulary,Derbyshire Constabulary,-1.360531,53.260117,On or near Middlecroft Road,E01019568,Chesterfield 002E,Anti-social behaviour,,
,2021-06,Derbyshire Constabulary,Derbyshire Constabulary,-1.364404,53.261746,On or near Circular Road,E01019568,Chesterfield 002E,Anti-social behaviour,,
,2021-06,Derbyshire Constabulary,Derbyshire Constabulary,-1.364294,53.259058,On or near Fern Avenue,E01019568,Chesterfield 002E,Anti-social behaviour,,
0d8eb7c758952bdd251238b3184b873aad50de5a26e7e9919138940cb683a4c3,2021-06,Derbyshire Constabulary,Derbyshire Constabulary,-1.365479,53.260026,On or near Bond Street,E01019568,Chesterfield 002E,Criminal damage and arson,Investigation complete; no suspect identified,
ca55cbd2a808237e113b06a24f4a311a310431f84ad2c956f2db64c2705621e0,2021-06,Derbyshire Constabulary,Derbyshire Constabulary,-1.366432,53.259492,On or near Westwood Avenue,E01019568,Chesterfield 002E,Criminal damage and arson,Offender given a caution,
835ea806e6c1633956cda603f06fc20d85b7c91c19fab0c13c5cff696d8ba5b2,2021-06,Derbyshire Constabulary,Derbyshire Constabulary,-1.360531,53.260117,On or near Middlecroft Road,E01019568,Chesterfield 002E,Criminal damage and arson,Investigation complete; no suspect identified,
4e2ebbe0b8b9fa100c3722f7c064af903836a103fa2a2361e786af3a21a6ae17,2021-06,Derbyshire Constabulary,Derbyshire Constabulary,-1.367565,53.259920,On or near Edward Street,E01019568,Chesterfield 002E,Other theft,Status update unavailable,
d54c4d912b3a202b4e4264d81ae1eab89e68333ce5efb8f6c00c6f0fd9ce90b4,2021-06,Derbyshire Constabulary,Derbyshire Constabulary,-1.361079,53.261576,On or near Molineux Avenue,E01019568,Chesterfield 002E,Public order,Investigation complete; no suspect identified,
c6d4f763dcbfce9a315e482fd915038ed946ecaf452d5061744e69580415aaf9,2021-06,Derbyshire Constabulary,Derbyshire Constabulary,-1.365479,53.260026,On or near Bond Street,E01019568,Chesterfield 002E,Public order,Unable to prosecute suspect,
8e4c295e05ee8087944701bf9bd748f7685d0d65d074b407b827c3bc6ef530c4,2021-06,Derbyshire Constabulary,Derbyshire Constabulary,-1.364294,53.259058,On or near Fern Avenue,E01019568,Chesterfield 002E,Public order,Unable to prosecute suspect,
93ec009521caf834daad049b2cc625508952566d663e6f44740447aa3e2465d1,2021-06,Derbyshire Constabulary,Derbyshire Constabulary,-1.365479,53.260026,On or near Bond Street,E01019568,Chesterfield 002E,Violence and sexual offences,Unable to prosecute suspect,
b74105fc9081ac2cb5154b758677f6664d5636c15a52c08e5bb6632550fe7638,2021-06,Derbyshire Constabulary,Derbyshire Constabulary,-1.365479,53.260026,On or near Bond Street,E01019568,Chesterfield 002E,Violence and sexual offences,Unable to prosecute suspect,
5158aab232ae2c3c3c043cd7e6002a3d20abd4794ff89c8bdc0023e7ebb1d7e1,2021-06,Derbyshire Constabulary,Derbyshire Constabulary,-1.360531,53.260117,On or near Middlecroft Road,E01019568,Chesterfield 002E,Violence and sexual offences,Status update unavailable,
76426d0f42710e246aa2259aeeedf1356014f087f90b77016ed3db8025e4deaf,2021-06,Derbyshire Constabulary,Derbyshire Constabulary,-1.364404,53.261746,On or near Circular Road,E01019568,Chesterfield 002E,Violence and sexual offences,Unable to prosecute suspect,
29b0cca808dcadcba549c0a652f33bf0eaf4081250b9bd5e6ddb79f96b315e97,2021-06,Derbyshire Constabulary,Derbyshire Constabulary,-1.360375,53.262561,On or near St Johns Place,E01019568,Chesterfield 002E,Violence and sexual offences,Unable to prosecute suspect,
33866be9ce7cd5b0d888fea07ffb552ef2c19fab95ed1208366a8b588f3ae984,2021-06,Derbyshire Constabulary,Derbyshire Constabulary,-1.364404,53.261746,On or near Circular Road,E01019568,Chesterfield 002E,Violence and sexual offences,Unable to prosecute suspect,
bfdd6f4605c6833fa59edbf5fad85e8296a70cabf535c5c383c2408452afec28,2021-06,Derbyshire Constabulary,Derbyshire Constabulary,-1.360375,53.262561,On or near St Johns Place,E01019568,Chesterfield 002E,Violence and sexual offences,Unable to prosecute suspect,
61f0080da457f56640911b87e67db3366b460a59e4b925896350ae73bc46855b,2021-06,Derbyshire Constabulary,Derbyshire Constabulary,-1.365778,53.261133,On or near Division Street,E01019568,Chesterfield 002E,Violence and sexual offences,Unable to prosecute suspect,
,2021-06,Derbyshire Constabulary,Derbyshire Constabulary,-1.405427,53.275396,On or near Bamford Street,E01019527,Chesterfield 003A,Anti-social behaviour,,
4098609d3d98f3d697f67fc0d888e4aae3c775dd8622de289df1a380e06a7de8,2021-06,Derbyshire Constabulary,Derbyshire Constabulary,-1.404442,53.276137,On or near Redhouse Close,E01019527,Chesterfield 003A,Burglary,Investigation complete; no suspect identified,
f3c27fac08ba1ae76b7d52730c6691ad5b187e141218a6accb477d1bf8cecc83,2021-06,Derbyshire Constabulary,Derbyshire Constabulary,-1.378960,53.273185,On or near Station Road,E01019527,Chesterfield 003A,Criminal damage and arson,Unable to prosecute suspect,
757e60e746fab35b46703ed7b109be0183751a90fdf43099eac7fd099a420ee2,2021-06,Derbyshire Constabulary,Derbyshire Constabulary,-1.402124,53.276692,On or near Cairn Drive,E01019527,Chesterfield 003A,Criminal damage and arson,Unable to prosecute suspect,
e2cb726d7eb7b7f58264d00a329f6b21f319433e2644767d315237133f2e0cd9,2021-06,Derbyshire Constabulary,Derbyshire Constabulary,-1.405427,53.275396,On or near Bamford Street,E01019527,Chesterfield 003A,Criminal damage and arson,Unable to prosecute suspect,
5a4a65ee938984e64efaa751219baef4212a2ad5a165310a18afc850c468f664,2021-06,Derbyshire Constabulary,Derbyshire Constabulary,-1.405427,53.275396,On or near Bamford Street,E01019527,Chesterfield 003A,Drugs,Status update unavailable,
7f9913d92c3519e3ecd0e96b57542cd30e5df56c99cc8ddf870cf0936bb8e0a1,2021-06,Derbyshire Constabulary,Derbyshire Constabulary,-1.373007,53.276300,On or near Brooks Road,E01019527,Chesterfield 003A,Public order,Unable to prosecute suspect,
f8c510d342bf912cf8d7f60514de9acf1cdc0ad13539792c24d8f52acced3411,2021-06,Derbyshire Constabulary,Derbyshire Constabulary,-1.405427,53.275396,On or near Bamford Street,E01019527,Chesterfield 003A,Public order,Investigation complete; no suspect identified,
b0b925882876629406e0012532aa6fe16bf713f177d24b1c6a18290faabb06e9,2021-06,Derbyshire Constabulary,Derbyshire Constabulary,-1.404442,53.276137,On or near Redhouse Close,E01019527,Chesterfield 003A,Violence and sexual offences,Unable to prosecute suspect,
7855b674c9ccf5c70ee7dbc73ee53d89143c6368d858a6ddaf6bbbfaba9045df,2021-06,Derbyshire Constabulary,Derbyshire Constabulary,-1.378960,53.273185,On or near Station Road,E01019527,Chesterfield 003A,Violence and sexual offences,Unable to prosecute suspect,
07dc9fa6ebcacc7b60cf64047518ae7b722082f81c49e4a7d0336d748465e9fa,2021-06,Derbyshire Constabulary,Derbyshire Constabulary,-1.377979,53.274690,On or near Chigwell Way,E01019527,Chesterfield 003A,Violence and sexual offences,Unable to prosecute suspect,
0024f554a37604f32b4548827dc054209293fee606227f7b8cfcd46a23be0dba,2021-06,Derbyshire Constabulary,Derbyshire Constabulary,-1.402124,53.276692,On or near Cairn Drive,E01019527,Chesterfield 003A,Violence and sexual offences,Status update unavailable,
ae945129ae866d533562647b36ed8aec493c386240a358430b33848e8fc200b7,2021-06,Derbyshire Constabulary,Derbyshire Constabulary,-1.377979,53.274690,On or near Chigwell Way,E01019527,Chesterfield 003A,Violence and sexual offences,Unable to prosecute suspect,
2ebfa10d6e3f70ca2b23eb4c87247ffd72db74e69ae843c98031ec05b2557d0e,2021-06,Derbyshire Constabulary,Derbyshire Constabulary,-1.404442,53.276137,On or near Redhouse Close,E01019527,Chesterfield 003A,Violence and sexual offences,Unable to prosecute suspect,
ae763f609710bf6846bb6b03e3ec6aa49d52f1d245df913976a4659d7f3368c4,2021-06,Derbyshire Constabulary,Derbyshire Constabulary,-1.377265,53.275342,On or near Southgate Way,E01019527,Chesterfield 003A,Other crime,Investigation complete; no suspect identified,
,2021-06,Derbyshire Constabulary,Derbyshire Constabulary,-1.401539,53.272464,On or near Devonshire Road North,E01019529,Chesterfield 003B,Anti-social behaviour,,
589f708b5faec0d37ba311f10b39fff75301f25dac4e855537e058a3cbc8f426,2021-06,Derbyshire Constabulary,Derbyshire Constabulary,-1.402715,53.274133,On or near Wellington Street,E01019529,Chesterfield 003B,Criminal damage and arson,Unable to prosecute suspect,
2fc3bb9d87a2250c5f9c45af18d0b179706b92f8de4d54865e238137ec073dbf,2021-06,Derbyshire Constabulary,Derbyshire Constabulary,-1.409395,53.274751,On or near Supermarket,E01019529,Chesterfield 003B,Criminal damage and arson,Unable to prosecute suspect,
aff97c649a08f686bffbc07f915acb2f873c3a6f446e3ca8f72a87c44d5f9a15,2021-06,Derbyshire Constabulary,Derbyshire Constabulary,-1.409395,53.274751,On or near Supermarket,E01019529,Chesterfield 003B,Drugs,Status update unavailable,
6fcb2a3a4b2f5f5069f6d0cfec4c84b60d2385a98c0a165be37172482f8d3068,2021-06,Derbyshire Constabulary,Derbyshire Constabulary,-1.409395,53.274751,On or near Supermarket,E01019529,Chesterfield 003B,Public order,Unable to prosecute suspect,
57744080421462d9630f48586e8e56e2d20c2df6fb6f4dc27e7d729c1ef72231,2021-06,Derbyshire Constabulary,Derbyshire Constabulary,-1.402715,53.274133,On or near Wellington Street,E01019529,Chesterfield 003B,Public order,Unable to prosecute suspect,
0e3f2586fe1f00c55c5f4daadb2f027f0de5293902d793abb862902c479b77ff,2021-06,Derbyshire Constabulary,Derbyshire Constabulary,-1.411530,53.273197,On or near Brearley Street,E01019529,Chesterfield 003B,Violence and sexual offences,Unable to prosecute suspect,
eab3d17298c3778adf3d5e6304671271d22e853d5dc76277f20a497383772e0d,2021-06,Derbyshire Constabulary,Derbyshire Constabulary,-1.401539,53.272464,On or near Devonshire Road North,E01019529,Chesterfield 003B,Violence and sexual offences,Unable to prosecute suspect,
defd36c10f1ed7d8c4301b9403effdee701412722a3f2a5d408d927eba726be6,2021-06,Derbyshire Constabulary,Derbyshire Constabulary,-1.406453,53.272777,On or near Fallowfield Road,E01019529,Chesterfield 003B,Violence and sexual offences,Unable to prosecute suspect,
434888845065791f793d65f44bcc7457962b3ea01f1d1c1c1156fd651bbee339,2021-06,Derbyshire Constabulary,Derbyshire Constabulary,-1.411530,53.273197,On or near Brearley Street,E01019529,Chesterfield 003B,Violence and sexual offences,Unable to prosecute suspect,
7a5de49724c0aadcda86440472cbd4afee1ed638e228ab022663bb5210707647,2021-06,Derbyshire Constabulary,Derbyshire Constabulary,-1.411530,53.273197,On or near Brearley Street,E01019529,Chesterfield 003B,Violence and sexual offences,Unable to prosecute suspect,
,2021-06,Derbyshire Constabulary,Derbyshire Constabulary,-1.392454,53.259564,On or near Burnell Street,E01019530,Chesterfield 003C,Anti-social behaviour,,
,2021-06,Derbyshire Constabulary,Derbyshire Constabulary,-1.395928,53.257748,On or near Foljambe Road,E01019530,Chesterfield 003C,Anti-social behaviour,,
,2021-06,Derbyshire Constabulary,Derbyshire Constabulary,-1.396341,53.258227,On or near Heywood Street,E01019530,Chesterfield 003C,Anti-social behaviour,,
,2021-06,Derbyshire Constabulary,Derbyshire Constabulary,-1.395677,53.260623,On or near Stour Close,E01019530,Chesterfield 003C,Anti-social behaviour,,
e38838135454e3e068bcbb56d915ab010a2c65ad656104635e74229df7b05f84,2021-06,Derbyshire Constabulary,Derbyshire Constabulary,-1.397465,53.259311,On or near George Street,E01019530,Chesterfield 003C,Criminal damage and arson,Unable to prosecute suspect,
bbd8e01790e9ebf9158e0cfd70e85b6e8bf3e264cca5dc5c079e7c1b01711ac3,2021-06,Derbyshire Constabulary,Derbyshire Constabulary,-1.396341,53.258227,On or near Heywood Street,E01019530,Chesterfield 003C,Criminal damage and arson,Investigation complete; no suspect identified,
0ffeb98e8cacd22143a5ae8a7e170790a05d3f61eea9186ddd7c7db745377289,2021-06,Derbyshire Constabulary,Derbyshire Constabulary,-1.397008,53.258769,On or near Cross Street,E01019530,Chesterfield 003C,Public order,Investigation complete; no suspect identified,
5a535d93a7b9532c8b14081bc98f6ec424201a2a8ad4c297dfb3f363f2aedbb9,2021-06,Derbyshire Constabulary,Derbyshire Constabulary,-1.396341,53.258227,On or near Heywood Street,E01019530,Chesterfield 003C,Public order,Unable to prosecute suspect,
141bafee2431914647a305a955451244728d30f3eddf1269c1130407bbdc5b0c,2021-06,Derbyshire Constabulary,Derbyshire Constabulary,-1.396341,53.258227,On or near Heywood Street,E01019530,Chesterfield 003C,Public order,Unable to prosecute suspect,
a76449f82583be838d4c862d75d7357651be34f159a3d61182e715fe92cea897,2021-06,Derbyshire Constabulary,Derbyshire Constabulary,-1.393784,53.260937,On or near Damon Drive,E01019530,Chesterfield 003C,Violence and sexual offences,Unable to prosecute suspect,
d9254df03005768d292fda020d3f1a30c865e339115864b60cf0d1aafe75a5d6,2021-06,Derbyshire Constabulary,Derbyshire Constabulary,-1.393044,53.261302,On or near Bernard Close,E01019530,Chesterfield 003C,Violence and sexual offences,Unable to prosecute suspect,
6b716094c0608a42d225b2005a845cfaee66333af84c74b3018447118b669958,2021-06,Derbyshire Constabulary,Derbyshire Constabulary,-1.395919,53.260499,On or near Lydden Close,E01019530,Chesterfield 003C,Violence and sexual offences,Unable to prosecute suspect,
207638c102320a9be37fc39eb38c5e6c3a2d5c4f72d5c908de6f1ce48b82587a,2021-06,Derbyshire Constabulary,Derbyshire Constabulary,-1.393044,53.261302,On or near Bernard Close,E01019530,Chesterfield 003C,Violence and sexual offences,Unable to prosecute suspect,
45842fe434aa388c00b62ac0920c3cc216a661edbbdcace42560bee6e71796ef,2021-06,Derbyshire Constabulary,Derbyshire Constabulary,-1.393784,53.260937,On or near Damon Drive,E01019530,Chesterfield 003C,Violence and sexual offences,Unable to prosecute suspect,
d82d4a8e6528c31170c06f26ee4faa9ac3abb79e5a5e70d4034bf8ee2fb02519,2021-06,Derbyshire Constabulary,Derbyshire Constabulary,-1.390209,53.259301,On or near Devon Drive,E01019530,Chesterfield 003C,Violence and sexual offences,Unable to prosecute suspect,
fe7b938e250acb4695de9d6611c746c1760f52ef1a6e33c783b26d79936d5153,2021-06,Derbyshire Constabulary,Derbyshire Constabulary,-1.392454,53.259564,On or near Burnell Street,E01019530,Chesterfield 003C,Violence and sexual offences,Unable to prosecute suspect,
92eb962c995568ba19c8442ccbe1f1c53603d2effc4aa6977cc0bdb792f2e58e,2021-06,Derbyshire Constabulary,Derbyshire Constabulary,-1.393784,53.260937,On or near Damon Drive,E01019530,Chesterfield 003C,Violence and sexual offences,Unable to prosecute suspect,
5024d3836147c6b0b8d61cc28cb4850f2f1720c090d152c6af441a77166e378f,2021-06,Derbyshire Constabulary,Derbyshire Constabulary,-1.397465,53.259311,On or near George Street,E01019530,Chesterfield 003C,Violence and sexual offences,Unable to prosecute suspect,
0d549036d83a4694eaaece4d5e7f608efc051ac757ecae465660bf2b4c3dc57f,2021-06,Derbyshire Constabulary,Derbyshire Constabulary,-1.395677,53.260623,On or near Stour Close,E01019530,Chesterfield 003C,Violence and sexual offences,Awaiting court outcome,
,2021-06,Derbyshire Constabulary,Derbyshire Constabulary,-1.392455,53.258432,On or near Cornwall Avenue,E01019531,Chesterfield 003D,Anti-social behaviour,,
,2021-06,Derbyshire Constabulary,Derbyshire Constabulary,-1.389000,53.263205,On or near Victoria Street,E01019531,Chesterfield 003D,Anti-social behaviour,,
,2021-06,Derbyshire Constabulary,Derbyshire Constabulary,-1.395383,53.257062,On or near Church Street,E01019531,Chesterfield 003D,Anti-social behaviour,,
,2021-06,Derbyshire Constabulary,Derbyshire Constabulary,-1.390637,53.261946,On or near Queen Street,E01019531,Chesterfield 003D,Anti-social behaviour,,
,2021-06,Derbyshire Constabulary,Derbyshire Constabulary,-1.393938,53.258529,On or near High Street,E01019531,Chesterfield 003D,Anti-social behaviour,,
,2021-06,Derbyshire Constabulary,Derbyshire Constabulary,-1.395383,53.257062,On or near Church Street,E01019531,Chesterfield 003D,Anti-social behaviour,,
129508ab3294cfb0c6e3a2eff737bc6bac5954f29f420f7dbf2d68ffabe5f5ba,2021-06,Derbyshire Constabulary,Derbyshire Constabulary,-1.392455,53.258432,On or near Cornwall Avenue,E01019531,Chesterfield 003D,Burglary,Investigation complete; no suspect identified,
5ff7e7520c3c7ac1064d4607e5d764c5df62995e3db869dab6f771d2f69a067f,2021-06,Derbyshire Constabulary,Derbyshire Constabulary,-1.395383,53.257062,On or near Church Street,E01019531,Chesterfield 003D,Criminal damage and arson,Investigation complete; no suspect identified,
6bfc8423013ffe716f5d716af5139baae00fbd082f1cde652f4edabd0debe5b1,2021-06,Derbyshire Constabulary,Derbyshire Constabulary,-1.390457,53.258772,On or near Oxford Close,E01019531,Chesterfield 003D,Other theft,Status update unavailable,
977c8d4406a3220e671efea0e77139df23531c55e626b9c45f57a639cfccaf46,2021-06,Derbyshire Constabulary,Derbyshire Constabulary,-1.389000,53.263205,On or near Victoria Street,E01019531,Chesterfield 003D,Vehicle crime,Investigation complete; no suspect identified,
15f0033eba29985aca313f3caf8cdc20ff793c4479958fa632020c32f6c70688,2021-06,Derbyshire Constabulary,Derbyshire Constabulary,-1.390457,53.258772,On or near Oxford Close,E01019531,Chesterfield 003D,Vehicle crime,Status update unavailable,
464111cd7f9531db31af7202f5cb196d4f92c4a276bd5945d10c5d09fe139487,2021-06,Derbyshire Constabulary,Derbyshire Constabulary,-1.396646,53.256754,On or near Parking Area,E01019531,Chesterfield 003D,Violence and sexual offences,Unable to prosecute suspect,
0d549036d83a4694eaaece4d5e7f608efc051ac757ecae465660bf2b4c3dc57f,2021-06,Derbyshire Constabulary,Derbyshire Constabulary,-1.396646,53.256754,On or near Parking Area,E01019531,Chesterfield 003D,Violence and sexual offences,Status update unavailable,
9ae933ca5b72cfe70902a95654b345aeece44d449ae6bc2dcabe61033dec3f42,2021-06,Derbyshire Constabulary,Derbyshire Constabulary,-1.389000,53.261039,On or near Dorset Drive,E01019531,Chesterfield 003D,Violence and sexual offences,Unable to prosecute suspect,
d617449cad64cfb117817e6596ea4bccc15f2c51064cceb4e6277f2707e9a667,2021-06,Derbyshire Constabulary,Derbyshire Constabulary,-1.392455,53.258432,On or near Cornwall Avenue,E01019531,Chesterfield 003D,Violence and sexual offences,Unable to prosecute suspect,
bdebba58853cbfe20e4e8d0947fc024aff40bbac0ed59724be11cc4d2b4fa95d,2021-06,Derbyshire Constabulary,Derbyshire Constabulary,-1.389000,53.261039,On or near Dorset Drive,E01019531,Chesterfield 003D,Violence and sexual offences,Unable to prosecute suspect,
2d87b3a0c9f45317db1b16685c30252c216144cef04408f26bb3730035d10ac3,2021-06,Derbyshire Constabulary,Derbyshire Constabulary,-1.386793,53.260219,On or near Somerset Drive,E01019531,Chesterfield 003D,Violence and sexual offences,Investigation complete; no suspect identified,
e7ef73b0c574bc3632c130e7b19ffa8360c73eab27535a7071acff96cbde5edf,2021-06,Derbyshire Constabulary,Derbyshire Constabulary,-1.386793,53.260219,On or near Somerset Drive,E01019531,Chesterfield 003D,Violence and sexual offences,Investigation complete; no suspect identified,
0f9f2d45c63d6cfd7b565e4069f24b58040f6f8a236a9710c5c1b9ebb400b423,2021-06,Derbyshire Constabulary,Derbyshire Constabulary,-1.389000,53.261039,On or near Dorset Drive,E01019531,Chesterfield 003D,Other crime,Status update unavailable,
,2021-06,Derbyshire Constabulary,Derbyshire Constabulary,-1.380049,53.266314,On or near Hornbeam Close,E01019553,Chesterfield 003E,Anti-social behaviour,,
,2021-06,Derbyshire Constabulary,Derbyshire Constabulary,-1.380918,53.265339,On or near Hollingwood Crescent,E01019553,Chesterfield 003E,Anti-social behaviour,,
8f392cf592af62a5db3172efe686f3766e89af88271586db2197ca3c4c7317a6,2021-06,Derbyshire Constabulary,Derbyshire Constabulary,-1.380049,53.266314,On or near Hornbeam Close,E01019553,Chesterfield 003E,Other theft,Investigation complete; no suspect identified,
74c03aa5113058f72efa14b2f71e0fa5c1c4169b2233f2db84bfeb628c600006,2021-06,Derbyshire Constabulary,Derbyshire Constabulary,-1.376973,53.263386,On or near Troughbrook Road,E01019553,Chesterfield 003E,Vehicle crime,Investigation complete; no suspect identified,
834ee0fab1e2ca760902b4efc5a25cec02c42902983cafc95588b723578c4774,2021-06,Derbyshire Constabulary,Derbyshire Constabulary,-1.381417,53.265036,On or near Alder Gardens,E01019553,Chesterfield 003E,Violence and sexual offences,Unable to prosecute suspect,
6d718ccdfbc6131618874d26f63d6b47a12d2293132b7449f61d9675481569b5,2021-06,Derbyshire Constabulary,Derbyshire Constabulary,-1.380049,53.266314,On or near Hornbeam Close,E01019553,Chesterfield 003E,Violence and sexual offences,Investigation complete; no suspect identified,
,2021-06,Derbyshire Constabulary,Derbyshire Constabulary,-1.457455,53.255932,On or near Wythburn Road,E01019541,Chesterfield 004A,Anti-social behaviour,,
,2021-06,Derbyshire Constabulary,Derbyshire Constabulary,-1.450949,53.255983,On or near Windermere Road,E01019541,Chesterfield 004A,Anti-social behaviour,,
,2021-06,Derbyshire Constabulary,Derbyshire Constabulary,-1.451335,53.255086,On or near Grasmere Close,E01019541,Chesterfield 004A,Anti-social behaviour,,
,2021-06,Derbyshire Constabulary,Derbyshire Constabulary,-1.457455,53.255932,On or near Wythburn Road,E01019541,Chesterfield 004A,Anti-social behaviour,,
,2021-06,Derbyshire Constabulary,Derbyshire Constabulary,-1.451445,53.253504,On or near Bowness Road,E01019541,Chesterfield 004A,Anti-social behaviour,,
89f988c5896d19c98eda8a906fdf80f2dee8814abc12c8372b8c5fc77a20cc1e,2021-06,Derbyshire Constabulary,Derbyshire Constabulary,-1.450351,53.253472,On or near Brome Head Way,E01019541,Chesterfield 004A,Criminal damage and arson,Unable to prosecute suspect,
481a2c85ccf90f401401e0eaeef8be13c486d6996f46606493e281267577de8c,2021-06,Derbyshire Constabulary,Derbyshire Constabulary,-1.450351,53.253472,On or near Brome Head Way,E01019541,Chesterfield 004A,Other theft,Unable to prosecute suspect,
55791f51df8e305e69e282ff67215a84ed63c86581ddad40aaed6e1dbd84516d,2021-06,Derbyshire Constabulary,Derbyshire Constabulary,-1.450351,53.253472,On or near Brome Head Way,E01019541,Chesterfield 004A,Public order,Unable to prosecute suspect,
75d4203b23a4b050b014d3baf7c8489e59bf62fc446060612a0ed983f918f801,2021-06,Derbyshire Constabulary,Derbyshire Constabulary,-1.451335,53.255086,On or near Grasmere Close,E01019541,Chesterfield 004A,Public order,Status update unavailable,
2db1c5a7540ada8977b59e6b06d56e50a9cf8474e88b2935a6c0be393b3d4560,2021-06,Derbyshire Constabulary,Derbyshire Constabulary,-1.457455,53.255932,On or near Wythburn Road,E01019541,Chesterfield 004A,Public order,Unable to prosecute suspect,
25f6d637710f43a872c8837fd2d1d881bb487745e46762386467694fb51ff4c3,2021-06,Derbyshire Constabulary,Derbyshire Constabulary,-1.457455,53.255932,On or near Wythburn Road,E01019541,Chesterfield 004A,Public order,Unable to prosecute suspect,
6c11643a99db41cc17b6f76a81efd30c6219ed1a037bde3f04ec7196ffe7330d,2021-06,Derbyshire Constabulary,Derbyshire Constabulary,-1.457455,53.255932,On or near Wythburn Road,E01019541,Chesterfield 004A,Violence and sexual offences,Unable to prosecute suspect,
7992949d4638d5eb67aef7728523534fce1a0ea1ba1fddcb10edcc0b59dc2ede,2021-06,Derbyshire Constabulary,Derbyshire Constabulary,-1.450351,53.253472,On or near Brome Head Way,E01019541,Chesterfield 004A,Violence and sexual offences,Unable to prosecute suspect,
80ae425e3e029cd68296a0971b022581ea1e1bdad71272a3120811c5891f330c,2021-06,Derbyshire Constabulary,Derbyshire Constabulary,-1.450351,53.253472,On or near Brome Head Way,E01019541,Chesterfield 004A,Violence and sexual offences,Unable to prosecute suspect,
ee1724d76dead3200aaad0c4f6ced0b64a15958ced384334c66b29878b07b327,2021-06,Derbyshire Constabulary,Derbyshire Constabulary,-1.457455,53.255932,On or near Wythburn Road,E01019541,Chesterfield 004A,Violence and sexual offences,Unable to prosecute suspect,
e5b9f65152d0ffdd3a94ed2afb18cc6fababd0115e8866d1c54b5dfe59bd3116,2021-06,Derbyshire Constabulary,Derbyshire Constabulary,-1.449277,53.254303,On or near Ulverston Road,E01019541,Chesterfield 004A,Violence and sexual offences,Unable to prosecute suspect,
ac3cf0a3047b283060e2f6808f0e0bca5066b32e4417e7d08463027a844407cf,2021-06,Derbyshire Constabulary,Derbyshire Constabulary,-1.457455,53.255932,On or near Wythburn Road,E01019541,Chesterfield 004A,Violence and sexual offences,Unable to prosecute suspect,
aecf94094edc01427ff27b781a812533f0e2796c6ba205677395b4701bfc0c3c,2021-06,Derbyshire Constabulary,Derbyshire Constabulary,-1.451127,53.252568,On or near Newbold Road,E01019541,Chesterfield 004A,Violence and sexual offences,Unable to prosecute suspect,
8a6e0346ed5f71f9bacc5ff7bddabbd5cbabf76d3de44fb08e900439e614f196,2021-06,Derbyshire Constabulary,Derbyshire Constabulary,-1.451127,53.252568,On or near Newbold Road,E01019541,Chesterfield 004A,Violence and sexual offences,Status update unavailable,
ab001f828a1e9cd9de0cd5ecb3aa30a04cdfdcbbf061c060f8c9b3305b4ae59d,2021-06,Derbyshire Constabulary,Derbyshire Constabulary,-1.451127,53.252568,On or near Newbold Road,E01019541,Chesterfield 004A,Violence and sexual offences,Status update unavailable,
6aff41b7ed8a4d0168a5d189f7d81087b916f711a00129c9663f5660c6c94587,2021-06,Derbyshire Constabulary,Derbyshire Constabulary,-1.450351,53.253472,On or near Brome Head Way,E01019541,Chesterfield 004A,Violence and sexual offences,Unable to prosecute suspect,
,2021-06,Derbyshire Constabulary,Derbyshire Constabulary,-1.431004,53.260078,On or near Dunston Road,E01019542,Chesterfield 004B,Anti-social behaviour,,
,2021-06,Derbyshire Constabulary,Derbyshire Constabulary,-1.431004,53.260078,On or near Dunston Road,E01019542,Chesterfield 004B,Anti-social behaviour,,
,2021-06,Derbyshire Constabulary,Derbyshire Constabulary,-1.434176,53.258250,On or near Occupation Road,E01019542,Chesterfield 004B,Anti-social behaviour,,
,2021-06,Derbyshire Constabulary,Derbyshire Constabulary,-1.434176,53.258250,On or near Occupation Road,E01019542,Chesterfield 004B,Anti-social behaviour,,
,2021-06,Derbyshire Constabulary,Derbyshire Constabulary,-1.428986,53.259583,On or near Sheffield Road,E01019542,Chesterfield 004B,Anti-social behaviour,,
,2021-06,Derbyshire Constabulary,Derbyshire Constabulary,-1.432967,53.257813,On or near Kipling Road,E01019542,Chesterfield 004B,Anti-social behaviour,,
,2021-06,Derbyshire Constabulary,Derbyshire Constabulary,-1.430282,53.257998,On or near St Chad'S Way,E01019542,Chesterfield 004B,Anti-social behaviour,,
,2021-06,Derbyshire Constabulary,Derbyshire Constabulary,-1.434176,53.258250,On or near Occupation Road,E01019542,Chesterfield 004B,Anti-social behaviour,,
,2021-06,Derbyshire Constabulary,Derbyshire Constabulary,-1.434176,53.258250,On or near Occupation Road,E01019542,Chesterfield 004B,Anti-social behaviour,,
,2021-06,Derbyshire Constabulary,Derbyshire Constabulary,-1.432663,53.258117,On or near Wordsworth Road,E01019542,Chesterfield 004B,Anti-social behaviour,,
,2021-06,Derbyshire Constabulary,Derbyshire Constabulary,-1.433618,53.258499,On or near Keats Road,E01019542,Chesterfield 004B,Anti-social behaviour,,
,2021-06,Derbyshire Constabulary,Derbyshire Constabulary,-1.434176,53.258250,On or near Occupation Road,E01019542,Chesterfield 004B,Anti-social behaviour,,
,2021-06,Derbyshire Constabulary,Derbyshire Constabulary,-1.434176,53.258250,On or near Occupation Road,E01019542,Chesterfield 004B,Anti-social behaviour,,
,2021-06,Derbyshire Constabulary,Derbyshire Constabulary,-1.434176,53.258250,On or near Occupation Road,E01019542,Chesterfield 004B,Anti-social behaviour,,
,2021-06,Derbyshire Constabulary,Derbyshire Constabulary,-1.434176,53.258250,On or near Occupation Road,E01019542,Chesterfield 004B,Anti-social behaviour,,
,2021-06,Derbyshire Constabulary,Derbyshire Constabulary,-1.434176,53.258250,On or near Occupation Road,E01019542,Chesterfield 004B,Anti-social behaviour,,
,2021-06,Derbyshire Constabulary,Derbyshire Constabulary,-1.434176,53.258250,On or near Occupation Road,E01019542,Chesterfield 004B,Anti-social behaviour,,
24602804f092024896a9d5866fa7d6b355dd9171c210bfab9012dade0759ef58,2021-06,Derbyshire Constabulary,Derbyshire Constabulary,-1.442719,53.258300,On or near Levens Way,E01019542,Chesterfield 004B,Bicycle theft,Investigation complete; no suspect identified,
2e2032e5d9ae210c855b42665b8352808d98b4808896b8d44d8f4b47afdabe07,2021-06,Derbyshire Constabulary,Derbyshire Constabulary,-1.430282,53.257998,On or near St Chad'S Way,E01019542,Chesterfield 004B,Criminal damage and arson,Investigation complete; no suspect identified,
0a4a80d7dfae74e14a300704b899c3c02d003046138d3112e28144492b38e827,2021-06,Derbyshire Constabulary,Derbyshire Constabulary,-1.427732,53.259208,On or near Duke Street,E01019542,Chesterfield 004B,Criminal damage and arson,Awaiting court outcome,
1e2c3c59f69bb08d1c91805d34546212159e154f313757587d3fcf6ba998ac70,2021-06,Derbyshire Constabulary,Derbyshire Constabulary,-1.438730,53.259629,On or near Thorpe Close,E01019542,Chesterfield 004B,Drugs,Status update unavailable,
84a0550ea019988b8ba811a47c6cf671ba3fb62ad206754ff7c02ff8a3fb7b4c,2021-06,Derbyshire Constabulary,Derbyshire Constabulary,-1.437283,53.260180,On or near Arundel Close,E01019542,Chesterfield 004B,Drugs,Status update unavailable,
f0c358b7798e8a72d1fc95eb0b1f0ea0a0def9be1601e884e71b6ed09a868866,2021-06,Derbyshire Constabulary,Derbyshire Constabulary,-1.438730,53.259629,On or near Thorpe Close,E01019542,Chesterfield 004B,Other theft,Unable to prosecute suspect,
f1a683f5ae939123d54d6038174c2bb4e9be2aad460fc4d78ff5816c532381dd,2021-06,Derbyshire Constabulary,Derbyshire Constabulary,-1.434176,53.258250,On or near Occupation Road,E01019542,Chesterfield 004B,Public order,Unable to prosecute suspect,
d62c1a01766f3475d0f3a22735973dccb18c2203baf4ec2baa6813ee315a1cf0,2021-06,Derbyshire Constabulary,Derbyshire Constabulary,-1.437283,53.260180,On or near Arundel Close,E01019542,Chesterfield 004B,Public order,Investigation complete; no suspect identified,
99f2fb73c58b0d2ff6ed69bef3c2fc8fab9c53215462c45f47f4a25ea3268935,2021-06,Derbyshire Constabulary,Derbyshire Constabulary,-1.434176,53.258250,On or near Occupation Road,E01019542,Chesterfield 004B,Public order,Unable to prosecute suspect,
0ac8372c0acc36fcf7ceb6c9b3bbfc396dae673d3374125dadd236f1139ad78b,2021-06,Derbyshire Constabulary,Derbyshire Constabulary,-1.437420,53.261187,On or near Devonshire Close,E01019542,Chesterfield 004B,Vehicle crime,Investigation complete; no suspect identified,
b399a738bd604845090528d4c0c7a8b1110a615e742121953cbb83902c761d75,2021-06,Derbyshire Constabulary,Derbyshire Constabulary,-1.437283,53.260180,On or near Arundel Close,E01019542,Chesterfield 004B,Violence and sexual offences,Unable to prosecute suspect,
4faa14950afc3acd5fb01355dce529a8e30296c9594f5094f90438a68f1a1a50,2021-06,Derbyshire Constabulary,Derbyshire Constabulary,-1.432431,53.260957,On or near St John'S Road,E01019542,Chesterfield 004B,Violence and sexual offences,Unable to prosecute suspect,
8183e64f826429b3f8fc4e79f41fb817408b15a6593aa1e15329b842e31fe64b,2021-06,Derbyshire Constabulary,Derbyshire Constabulary,-1.439381,53.259147,On or near Lancaster Road,E01019542,Chesterfield 004B,Violence and sexual offences,Unable to prosecute suspect,
57fb9247216ed31503db8d63171d58c19d29b7f92e5280589f5d4c088a44b94e,2021-06,Derbyshire Constabulary,Derbyshire Constabulary,-1.434176,53.258250,On or near Occupation Road,E01019542,Chesterfield 004B,Violence and sexual offences,Unable to prosecute suspect,
4faa14950afc3acd5fb01355dce529a8e30296c9594f5094f90438a68f1a1a50,2021-06,Derbyshire Constabulary,Derbyshire Constabulary,-1.437283,53.260180,On or near Arundel Close,E01019542,Chesterfield 004B,Violence and sexual offences,Status update unavailable,
ebdada5655f3b54cbfcff1c2e60a49b495d877d7fec149f0806516dc844d3145,2021-06,Derbyshire Constabulary,Derbyshire Constabulary,-1.438730,53.259629,On or near Thorpe Close,E01019542,Chesterfield 004B,Violence and sexual offences,Status update unavailable,
612c575a5e49e6814941626420191a68d0dbdb5b8bfab989f660baa90d0850fe,2021-06,Derbyshire Constabulary,Derbyshire Constabulary,-1.435437,53.260378,On or near Mountcastle Street,E01019542,Chesterfield 004B,Violence and sexual offences,Unable to prosecute suspect,
0119731de2584f526bcb23547e5a2eb03ac4345068288cf5ddb192e52a0cc757,2021-06,Derbyshire Constabulary,Derbyshire Constabulary,-1.431812,53.261277,On or near St John'S Road,E01019542,Chesterfield 004B,Violence and sexual offences,Status update unavailable,
68fc63c43e9549287a84a5344e1491be582679139c115af78279c69bac5b0f4a,2021-06,Derbyshire Constabulary,Derbyshire Constabulary,-1.438730,53.259629,On or near Thorpe Close,E01019542,Chesterfield 004B,Violence and sexual offences,Unable to prosecute suspect,
4660dcfd18a441764e5ffdb951b9953b07670cc9a0295b83ae7a6c1330525ed5,2021-06,Derbyshire Constabulary,Derbyshire Constabulary,-1.437420,53.261187,On or near Devonshire Close,E01019542,Chesterfield 004B,Violence and sexual offences,Status update unavailable,
07f79ffe20cf306c93661900e66713334660080fe93612cacb5220096d5d99db,2021-06,Derbyshire Constabulary,Derbyshire Constabulary,-1.435437,53.260378,On or near Mountcastle Street,E01019542,Chesterfield 004B,Violence and sexual offences,Unable to prosecute suspect,
2b306295e28b3ece158f80de369fe331e47e409e1862b7832324b012afcac800,2021-06,Derbyshire Constabulary,Derbyshire Constabulary,-1.434176,53.258250,On or near Occupation Road,E01019542,Chesterfield 004B,Violence and sexual offences,Unable to prosecute suspect,
50fc0c3c56edc2e65f66fc343e0ab9c6bb0d4c3bf1eedabdc155de8ffc40655a,2021-06,Derbyshire Constabulary,Derbyshire Constabulary,-1.427732,53.259208,On or near Duke Street,E01019542,Chesterfield 004B,Violence and sexual offences,Unable to prosecute suspect,
,2021-06,Derbyshire Constabulary,Derbyshire Constabulary,-1.456794,53.259605,On or near Willow Garth Road,E01019543,Chesterfield 004C,Anti-social behaviour,,
,2021-06,Derbyshire Constabulary,Derbyshire Constabulary,-1.458190,53.260645,On or near Baines Wood Close,E01019543,Chesterfield 004C,Anti-social behaviour,,
,2021-06,Derbyshire Constabulary,Derbyshire Constabulary,-1.446969,53.267012,On or near Beresford Way,E01019543,Chesterfield 004C,Anti-social behaviour,,
,2021-06,Derbyshire Constabulary,Derbyshire Constabulary,-1.455688,53.273533,On or near Broombank Road,E01019543,Chesterfield 004C,Anti-social behaviour,,
,2021-06,Derbyshire Constabulary,Derbyshire Constabulary,-1.450233,53.261553,On or near Nesfield Close,E01019543,Chesterfield 004C,Anti-social behaviour,,
,2021-06,Derbyshire Constabulary,Derbyshire Constabulary,-1.456301,53.260637,On or near Hollin Close,E01019543,Chesterfield 004C,Anti-social behaviour,,
,2021-06,Derbyshire Constabulary,Derbyshire Constabulary,-1.450087,53.260069,On or near Monkwood Road,E01019543,Chesterfield 004C,Anti-social behaviour,,
,2021-06,Derbyshire Constabulary,Derbyshire Constabulary,-1.450087,53.260069,On or near Monkwood Road,E01019543,Chesterfield 004C,Anti-social behaviour,,
,2021-06,Derbyshire Constabulary,Derbyshire Constabulary,-1.452402,53.259531,On or near Sudhall Close,E01019543,Chesterfield 004C,Anti-social behaviour,,
,2021-06,Derbyshire Constabulary,Derbyshire Constabulary,-1.456794,53.259605,On or near Willow Garth Road,E01019543,Chesterfield 004C,Anti-social behaviour,,
a9983ec90ab64b55d07e60c37b9ae18534139ccbc30cdfb5bb724a27008b3d7a,2021-06,Derbyshire Constabulary,Derbyshire Constabulary,-1.456794,53.259605,On or near Willow Garth Road,E01019543,Chesterfield 004C,Criminal damage and arson,Investigation complete; no suspect identified,
cfb16381271c4aa11298ea20fb4a8c003e68adb3c1ef2dccedd6a2ef9c78d258,2021-06,Derbyshire Constabulary,Derbyshire Constabulary,-1.453982,53.257902,On or near Keswick Drive,E01019543,Chesterfield 004C,Other theft,Status update unavailable,
76f13f91d5303d27ceea08b6a685133f36a1d4e94554108fd8ff5196133bb49f,2021-06,Derbyshire Constabulary,Derbyshire Constabulary,-1.449387,53.266717,On or near Dunston Road,E01019543,Chesterfield 004C,Other theft,Investigation complete; no suspect identified,
2f5691ea4294a7d05cd2b5e1f00d8319b06305dc4f2e04f2d9549faa2e7cd993,2021-06,Derbyshire Constabulary,Derbyshire Constabulary,-1.455688,53.273533,On or near Broombank Road,E01019543,Chesterfield 004C,Other theft,Investigation complete; no suspect identified,
d1b02a85e7b3944da9e196d51eaff17ec3e89ec01fc27481ad6cfb1d2fa745dd,2021-06,Derbyshire Constabulary,Derbyshire Constabulary,-1.456301,53.260637,On or near Hollin Close,E01019543,Chesterfield 004C,Public order,Unable to prosecute suspect,
ad98b311a37e8e335d3a97304817240d1c495fccbb041547565896ca57b64141,2021-06,Derbyshire Constabulary,Derbyshire Constabulary,-1.456301,53.260637,On or near Hollin Close,E01019543,Chesterfield 004C,Public order,Unable to prosecute suspect,
734eed9d5680fc6cdd8101d7c882e7e8f3f577a87567a15d9c370f515c6a5e94,2021-06,Derbyshire Constabulary,Derbyshire Constabulary,-1.450233,53.261553,On or near Nesfield Close,E01019543,Chesterfield 004C,Public order,Investigation complete; no suspect identified,
69ba9f625eb4a276386b01914d72fc5427be7ac6702e6cb62080eed76e803d9c,2021-06,Derbyshire Constabulary,Derbyshire Constabulary,-1.451555,53.261289,On or near Kingswood Close,E01019543,Chesterfield 004C,Public order,Unable to prosecute suspect,
48bf868509e970ad7deb6e688918f3cac227ffdcf15d9e0d247425fb465118e1,2021-06,Derbyshire Constabulary,Derbyshire Constabulary,-1.451555,53.261289,On or near Kingswood Close,E01019543,Chesterfield 004C,Public order,Investigation complete; no suspect identified,
737a7f20ceea912802956b97130e8c8221f0e2b48e813a0411366ef67b84ed54,2021-06,Derbyshire Constabulary,Derbyshire Constabulary,-1.458190,53.260645,On or near Baines Wood Close,E01019543,Chesterfield 004C,Vehicle crime,Investigation complete; no suspect identified,
28b756d4d0301e42347606687d798735fbfd1f789d696113a856a8bc1bc83266,2021-06,Derbyshire Constabulary,Derbyshire Constabulary,-1.453528,53.260633,On or near Rose Wood Close,E01019543,Chesterfield 004C,Violence and sexual offences,Unable to prosecute suspect,
53b4b0814a40e3a0da72263619a9d6a60f39b37d51bf4f54b5d99c4a851a58c6,2021-06,Derbyshire Constabulary,Derbyshire Constabulary,-1.450233,53.261553,On or near Nesfield Close,E01019543,Chesterfield 004C,Violence and sexual offences,Unable to prosecute suspect,
84549328e0a5c2eb79349e167b470b1f7bcaf591a91e33d4725b71ee82b744f5,2021-06,Derbyshire Constabulary,Derbyshire Constabulary,-1.453528,53.260633,On or near Rose Wood Close,E01019543,Chesterfield 004C,Violence and sexual offences,Unable to prosecute suspect,
201e8184cdf466a328c7267cd837944002e911021eec3684784dcaba1833e873,2021-06,Derbyshire Constabulary,Derbyshire Constabulary,-1.456301,53.260637,On or near Hollin Close,E01019543,Chesterfield 004C,Violence and sexual offences,Unable to prosecute suspect,
583f9c5705fbbbb0e0ce68def6b98ec621f5d7ede477b2e5514fe005ccaa0117,2021-06,Derbyshire Constabulary,Derbyshire Constabulary,-1.449387,53.266717,On or near Dunston Road,E01019543,Chesterfield 004C,Violence and sexual offences,Unable to prosecute suspect,
fd828ab419f2231167fdf4f938aa9b26fde86ea9405542414cf2fdcf57f1e8a7,2021-06,Derbyshire Constabulary,Derbyshire Constabulary,-1.451555,53.261289,On or near Kingswood Close,E01019543,Chesterfield 004C,Violence and sexual offences,Unable to prosecute suspect,
7212fbec3d8300d8201c80660b5987cfacfcb462ea4724fd89f4074878bdfe98,2021-06,Derbyshire Constabulary,Derbyshire Constabulary,-1.450087,53.260069,On or near Monkwood Road,E01019543,Chesterfield 004C,Violence and sexual offences,Unable to prosecute suspect,
8d25cb84866d3f29475f6de43f1f31420f7e76ebf344b63a2965fe9f790bbe06,2021-06,Derbyshire Constabulary,Derbyshire Constabulary,-1.451555,53.261289,On or near Kingswood Close,E01019543,Chesterfield 004C,Violence and sexual offences,Unable to prosecute suspect,
47c8b0a40fcd886ff8bd0bc5c01fd9f319c066fe8a8abb62eef8431b9bdbda8b,2021-06,Derbyshire Constabulary,Derbyshire Constabulary,-1.455688,53.273533,On or near Broombank Road,E01019543,Chesterfield 004C,Violence and sexual offences,Status update unavailable,
5c3dbe19bb650fe9eeea9c443eeb475c536f0db30308faea44b91232e61af9be,2021-06,Derbyshire Constabulary,Derbyshire Constabulary,-1.456301,53.260637,On or near Hollin Close,E01019543,Chesterfield 004C,Violence and sexual offences,Unable to prosecute suspect,
7921af1c00884eea6c1e438adce35bc83dfa358b3d0dc6d8e3232270b831ce28,2021-06,Derbyshire Constabulary,Derbyshire Constabulary,-1.454774,53.259290,On or near Loundes Wood Avenue,E01019543,Chesterfield 004C,Violence and sexual offences,Unable to prosecute suspect,
903da2b95911bf6f90061eaa5d9fc0b53f3a31aaf5b5f66b763c96f791af6e45,2021-06,Derbyshire Constabulary,Derbyshire Constabulary,-1.450087,53.260069,On or near Monkwood Road,E01019543,Chesterfield 004C,Violence and sexual offences,Unable to prosecute suspect,
5f4ea57bf01b010cd9e73da5b5d6006bf63ae78a89e4f2a99e8b56125b5602e8,2021-06,Derbyshire Constabulary,Derbyshire Constabulary,-1.450623,53.260332,On or near Leeswood Close,E01019543,Chesterfield 004C,Violence and sexual offences,Unable to prosecute suspect,
cebca8c0b7ddaf0b0a99813246dd7d8393ba734e9890ec973cdef53507cb2f37,2021-06,Derbyshire Constabulary,Derbyshire Constabulary,-1.451555,53.261289,On or near Kingswood Close,E01019543,Chesterfield 004C,Violence and sexual offences,Status update unavailable,
8247c63f770c1d244e880a6966e8ddd6cfd1b681a1777adf8e157cf57f2730ce,2021-06,Derbyshire Constabulary,Derbyshire Constabulary,-1.453528,53.260633,On or near Rose Wood Close,E01019543,Chesterfield 004C,Violence and sexual offences,Unable to prosecute suspect,
0533ccd58a70b1a5aa6122e1cf6d15f9d2bcf0e215c5763f1e8ece1db6eb9d0c,2021-06,Derbyshire Constabulary,Derbyshire Constabulary,-1.451555,53.261289,On or near Kingswood Close,E01019543,Chesterfield 004C,Violence and sexual offences,Unable to prosecute suspect,
74b47d5561c0a16976ad8e3d9e8d766574cc942cc783338856e3d2b4f3a965e5,2021-06,Derbyshire Constabulary,Derbyshire Constabulary,-1.456301,53.260637,On or near Hollin Close,E01019543,Chesterfield 004C,Violence and sexual offences,Unable to prosecute suspect,
3ab89d380389bee6c22ac07294249c5476e0d24cd181dfc1492b1b45a8687059,2021-06,Derbyshire Constabulary,Derbyshire Constabulary,-1.451555,53.261289,On or near Kingswood Close,E01019543,Chesterfield 004C,Violence and sexual offences,Unable to prosecute suspect,
35a8a0a36814b9c03ce612875b957ae7f68489409ef5a47e88f6075c4a88aa5b,2021-06,Derbyshire Constabulary,Derbyshire Constabulary,-1.456301,53.260637,On or near Hollin Close,E01019543,Chesterfield 004C,Violence and sexual offences,Unable to prosecute suspect,
efa4bc5df839fe31306dc3504174475cdf41439c7916bfb47a476c2e0c3f8ea9,2021-06,Derbyshire Constabulary,Derbyshire Constabulary,-1.453372,53.258744,On or near Kirkstone Road,E01019543,Chesterfield 004C,Violence and sexual offences,Unable to prosecute suspect,
6007b7c5e38574ae3a7c31686f77c8835d365e3eabbb0a510673bb9d77a414a3,2021-06,Derbyshire Constabulary,Derbyshire Constabulary,-1.453372,53.258744,On or near Kirkstone Road,E01019543,Chesterfield 004C,Violence and sexual offences,Unable to prosecute suspect,
e62fcffaecf6d76175cad8fbf8d428fd279591d221f104228b6e28b7cf8219e5,2021-06,Derbyshire Constabulary,Derbyshire Constabulary,-1.454599,53.260044,On or near Cordwell Avenue,E01019543,Chesterfield 004C,Violence and sexual offences,Unable to prosecute suspect,
,2021-06,Derbyshire Constabulary,Derbyshire Constabulary,-1.446525,53.259612,On or near Coniston Way,E01019544,Chesterfield 004D,Anti-social behaviour,,
,2021-06,Derbyshire Constabulary,Derbyshire Constabulary,-1.440321,53.260563,On or near Rydal Crescent,E01019544,Chesterfield 004D,Anti-social behaviour,,
1d8a218374d77c683a247aa49e52271ceb9299c1632719cca714d3dfeaea0f32,2021-06,Derbyshire Constabulary,Derbyshire Constabulary,-1.447881,53.255600,On or near Broom Close,E01019544,Chesterfield 004D,Bicycle theft,Awaiting court outcome,
67eefccbe370b56c15c4c1ffebc471684fd1ad52f108f76ed65f0ccff87c30ee,2021-06,Derbyshire Constabulary,Derbyshire Constabulary,-1.440321,53.260563,On or near Rydal Crescent,E01019544,Chesterfield 004D,Criminal damage and arson,Unable to prosecute suspect,
27b7623d9daf4dd449797bdcb40e4fad2811cb18f5f9d941d0f87f71aa4f37eb,2021-06,Derbyshire Constabulary,Derbyshire Constabulary,-1.440321,53.260563,On or near Rydal Crescent,E01019544,Chesterfield 004D,Criminal damage and arson,Unable to prosecute suspect,
d9050cceb13b1d655d30e83f4744b3bdb0ffffefd5ccbabfca5c52c49b8225d4,2021-06,Derbyshire Constabulary,Derbyshire Constabulary,-1.442085,53.265578,On or near Dunston Way,E01019544,Chesterfield 004D,Other theft,Investigation complete; no suspect identified,
4ff2ea095b669fc9af3e92d571c47e8ee5686c5837a92bbead5f23a8cab75602,2021-06,Derbyshire Constabulary,Derbyshire Constabulary,-1.447881,53.255600,On or near Broom Close,E01019544,Chesterfield 004D,Other theft,Investigation complete; no suspect identified,
9a0288da9b1a18a300d3b9fb5a98377427a676a779e26791363eaceea3ca6dbf,2021-06,Derbyshire Constabulary,Derbyshire Constabulary,-1.443213,53.259524,On or near Kendal Road,E01019544,Chesterfield 004D,Other theft,Investigation complete; no suspect identified,
796f898af8ffbefb02e892e686b07b17672d3cb5dbdb04d26870adba8cd371c1,2021-06,Derbyshire Constabulary,Derbyshire Constabulary,-1.446525,53.259612,On or near Coniston Way,E01019544,Chesterfield 004D,Public order,Unable to prosecute suspect,
bca679556edd6e5da7df585bb6c1bc19483a3783ee3749e01cb9588d3070d416,2021-06,Derbyshire Constabulary,Derbyshire Constabulary,-1.447881,53.255600,On or near Broom Close,E01019544,Chesterfield 004D,Robbery,Status update unavailable,
cd78c56079795d3b164de2a7bcea640bf06e55b171a5ecad06a324df1b9c072f,2021-06,Derbyshire Constabulary,Derbyshire Constabulary,-1.447703,53.253100,On or near Linscott Close,E01019544,Chesterfield 004D,Shoplifting,Investigation complete; no suspect identified,
ac18956a7280a2261ef9a78d5e7df854c97da56ef1352d9a9f73315b3ee3d96a,2021-06,Derbyshire Constabulary,Derbyshire Constabulary,-1.447703,53.253100,On or near Linscott Close,E01019544,Chesterfield 004D,Shoplifting,Investigation complete; no suspect identified,
e81dcb1a9b065f18e3c021c44fe0e0d387ad3ec3704c25750ce04c81b458b964,2021-06,Derbyshire Constabulary,Derbyshire Constabulary,-1.447881,53.255600,On or near Broom Close,E01019544,Chesterfield 004D,Shoplifting,Awaiting court outcome,
a63e08ee201433efc108dcc535bb39a8679eb58e217b0d0a8bba6b3d960c84d6,2021-06,Derbyshire Constabulary,Derbyshire Constabulary,-1.447703,53.253100,On or near Linscott Close,E01019544,Chesterfield 004D,Shoplifting,Investigation complete; no suspect identified,
c98d1efe4c19fd2dfff22d692e901591fc348640c58032ca2c05448f8bae2d4c,2021-06,Derbyshire Constabulary,Derbyshire Constabulary,-1.447703,53.253100,On or near Linscott Close,E01019544,Chesterfield 004D,Shoplifting,Awaiting court outcome,
034908f960c9f4de393cfb413f89da43a0b0f193b7b8d5c63d76efde27601d5e,2021-06,Derbyshire Constabulary,Derbyshire Constabulary,-1.447881,53.255600,On or near Broom Close,E01019544,Chesterfield 004D,Shoplifting,Investigation complete; no suspect identified,
5bd7a4699ae951f2b051d9966d6e5926b7462fb75f167d9a36c7f91f29c3edfe,2021-06,Derbyshire Constabulary,Derbyshire Constabulary,-1.447703,53.253100,On or near Linscott Close,E01019544,Chesterfield 004D,Shoplifting,Investigation complete; no suspect identified,
fc2368c54854b86826305ae858c234608bce81e7c78bf77332d7bbfbf93b68e3,2021-06,Derbyshire Constabulary,Derbyshire Constabulary,-1.447703,53.253100,On or near Linscott Close,E01019544,Chesterfield 004D,Shoplifting,Status update unavailable,
25f1e65310d484c11f4682bf1feb0f86e131f1ac511ab0f6e09ef4eefcfd3c73,2021-06,Derbyshire Constabulary,Derbyshire Constabulary,-1.447703,53.253100,On or near Linscott Close,E01019544,Chesterfield 004D,Shoplifting,Investigation complete; no suspect identified,
c7a4f5f74158369132ae843fc31ad6b5e67c8955452cf40d0e25ad857e7ce0ce,2021-06,Derbyshire Constabulary,Derbyshire Constabulary,-1.447703,53.253100,On or near Linscott Close,E01019544,Chesterfield 004D,Shoplifting,Investigation complete; no suspect identified,
9896ee95171f70a0a5dc82288f6814ec739be352fecad6649e8d9c842b52f498,2021-06,Derbyshire Constabulary,Derbyshire Constabulary,-1.447881,53.255600,On or near Broom Close,E01019544,Chesterfield 004D,Shoplifting,Awaiting court outcome,
7bf2afc8fe683f5583d3dd4292df8d09350f78dba0d5cfebbc6bcdf717ff2de4,2021-06,Derbyshire Constabulary,Derbyshire Constabulary,-1.447881,53.255600,On or near Broom Close,E01019544,Chesterfield 004D,Shoplifting,Awaiting court outcome,
57d6c769c9714e40a2173b53b491f9a087a6a63f8362d488b0c3944cbe175cad,2021-06,Derbyshire Constabulary,Derbyshire Constabulary,-1.447703,53.253100,On or near Linscott Close,E01019544,Chesterfield 004D,Shoplifting,Investigation complete; no suspect identified,
d39ac1233a7f7659c2055b2bcce5ae4ce1ae4b64bfd754a236b64473b1de36ec,2021-06,Derbyshire Constabulary,Derbyshire Constabulary,-1.448724,53.256476,On or near Buttermere Close,E01019544,Chesterfield 004D,Violence and sexual offences,Investigation complete; no suspect identified,
c0070636368584cb1f77ee6248554f052b6228e5b891eb39d4f805da0ae61917,2021-06,Derbyshire Constabulary,Derbyshire Constabulary,-1.440321,53.260563,On or near Rydal Crescent,E01019544,Chesterfield 004D,Violence and sexual offences,Status update unavailable,
2d5850878b3197049bfce51b0d83c80462b32ddfe8fc433211a17f05e326a404,2021-06,Derbyshire Constabulary,Derbyshire Constabulary,-1.447703,53.253100,On or near Linscott Close,E01019544,Chesterfield 004D,Violence and sexual offences,Investigation complete; no suspect identified,
0108286b0a49483da2fb50263b08b1ee9b22c5e12271d522f9bd82dc76e75aff,2021-06,Derbyshire Constabulary,Derbyshire Constabulary,-1.444775,53.259316,On or near Gorman Close,E01019544,Chesterfield 004D,Violence and sexual offences,Unable to prosecute suspect,
6539902531f24c9deb9821901f0679d9f308dcd7045480e99db4c1efdb5df0a7,2021-06,Derbyshire Constabulary,Derbyshire Constabulary,-1.447703,53.253100,On or near Linscott Close,E01019544,Chesterfield 004D,Violence and sexual offences,Investigation complete; no suspect identified,
57e4cc8519f4096b2219d0d2b8bba46d77d0622d41e87ce9dbc659dd4667c5c5,2021-06,Derbyshire Constabulary,Derbyshire Constabulary,-1.447881,53.255600,On or near Broom Close,E01019544,Chesterfield 004D,Violence and sexual offences,Status update unavailable,
,2021-06,Derbyshire Constabulary,Derbyshire Constabulary,-1.443221,53.255488,On or near Blandford Drive,E01019571,Chesterfield 004E,Anti-social behaviour,,
,2021-06,Derbyshire Constabulary,Derbyshire Constabulary,-1.432726,53.256769,On or near Stand Road,E01019571,Chesterfield 004E,Anti-social behaviour,,
284e02ed26266a28d34fd69c5e7065e9c0c329133e5b19b9162e9e76484b9c1e,2021-06,Derbyshire Constabulary,Derbyshire Constabulary,-1.437055,53.258147,On or near St John'S Road,E01019571,Chesterfield 004E,Criminal damage and arson,Investigation complete; no suspect identified,
70b7ac83fe40ae181e3b44e81e9cff2c32f03b5ebaeb4e58541e8c2777ebdf69,2021-06,Derbyshire Constabulary,Derbyshire Constabulary,-1.446389,53.256213,On or near Littlemoor,E01019571,Chesterfield 004E,Criminal damage and arson,Unable to prosecute suspect,
14713aa24f0779f67d951526752fc264b6d7ae2529e15cbabacd174ac2b6d041,2021-06,Derbyshire Constabulary,Derbyshire Constabulary,-1.428831,53.256580,On or near Grove Road,E01019571,Chesterfield 004E,Criminal damage and arson,Investigation complete; no suspect identified,
c4e972c27c467103554435080f16b543ecca9d18da5bd44d36f420f78a52d73d,2021-06,Derbyshire Constabulary,Derbyshire Constabulary,-1.443110,53.254787,On or near Winchester Road,E01019571,Chesterfield 004E,Criminal damage and arson,Status update unavailable,
ea8b086a11672f707f7a14df2edbafde5fb3aaff6557116c9e04eb9e4d874b25,2021-06,Derbyshire Constabulary,Derbyshire Constabulary,-1.446389,53.256213,On or near Littlemoor,E01019571,Chesterfield 004E,Criminal damage and arson,Investigation complete; no suspect identified,
75d4203b23a4b050b014d3baf7c8489e59bf62fc446060612a0ed983f918f801,2021-06,Derbyshire Constabulary,Derbyshire Constabulary,-1.443221,53.255488,On or near Blandford Drive,E01019571,Chesterfield 004E,Public order,Unable to prosecute suspect,
0a8931495cf3d709788df10954391009ff2fcbce9ba1b9fc871bc26bc2bbe22f,2021-06,Derbyshire Constabulary,Derbyshire Constabulary,-1.432726,53.256769,On or near Stand Road,E01019571,Chesterfield 004E,Public order,Unable to prosecute suspect,
f34c00974ac24d5351bbfc0d8b901afcdcd9f075bd38e467ef5c4d89e1b92f5e,2021-06,Derbyshire Constabulary,Derbyshire Constabulary,-1.428831,53.256580,On or near Grove Road,E01019571,Chesterfield 004E,Public order,Unable to prosecute suspect,
9f3e28dd7b7b2521d3b6e8f326ddd13898a35d2efa672835f3f5dd521d4160b2,2021-06,Derbyshire Constabulary,Derbyshire Constabulary,-1.432726,53.256769,On or near Stand Road,E01019571,Chesterfield 004E,Public order,Unable to prosecute suspect,
6d5e9c89de5dbb24650f5cdc0c00370c115d28747d3d3871c4fbfaacb0f4b855,2021-06,Derbyshire Constabulary,Derbyshire Constabulary,-1.446389,53.256213,On or near Littlemoor,E01019571,Chesterfield 004E,Robbery,Awaiting court outcome,
7af601959f35143f2d1a505a5ee80aa95c06d30c045bc37164052832b4de98bb,2021-06,Derbyshire Constabulary,Derbyshire Constabulary,-1.446389,53.256213,On or near Littlemoor,E01019571,Chesterfield 004E,Shoplifting,Investigation complete; no suspect identified,
08919bdf9bf85afded76ee08172022808d67740be98325a5a3fbe7e02d9e05fc,2021-06,Derbyshire Constabulary,Derbyshire Constabulary,-1.436291,53.258144,On or near Allsops Place,E01019571,Chesterfield 004E,Vehicle crime,Investigation complete; no suspect identified,
8499adbaf443fa4fb0ecb2f9ceb660650d2cd2b22574b7b0c74530f07191a27b,2021-06,Derbyshire Constabulary,Derbyshire Constabulary,-1.443110,53.254787,On or near Winchester Road,E01019571,Chesterfield 004E,Vehicle crime,Investigation complete; no suspect identified,
e1031fcef3d2f1c34d80e7ef5435e4234b8dace1690aba8746335baf1e08f3a4,2021-06,Derbyshire Constabulary,Derbyshire Constabulary,-1.441135,53.255676,On or near Cranborne Road,E01019571,Chesterfield 004E,Violence and sexual offences,Status update unavailable,
6fea552eb40ca4ae7e2b4c4260c272e6d75839720150341285daeef7fd77a659,2021-06,Derbyshire Constabulary,Derbyshire Constabulary,-1.441135,53.255676,On or near Cranborne Road,E01019571,Chesterfield 004E,Violence and sexual offences,Unable to prosecute suspect,
c88978e66a560e2ca7973c13885f3b1f33876696ad1a2fa3f3835f7cdbdad96f,2021-06,Derbyshire Constabulary,Derbyshire Constabulary,-1.443110,53.254787,On or near Winchester Road,E01019571,Chesterfield 004E,Violence and sexual offences,Unable to prosecute suspect,
3ff0e4ea8830e99db01604bf130449ac09de491cfd4f310cb2018962406e09d8,2021-06,Derbyshire Constabulary,Derbyshire Constabulary,-1.441135,53.255676,On or near Cranborne Road,E01019571,Chesterfield 004E,Violence and sexual offences,Offender given a caution,
701d4bf81d33419560ecef06db1a0ebfa29cb694f9b95258188643a86183c9ae,2021-06,Derbyshire Constabulary,Derbyshire Constabulary,-1.443110,53.254787,On or near Winchester Road,E01019571,Chesterfield 004E,Violence and sexual offences,Status update unavailable,
f15fe40c79a27aa279966e8ba7a5a872d109ce90dcf4ed030a46ae20943c916f,2021-06,Derbyshire Constabulary,Derbyshire Constabulary,-1.441135,53.255676,On or near Cranborne Road,E01019571,Chesterfield 004E,Violence and sexual offences,Unable to prosecute suspect,
31d5c93bf49903f0f53c2ceb202dd2637e83f6d6aaf354b24c9b012f723fc6d3,2021-06,Derbyshire Constabulary,Derbyshire Constabulary,-1.439879,53.254250,On or near Salisbury Avenue,E01019571,Chesterfield 004E,Violence and sexual offences,Unable to prosecute suspect,
445a6f87862bdd082455ffb9adcb4026d925f0fec1203f22b9b365394b387308,2021-06,Derbyshire Constabulary,Derbyshire Constabulary,-1.446389,53.256213,On or near Littlemoor,E01019571,Chesterfield 004E,Violence and sexual offences,Awaiting court outcome,
,2021-06,Derbyshire Constabulary,Derbyshire Constabulary,-1.404798,53.260202,On or near Capel Rise,E01019532,Chesterfield 005A,Anti-social behaviour,,
,2021-06,Derbyshire Constabulary,Derbyshire Constabulary,-1.397286,53.260272,On or near Peterdale Close,E01019532,Chesterfield 005A,Anti-social behaviour,,
2b5be95895ab892bb8f0c4a41ad1a68f4c3062fea09dbe3546bc98fa1674371a,2021-06,Derbyshire Constabulary,Derbyshire Constabulary,-1.402400,53.263381,On or near Gregory Lane,E01019532,Chesterfield 005A,Other theft,Unable to prosecute suspect,
5d33b8135773584d315f9208c34278a42035e5b67757f2bc580f5b6fd498cf00,2021-06,Derbyshire Constabulary,Derbyshire Constabulary,-1.403446,53.260384,On or near Selmer Court,E01019532,Chesterfield 005A,Violence and sexual offences,Unable to prosecute suspect,
83c41ced0ebbe76f751accb986f0e9720d68216ab5a7af80fd85bd8dc90a242f,2021-06,Derbyshire Constabulary,Derbyshire Constabulary,-1.402400,53.263381,On or near Gregory Lane,E01019532,Chesterfield 005A,Violence and sexual offences,Unable to prosecute suspect,
d298534347ac510b14784cd83300bf32f3f72211ea4f17e6eb92592c74bf8e52,2021-06,Derbyshire Constabulary,Derbyshire Constabulary,-1.404798,53.260202,On or near Capel Rise,E01019532,Chesterfield 005A,Violence and sexual offences,Unable to prosecute suspect,
5915ec1995f0eae783a64479379f9deea2a81b051badc49922f20e160e2fc251,2021-06,Derbyshire Constabulary,Derbyshire Constabulary,-1.399506,53.259106,On or near Sports/Recreation Area,E01019532,Chesterfield 005A,Violence and sexual offences,Status update unavailable,
b54589aab7378cad5170cd3ecd16da7d1a25a2d482c48eac64d9e5ed24cdeb91,2021-06,Derbyshire Constabulary,Derbyshire Constabulary,-1.403446,53.260384,On or near Selmer Court,E01019532,Chesterfield 005A,Violence and sexual offences,Unable to prosecute suspect,
39d54f32e90f8d1dcdd6cb91a6dd38b5b94ea596cf1552411d6dc053cd006731,2021-06,Derbyshire Constabulary,Derbyshire Constabulary,-1.402011,53.261186,On or near Spring Vale Road,E01019532,Chesterfield 005A,Violence and sexual offences,Status update unavailable,
1e8ba94b91089bd9f9f0faec65f2dcad206c9735ad2e4d6fa7856da8538742dd,2021-06,Derbyshire Constabulary,Derbyshire Constabulary,-1.403446,53.260384,On or near Selmer Court,E01019532,Chesterfield 005A,Violence and sexual offences,Unable to prosecute suspect,
,2021-06,Derbyshire Constabulary,Derbyshire Constabulary,-1.413979,53.245425,On or near Parking Area,E01019533,Chesterfield 005B,Anti-social behaviour,,
,2021-06,Derbyshire Constabulary,Derbyshire Constabulary,-1.406488,53.245280,On or near Pettyclose Lane,E01019533,Chesterfield 005B,Anti-social behaviour,,
aede5b66c2b05be41646deb5ed3d730ed6d4e5936d9cd727abde7bacb5523650,2021-06,Derbyshire Constabulary,Derbyshire Constabulary,-1.416043,53.247934,On or near Tapton Vale,E01019533,Chesterfield 005B,Criminal damage and arson,Investigation complete; no suspect identified,
242395dcbe8220d8bc33f0e3f316880a10fd6d0aa1e5cfeb2cbe340c1f0f3f89,2021-06,Derbyshire Constabulary,Derbyshire Constabulary,-1.416043,53.247934,On or near Tapton Vale,E01019533,Chesterfield 005B,Public order,Further investigation is not in the public interest,
12ef3cbc2e335e97955c8e65ebed734b26aa5e26f22f61b8fc1a9677a63fc046,2021-06,Derbyshire Constabulary,Derbyshire Constabulary,-1.413979,53.245425,On or near Parking Area,E01019533,Chesterfield 005B,Public order,Investigation complete; no suspect identified,
7b441cc97c63572cc61ee417fdaa3aefc44a1c900de766e39c0c00a3431def6e,2021-06,Derbyshire Constabulary,Derbyshire Constabulary,-1.414307,53.251053,On or near Malia Road,E01019533,Chesterfield 005B,Violence and sexual offences,Unable to prosecute suspect,
,2021-06,Derbyshire Constabulary,Derbyshire Constabulary,-1.411608,53.252227,On or near Brimington Road,E01019534,Chesterfield 005C,Anti-social behaviour,,
,2021-06,Derbyshire Constabulary,Derbyshire Constabulary,-1.398409,53.257221,On or near Devonshire Street,E01019534,Chesterfield 005C,Anti-social behaviour,,
,2021-06,Derbyshire Constabulary,Derbyshire Constabulary,-1.411608,53.252227,On or near Brimington Road,E01019534,Chesterfield 005C,Anti-social behaviour,,
,2021-06,Derbyshire Constabulary,Derbyshire Constabulary,-1.393179,53.252844,On or near North Moor View,E01019534,Chesterfield 005C,Anti-social behaviour,,
399117a42fb97e8e2304747c38b25d26e69ad686e0ce10d5fba7fe0ba9fec729,2021-06,Derbyshire Constabulary,Derbyshire Constabulary,-1.404616,53.253864,On or near Chesterfield Road,E01019534,Chesterfield 005C,Burglary,Unable to prosecute suspect,
74b3ac384653b9b6040e5860c0bc40624626536c3e36949635415d1d40a438c5,2021-06,Derbyshire Constabulary,Derbyshire Constabulary,-1.393855,53.256974,On or near High Street,E01019534,Chesterfield 005C,Burglary,Investigation complete; no suspect identified,
f17314cf043fe4b10590eeb6c3f523d37836eb089989dcb15e428e8760f908dd,2021-06,Derbyshire Constabulary,Derbyshire Constabulary,-1.411608,53.252227,On or near Brimington Road,E01019534,Chesterfield 005C,Burglary,Investigation complete; no suspect identified,
42aa6140663e30af8d8d9bba96ee62e5b3385f0f572978886ecb9f8384506423,2021-06,Derbyshire Constabulary,Derbyshire Constabulary,-1.411608,53.252227,On or near Brimington Road,E01019534,Chesterfield 005C,Drugs,Status update unavailable,
07bee369a3bb2c17355704e6f34f2900268be4b661bb735b84cec83103051481,2021-06,Derbyshire Constabulary,Derbyshire Constabulary,-1.398409,53.257221,On or near Devonshire Street,E01019534,Chesterfield 005C,Robbery,Investigation complete; no suspect identified,
eec01f4258c62a3cb15bc171a9cca60e789c145a2fa3a4703b0b59d0fb252495,2021-06,Derbyshire Constabulary,Derbyshire Constabulary,-1.393855,53.256974,On or near High Street,E01019534,Chesterfield 005C,Violence and sexual offences,Unable to prosecute suspect,
d591d08e3a905db7c0fe100a775804c9da4f6a8513443b9329debba314ef3f58,2021-06,Derbyshire Constabulary,Derbyshire Constabulary,-1.393855,53.256974,On or near High Street,E01019534,Chesterfield 005C,Violence and sexual offences,Investigation complete; no suspect identified,
8230b6f24e61a25739e6196c6280e45751de1304bca6edcc2b46cbc896edc335,2021-06,Derbyshire Constabulary,Derbyshire Constabulary,-1.398970,53.255651,On or near Pingle Grange,E01019534,Chesterfield 005C,Violence and sexual offences,Unable to prosecute suspect,
9028657e0bf0f0a5c7a046a8ae6cc4742fd9d732a3739211cfeb9efb192b2cde,2021-06,Derbyshire Constabulary,Derbyshire Constabulary,-1.392082,53.254124,On or near Manor Drive,E01019534,Chesterfield 005C,Violence and sexual offences,Unable to prosecute suspect,
5707c41be8e88b4dc5685b1ac644a5555b460421df9feae2697eee4211a8bca1,2021-06,Derbyshire Constabulary,Derbyshire Constabulary,-1.398409,53.257221,On or near Devonshire Street,E01019534,Chesterfield 005C,Other crime,Status update unavailable,
5fc0969f15e9db1158612686843ac06199282cc49ba9e0b377800599adfb3e07,2021-06,Derbyshire Constabulary,Derbyshire Constabulary,-1.396846,53.256396,On or near Grove Farm Close,E01019534,Chesterfield 005C,Other crime,Status update unavailable,
,2021-06,Derbyshire Constabulary,Derbyshire Constabulary,-1.391009,53.242083,On or near Barry Road,E01019535,Chesterfield 005D,Anti-social behaviour,,
a556271bcd9d44720894ef90f3bb9b92496d0affbb6b5487642689e7be492b7b,2021-06,Derbyshire Constabulary,Derbyshire Constabulary,-1.389445,53.244573,On or near Nether Farm Close,E01019535,Chesterfield 005D,Burglary,Status update unavailable,
d4e715065da2fc0e961c540e5ebe444fb6b810e4d28cf6bceb98323d1bdac573,2021-06,Derbyshire Constabulary,Derbyshire Constabulary,-1.389445,53.244573,On or near Nether Farm Close,E01019535,Chesterfield 005D,Criminal damage and arson,Unable to prosecute suspect,
ccab7347a304136617acd7e01c960acffc015db8c73bdf2ee4a1c3af051b39f3,2021-06,Derbyshire Constabulary,Derbyshire Constabulary,-1.390809,53.245614,On or near Recreation Road,E01019535,Chesterfield 005D,Criminal damage and arson,Investigation complete; no suspect identified,
443d9d65edeae75efc6362e7fac3c340090f144005bb1b15b5ef4792b49f2247,2021-06,Derbyshire Constabulary,Derbyshire Constabulary,-1.391255,53.244798,On or near Grove Way,E01019535,Chesterfield 005D,Violence and sexual offences,Unable to prosecute suspect,
70d00228f3002a723ed270a9e991031c350f5631aec1665d250f4adde080f940,2021-06,Derbyshire Constabulary,Derbyshire Constabulary,-1.394937,53.245105,On or near Grove Road,E01019535,Chesterfield 005D,Violence and sexual offences,Unable to prosecute suspect,
9027a038f023055f41b3216cc98dc632f2518ce6748d94a00fe5104774853f45,2021-06,Derbyshire Constabulary,Derbyshire Constabulary,-1.389445,53.244573,On or near Nether Farm Close,E01019535,Chesterfield 005D,Violence and sexual offences,Status update unavailable,
8c932a291b6c8de3cbde9304339ce950c1f2de7e37fba5c74fa6e742a45fd19e,2021-06,Derbyshire Constabulary,Derbyshire Constabulary,-1.391600,53.243731,On or near Grove Gardens,E01019535,Chesterfield 005D,Violence and sexual offences,Status update unavailable,
8c932a291b6c8de3cbde9304339ce950c1f2de7e37fba5c74fa6e742a45fd19e,2021-06,Derbyshire Constabulary,Derbyshire Constabulary,-1.389445,53.244573,On or near Nether Farm Close,E01019535,Chesterfield 005D,Violence and sexual offences,Status update unavailable,
cc9ca1d3eb5d82b31b6867ee25c5119b9a31f54a53205d2c3f0ffccc2e0ff51a,2021-06,Derbyshire Constabulary,Derbyshire Constabulary,-1.394937,53.245105,On or near Grove Road,E01019535,Chesterfield 005D,Violence and sexual offences,Unable to prosecute suspect,
a735e251a05ec4f76d742513d03227423fea071982568c9fcc84e468e7fe8cd7,2021-06,Derbyshire Constabulary,Derbyshire Constabulary,-1.390809,53.245614,On or near Recreation Road,E01019535,Chesterfield 005D,Violence and sexual offences,Investigation complete; no suspect identified,
aa123b7759ea2cbc67d0180e77736c1e2ade47faa1a87bdc3ade92c34dc64fdf,2021-06,Derbyshire Constabulary,Derbyshire Constabulary,-1.390809,53.245614,On or near Recreation Road,E01019535,Chesterfield 005D,Violence and sexual offences,Investigation complete; no suspect identified,
be10d0b34c0392b32194874a5f8c5e60207871bb9fb307d0fd9a8d7712842055,2021-06,Derbyshire Constabulary,Derbyshire Constabulary,-1.391782,53.242482,On or near Southmoor Close,E01019535,Chesterfield 005D,Other crime,Unable to prosecute suspect,
0f9f2d45c63d6cfd7b565e4069f24b58040f6f8a236a9710c5c1b9ebb400b423,2021-06,Derbyshire Constabulary,Derbyshire Constabulary,-1.391782,53.242482,On or near Southmoor Close,E01019535,Chesterfield 005D,Other crime,Local resolution,
,2021-06,Derbyshire Constabulary,Derbyshire Constabulary,-1.407741,53.255515,On or near Lansdowne Road,E01019536,Chesterfield 005E,Anti-social behaviour,,
,2021-06,Derbyshire Constabulary,Derbyshire Constabulary,-1.407741,53.255515,On or near Lansdowne Road,E01019536,Chesterfield 005E,Anti-social behaviour,,
6654028f19a566aaa115fc38028dc104659235a72761665d83ec6cd5bebbf2ca,2021-06,Derbyshire Constabulary,Derbyshire Constabulary,-1.406975,53.257777,On or near Wayside,E01019536,Chesterfield 005E,Criminal damage and arson,Status update unavailable,
c2e02661aea83ce1ffb5ba373796a6f9f2b3a3e861bb6bc636543ec5c3d6f58a,2021-06,Derbyshire Constabulary,Derbyshire Constabulary,-1.411460,53.259777,On or near Wilden Croft,E01019536,Chesterfield 005E,Violence and sexual offences,Unable to prosecute suspect,
77d6a633ccc77f6d1044cd1f9103254223384df50e8715486f772e09edd77040,2021-06,Derbyshire Constabulary,Derbyshire Constabulary,-1.408249,53.257756,On or near Wayside Court,E01019536,Chesterfield 005E,Violence and sexual offences,Unable to prosecute suspect,
298927c3b5bdbaa17ef7d83d0bf44b7daa5f639f227e1ec8609ee51324bbf3ce,2021-06,Derbyshire Constabulary,Derbyshire Constabulary,-1.407741,53.255515,On or near Lansdowne Road,E01019536,Chesterfield 005E,Violence and sexual offences,Unable to prosecute suspect,
977e4201e0222a9547a417ef42c9b677e9e73f654e4293a107cdcf31e5b38593,2021-06,Derbyshire Constabulary,Derbyshire Constabulary,-1.404365,53.256838,On or near Devonshire Court,E01019536,Chesterfield 005E,Violence and sexual offences,Unable to prosecute suspect,
376f24de6439b14af8ec6129f02b7b61c6dd0887bde951fe45a612ad9c838379,2021-06,Derbyshire Constabulary,Derbyshire Constabulary,-1.407741,53.255515,On or near Lansdowne Road,E01019536,Chesterfield 005E,Violence and sexual offences,Unable to prosecute suspect,
68cc3800ae2a0917f4d6c0f51eb1a66e8b73efc28d8ef246abb49f362ec204fd,2021-06,Derbyshire Constabulary,Derbyshire Constabulary,-1.407741,53.255515,On or near Lansdowne Road,E01019536,Chesterfield 005E,Violence and sexual offences,Unable to prosecute suspect,
73d20abb1ef589ac55635ef2ead3c77dc48c396ab124d6026147b8b5b0ba32c1,2021-06,Derbyshire Constabulary,Derbyshire Constabulary,-1.408249,53.257756,On or near Wayside Court,E01019536,Chesterfield 005E,Violence and sexual offences,Unable to prosecute suspect,
c025d61ab354c6ec9c7effa2a4991b1d20b3d0b073c95db1d69a3cb7b747524f,2021-06,Derbyshire Constabulary,Derbyshire Constabulary,-1.408996,53.255764,On or near The Crescent,E01019536,Chesterfield 005E,Other crime,Unable to prosecute suspect,
,2021-06,Derbyshire Constabulary,Derbyshire Constabulary,-1.337589,53.244009,On or near Rectory Road,E01019549,Chesterfield 006A,Anti-social behaviour,,
,2021-06,Derbyshire Constabulary,Derbyshire Constabulary,-1.339567,53.244964,On or near Duckmanton Road,E01019549,Chesterfield 006A,Anti-social behaviour,,
e74ac117ba05be8a2372bedb1c9632c613e4286df3c98d6b6368541bf0dd6064,2021-06,Derbyshire Constabulary,Derbyshire Constabulary,-1.330991,53.246175,On or near Markham Road,E01019549,Chesterfield 006A,Criminal damage and arson,Investigation complete; no suspect identified,
1a99712bfee155aadb9a65b85ffe61e1fec69190d17c7ceb8f9e307f1ce4ba39,2021-06,Derbyshire Constabulary,Derbyshire Constabulary,-1.338303,53.248193,On or near North Grove,E01019549,Chesterfield 006A,Public order,Unable to prosecute suspect,
7d304d308d7d6c9ffef4ab415d11f47765806202c5261324ca6cacd2da636ba2,2021-06,Derbyshire Constabulary,Derbyshire Constabulary,-1.330991,53.246175,On or near Markham Road,E01019549,Chesterfield 006A,Public order,Investigation complete; no suspect identified,
de780b6e29fbbbe4e3f36a9f7607a1e1fe7d5591dacd1ef51715f7d783cc649a,2021-06,Derbyshire Constabulary,Derbyshire Constabulary,-1.339567,53.244964,On or near Duckmanton Road,E01019549,Chesterfield 006A,Public order,Unable to prosecute suspect,
8f42e2c35e1346f3553e6c95a5224f92ca9505cdee658efa6f3a7a65c54abeae,2021-06,Derbyshire Constabulary,Derbyshire Constabulary,-1.329303,53.238165,On or near Harper Way,E01019549,Chesterfield 006A,Vehicle crime,Investigation complete; no suspect identified,
d68f0d5ef6d6301a558df787c6945f29e46b62d155351b8b461067db045c845d,2021-06,Derbyshire Constabulary,Derbyshire Constabulary,-1.362997,53.252543,On or near Avondale Road,E01019549,Chesterfield 006A,Violence and sexual offences,Status update unavailable,
899982e1f670f5a247f16aa2d9afbaad4bbe29c57ec4916fb6fb977a8c6a2c8a,2021-06,Derbyshire Constabulary,Derbyshire Constabulary,-1.339567,53.244964,On or near Duckmanton Road,E01019549,Chesterfield 006A,Violence and sexual offences,Status update unavailable,
f2e04374b56ac73481874d8ade839c893c19dbf65e081e18f918e1574e34aae7,2021-06,Derbyshire Constabulary,Derbyshire Constabulary,-1.337589,53.244009,On or near Rectory Road,E01019549,Chesterfield 006A,Violence and sexual offences,Further investigation is not in the public interest,
77bbbec82779b4eb28eb443b5832b6b2125debf89773d5109adbf8d3da5eb574,2021-06,Derbyshire Constabulary,Derbyshire Constabulary,-1.337470,53.244916,On or near South Crescent,E01019549,Chesterfield 006A,Violence and sexual offences,Unable to prosecute suspect,
17ce3f7d83783d1a268d0b8b75ae7941eff29c9f1746499a7a9fc1cc33b18b5c,2021-06,Derbyshire Constabulary,Derbyshire Constabulary,-1.336033,53.247695,On or near East Crescent,E01019549,Chesterfield 006A,Violence and sexual offences,Unable to prosecute suspect,
819658d73e9b9bfb73f4589bc4e5f5ab6cbdd62d03e135c9d7239ba986219959,2021-06,Derbyshire Constabulary,Derbyshire Constabulary,-1.340736,53.246930,On or near West Crescent,E01019549,Chesterfield 006A,Violence and sexual offences,Unable to prosecute suspect,
93adeb370703c7c7831a49dd3e4e9350860f2314ad425a3b73b22013e4b364ab,2021-06,Derbyshire Constabulary,Derbyshire Constabulary,-1.338303,53.248193,On or near North Grove,E01019549,Chesterfield 006A,Violence and sexual offences,Unable to prosecute suspect,
28fb4a75e61126b8f8a30092911dae834b0f091ee0b34572df644dd55b737205,2021-06,Derbyshire Constabulary,Derbyshire Constabulary,-1.337589,53.244009,On or near Rectory Road,E01019549,Chesterfield 006A,Violence and sexual offences,Unable to prosecute suspect,
,2021-06,Derbyshire Constabulary,Derbyshire Constabulary,-1.371316,53.253495,On or near Hillman Drive,E01019550,Chesterfield 006B,Anti-social behaviour,,
,2021-06,Derbyshire Constabulary,Derbyshire Constabulary,-1.373786,53.246578,On or near Blue Bell Close,E01019550,Chesterfield 006B,Anti-social behaviour,,
,2021-06,Derbyshire Constabulary,Derbyshire Constabulary,-1.372750,53.247687,On or near Castleton Grove,E01019550,Chesterfield 006B,Anti-social behaviour,,
67464dbe8649c49b1148cdeaa61b99bb61ee66cdd7598249b18e70de50d40306,2021-06,Derbyshire Constabulary,Derbyshire Constabulary,-1.372822,53.249988,On or near Mcmahon Avenue,E01019550,Chesterfield 006B,Violence and sexual offences,Unable to prosecute suspect,
7b6b739f4e96f84cd6342f5ffa7326a65f8f14c3a2f2675198e577b8a8d9233a,2021-06,Derbyshire Constabulary,Derbyshire Constabulary,-1.373786,53.246578,On or near Blue Bell Close,E01019550,Chesterfield 006B,Violence and sexual offences,Unable to prosecute suspect,
ed21e479d23887d5c13142aefaece4f8a488d402b2049976bfaef7f7690e6a04,2021-06,Derbyshire Constabulary,Derbyshire Constabulary,-1.369581,53.252273,On or near Holbrook Place,E01019550,Chesterfield 006B,Violence and sexual offences,Unable to prosecute suspect,
a1ca022235b9a6e34c9432888d55690a1172e43970859c706cfb99c355803d68,2021-06,Derbyshire Constabulary,Derbyshire Constabulary,-1.372822,53.249988,On or near Mcmahon Avenue,E01019550,Chesterfield 006B,Violence and sexual offences,Unable to prosecute suspect,
0f527747504b7f9cb6ee35a0c267ffe558ec355c11c302bfe6ae6afc77e571a9,2021-06,Derbyshire Constabulary,Derbyshire Constabulary,-1.372822,53.249988,On or near Mcmahon Avenue,E01019550,Chesterfield 006B,Violence and sexual offences,Unable to prosecute suspect,
e00526e48034b702118b24c6ce51b1202a214f4f9f14767ae84472c0384c6601,2021-06,Derbyshire Constabulary,Derbyshire Constabulary,-1.371527,53.251429,On or near Dade Avenue,E01019550,Chesterfield 006B,Violence and sexual offences,Local resolution,
107cc15b39aa3e901b4337b631d6d073a4ede574590fb91ce72e934875148ba7,2021-06,Derbyshire Constabulary,Derbyshire Constabulary,-1.375201,53.248185,On or near Kinder Road,E01019550,Chesterfield 006B,Violence and sexual offences,Investigation complete; no suspect identified,
9d6f105b9b94640d133fcd57112a38ac072b68dbdf1240860ab0413f889799ad,2021-06,Derbyshire Constabulary,Derbyshire Constabulary,-1.372822,53.249988,On or near Mcmahon Avenue,E01019550,Chesterfield 006B,Violence and sexual offences,Unable to prosecute suspect,
a8f0df8cd0657ce35471855043d4c763e890498aae093f7a93637b44a9520671,2021-06,Derbyshire Constabulary,Derbyshire Constabulary,-1.364866,53.247771,On or near Ravensdale Close,E01019551,Chesterfield 006C,Vehicle crime,Investigation complete; no suspect identified,
,2021-06,Derbyshire Constabulary,Derbyshire Constabulary,-1.376192,53.249080,On or near Bradshaw Road,E01019552,Chesterfield 006D,Anti-social behaviour,,
b3774eaffd0bf6937d5dccb42147ea3c02550875b25f3ed54ec7dd27f500febd,2021-06,Derbyshire Constabulary,Derbyshire Constabulary,-1.376045,53.249915,On or near Madin Drive,E01019552,Chesterfield 006D,Criminal damage and arson,Investigation complete; no suspect identified,
eca78a40d0027c0c958a09cc5e155b90cc871293f8b5fa0d32d2473f458561c6,2021-06,Derbyshire Constabulary,Derbyshire Constabulary,-1.370236,53.255647,On or near Summerskill Green,E01019552,Chesterfield 006D,Public order,Unable to prosecute suspect,
61aa69a7876c80eb8328a9486c3cc3a4a96ae2f8c03efd52916fe9913909132f,2021-06,Derbyshire Constabulary,Derbyshire Constabulary,-1.370236,53.255647,On or near Summerskill Green,E01019552,Chesterfield 006D,Shoplifting,Investigation complete; no suspect identified,
088ce0988c274e76b0242f5d2cd11a31d208515ae6c2f7eab89b04db78cce61d,2021-06,Derbyshire Constabulary,Derbyshire Constabulary,-1.370236,53.255647,On or near Summerskill Green,E01019552,Chesterfield 006D,Shoplifting,Investigation complete; no suspect identified,
aef82b07ba726cf82601325875312e6d534d718608c4d09b9d069e258e55598d,2021-06,Derbyshire Constabulary,Derbyshire Constabulary,-1.380129,53.260795,On or near Acacia Avenue,E01019552,Chesterfield 006D,Violence and sexual offences,Unable to prosecute suspect,
c997399ccb6aa6d40771865e0db42f78f1a7fa75ae3157f45daa9cb5672b4b71,2021-06,Derbyshire Constabulary,Derbyshire Constabulary,-1.376678,53.257955,On or near Park/Open Space,E01019552,Chesterfield 006D,Violence and sexual offences,Investigation complete; no suspect identified,
ecc396d0fbbee3255c0fae478330e6a259787a260264a93c2cb24897836c6e75,2021-06,Derbyshire Constabulary,Derbyshire Constabulary,-1.376678,53.257955,On or near Park/Open Space,E01019552,Chesterfield 006D,Violence and sexual offences,Investigation complete; no suspect identified,
,2021-06,Derbyshire Constabulary,Derbyshire Constabulary,-1.368178,53.261038,On or near Kentmere Way,E01019567,Chesterfield 006E,Anti-social behaviour,,
,2021-06,Derbyshire Constabulary,Derbyshire Constabulary,-1.364647,53.257505,On or near Winster Road,E01019567,Chesterfield 006E,Anti-social behaviour,,
,2021-06,Derbyshire Constabulary,Derbyshire Constabulary,-1.363578,53.256834,On or near Burbage Road,E01019567,Chesterfield 006E,Anti-social behaviour,,
,2021-06,Derbyshire Constabulary,Derbyshire Constabulary,-1.358571,53.262884,On or near Frecheville Street,E01019567,Chesterfield 006E,Anti-social behaviour,,
,2021-06,Derbyshire Constabulary,Derbyshire Constabulary,-1.364647,53.257505,On or near Winster Road,E01019567,Chesterfield 006E,Anti-social behaviour,,
,2021-06,Derbyshire Constabulary,Derbyshire Constabulary,-1.368178,53.261038,On or near Kentmere Way,E01019567,Chesterfield 006E,Anti-social behaviour,,
7053b7a4f1058299fab6a2df59306ca4d4bfc783c1d5f9bb4c24a000d5135289,2021-06,Derbyshire Constabulary,Derbyshire Constabulary,-1.366906,53.257822,On or near Lumsdale Road,E01019567,Chesterfield 006E,Burglary,Status update unavailable,
2f248b8e60ca6c0181af6362925666b49fc478fc64b8509433dc4207664cb52e,2021-06,Derbyshire Constabulary,Derbyshire Constabulary,-1.363578,53.256834,On or near Burbage Road,E01019567,Chesterfield 006E,Other theft,Unable to prosecute suspect,
e375b531173468c6954b19a3373b31aecc8978bc50dd81d1675b852f095f6fde,2021-06,Derbyshire Constabulary,Derbyshire Constabulary,-1.370504,53.256754,On or near Stormont Grove,E01019567,Chesterfield 006E,Public order,Unable to prosecute suspect,
ea475c04d742ac5250d9c210783bfa110a69ddd955adea8e473b9a169e288f7c,2021-06,Derbyshire Constabulary,Derbyshire Constabulary,-1.368556,53.259809,On or near Ringwood Avenue,E01019567,Chesterfield 006E,Violence and sexual offences,Local resolution,
55110d0ebd223b8e13c663963f8e2e7b4882add7a1d2220d1c9a093f5b2599c9,2021-06,Derbyshire Constabulary,Derbyshire Constabulary,-1.358571,53.262884,On or near Frecheville Street,E01019567,Chesterfield 006E,Violence and sexual offences,Investigation complete; no suspect identified,
e00526e48034b702118b24c6ce51b1202a214f4f9f14767ae84472c0384c6601,2021-06,Derbyshire Constabulary,Derbyshire Constabulary,-1.368556,53.259809,On or near Ringwood Avenue,E01019567,Chesterfield 006E,Violence and sexual offences,Status update unavailable,
f600f102407e28faaa1947bcef7b2ee7de94de9a22e370a9edf17fe897cf247a,2021-06,Derbyshire Constabulary,Derbyshire Constabulary,-1.358571,53.262884,On or near Frecheville Street,E01019567,Chesterfield 006E,Violence and sexual offences,Investigation complete; no suspect identified,
d2d42c593a699c978544221c1dcbe6e34be3fa796ec64e6cb0c1056577a6c0b3,2021-06,Derbyshire Constabulary,Derbyshire Constabulary,-1.363578,53.256834,On or near Burbage Road,E01019567,Chesterfield 006E,Violence and sexual offences,Investigation complete; no suspect identified,
82f5e187347643676411e16dcbb2d2bb8d359ffab8c781f1646cb5732f7c77ae,2021-06,Derbyshire Constabulary,Derbyshire Constabulary,-1.364647,53.257505,On or near Winster Road,E01019567,Chesterfield 006E,Violence and sexual offences,Unable to prosecute suspect,
487d7328bc3597cbb77c5f126836b89f6d9701f3574a05c5b2e814dfa5211d6b,2021-06,Derbyshire Constabulary,Derbyshire Constabulary,-1.365948,53.256703,On or near Sports/Recreation Area,E01019567,Chesterfield 006E,Violence and sexual offences,Unable to prosecute suspect,
5fc0969f15e9db1158612686843ac06199282cc49ba9e0b377800599adfb3e07,2021-06,Derbyshire Constabulary,Derbyshire Constabulary,-1.364647,53.257505,On or near Winster Road,E01019567,Chesterfield 006E,Other crime,Local resolution,
493a48edf3dbc843481dda0943440cc3bb66d880718796551a47b391a0fe1f08,2021-06,Derbyshire Constabulary,Derbyshire Constabulary,-1.363578,53.256834,On or near Burbage Road,E01019567,Chesterfield 006E,Other crime,Unable to prosecute suspect,
26bf2bd6bca0c164db55e13443a46d0ecc40ebf7c2055b22d6f259d2e8f47743,2021-06,Derbyshire Constabulary,Derbyshire Constabulary,-1.363578,53.256834,On or near Burbage Road,E01019567,Chesterfield 006E,Other crime,Local resolution,
,2021-06,Derbyshire Constabulary,Derbyshire Constabulary,-1.438706,53.246514,On or near Tapton View Road,E01019537,Chesterfield 007A,Anti-social behaviour,,
,2021-06,Derbyshire Constabulary,Derbyshire Constabulary,-1.445790,53.250404,On or near Petrol Station,E01019537,Chesterfield 007A,Anti-social behaviour,,
,2021-06,Derbyshire Constabulary,Derbyshire Constabulary,-1.443916,53.249262,On or near Newbold Drive,E01019537,Chesterfield 007A,Anti-social behaviour,,
,2021-06,Derbyshire Constabulary,Derbyshire Constabulary,-1.445584,53.246582,On or near Barbon Close,E01019537,Chesterfield 007A,Anti-social behaviour,,
,2021-06,Derbyshire Constabulary,Derbyshire Constabulary,-1.445790,53.250404,On or near Petrol Station,E01019537,Chesterfield 007A,Anti-social behaviour,,
,2021-06,Derbyshire Constabulary,Derbyshire Constabulary,-1.438466,53.247700,On or near Gloucester Road,E01019537,Chesterfield 007A,Anti-social behaviour,,
,2021-06,Derbyshire Constabulary,Derbyshire Constabulary,-1.438706,53.246514,On or near Tapton View Road,E01019537,Chesterfield 007A,Anti-social behaviour,,
,2021-06,Derbyshire Constabulary,Derbyshire Constabulary,-1.445584,53.246582,On or near Barbon Close,E01019537,Chesterfield 007A,Anti-social behaviour,,
,2021-06,Derbyshire Constabulary,Derbyshire Constabulary,-1.441379,53.249565,On or near Mansfeldt Road,E01019537,Chesterfield 007A,Anti-social behaviour,,
,2021-06,Derbyshire Constabulary,Derbyshire Constabulary,-1.438706,53.246514,On or near Tapton View Road,E01019537,Chesterfield 007A,Anti-social behaviour,,
f662e46b8feb17535d3e59f6e08fb6806b27decf6f7c2b56726ba2a97185a35e,2021-06,Derbyshire Constabulary,Derbyshire Constabulary,-1.440772,53.248987,On or near Mansfeldt Crescent,E01019537,Chesterfield 007A,Public order,Unable to prosecute suspect,
a37197c80f41cf03caf53d4fab265cc1d219f2f844ed2a3c415deea163db1018,2021-06,Derbyshire Constabulary,Derbyshire Constabulary,-1.445790,53.250404,On or near Petrol Station,E01019537,Chesterfield 007A,Violence and sexual offences,Unable to prosecute suspect,
c63884aa630d469398af93d5b9faaa64beaf7dc41ca6ea6b2b7158ea7bc7502a,2021-06,Derbyshire Constabulary,Derbyshire Constabulary,-1.445790,53.250404,On or near Petrol Station,E01019537,Chesterfield 007A,Violence and sexual offences,Unable to prosecute suspect,
,2021-06,Derbyshire Constabulary,Derbyshire Constabulary,-1.422943,53.251967,On or near Lockoford Lane,E01019569,Chesterfield 007B,Anti-social behaviour,,
,2021-06,Derbyshire Constabulary,Derbyshire Constabulary,-1.427575,53.258623,On or near Sub Station Lane,E01019569,Chesterfield 007B,Anti-social behaviour,,
,2021-06,Derbyshire Constabulary,Derbyshire Constabulary,-1.422943,53.251967,On or near Lockoford Lane,E01019569,Chesterfield 007B,Anti-social behaviour,,
,2021-06,Derbyshire Constabulary,Derbyshire Constabulary,-1.426690,53.257532,On or near Shaw Street,E01019569,Chesterfield 007B,Anti-social behaviour,,
,2021-06,Derbyshire Constabulary,Derbyshire Constabulary,-1.426916,53.256328,On or near School Road,E01019569,Chesterfield 007B,Anti-social behaviour,,
,2021-06,Derbyshire Constabulary,Derbyshire Constabulary,-1.422943,53.251967,On or near Lockoford Lane,E01019569,Chesterfield 007B,Anti-social behaviour,,
,2021-06,Derbyshire Constabulary,Derbyshire Constabulary,-1.427510,53.254533,On or near Sheffield Road,E01019569,Chesterfield 007B,Anti-social behaviour,,
,2021-06,Derbyshire Constabulary,Derbyshire Constabulary,-1.422943,53.251967,On or near Lockoford Lane,E01019569,Chesterfield 007B,Anti-social behaviour,,
,2021-06,Derbyshire Constabulary,Derbyshire Constabulary,-1.427575,53.258623,On or near Sub Station Lane,E01019569,Chesterfield 007B,Anti-social behaviour,,
,2021-06,Derbyshire Constabulary,Derbyshire Constabulary,-1.425438,53.250271,On or near James Street,E01019569,Chesterfield 007B,Anti-social behaviour,,
,2021-06,Derbyshire Constabulary,Derbyshire Constabulary,-1.426916,53.256328,On or near School Road,E01019569,Chesterfield 007B,Anti-social behaviour,,
,2021-06,Derbyshire Constabulary,Derbyshire Constabulary,-1.431590,53.253123,On or near Glenfield Crescent,E01019569,Chesterfield 007B,Anti-social behaviour,,
,2021-06,Derbyshire Constabulary,Derbyshire Constabulary,-1.429727,53.252395,On or near Sanforth Street,E01019569,Chesterfield 007B,Anti-social behaviour,,
,2021-06,Derbyshire Constabulary,Derbyshire Constabulary,-1.425685,53.255342,On or near Pottery Lane West,E01019569,Chesterfield 007B,Anti-social behaviour,,
,2021-06,Derbyshire Constabulary,Derbyshire Constabulary,-1.422943,53.251967,On or near Lockoford Lane,E01019569,Chesterfield 007B,Anti-social behaviour,,
,2021-06,Derbyshire Constabulary,Derbyshire Constabulary,-1.426203,53.256981,On or near King Street North,E01019569,Chesterfield 007B,Anti-social behaviour,,
,2021-06,Derbyshire Constabulary,Derbyshire Constabulary,-1.422943,53.251967,On or near Lockoford Lane,E01019569,Chesterfield 007B,Anti-social behaviour,,
,2021-06,Derbyshire Constabulary,Derbyshire Constabulary,-1.422943,53.251967,On or near Lockoford Lane,E01019569,Chesterfield 007B,Anti-social behaviour,,
,2021-06,Derbyshire Constabulary,Derbyshire Constabulary,-1.431590,53.253123,On or near Glenfield Crescent,E01019569,Chesterfield 007B,Anti-social behaviour,,
,2021-06,Derbyshire Constabulary,Derbyshire Constabulary,-1.423430,53.251385,On or near Pedestrian Subway,E01019569,Chesterfield 007B,Anti-social behaviour,,
,2021-06,Derbyshire Constabulary,Derbyshire Constabulary,-1.422943,53.251967,On or near Lockoford Lane,E01019569,Chesterfield 007B,Anti-social behaviour,,
,2021-06,Derbyshire Constabulary,Derbyshire Constabulary,-1.427575,53.258623,On or near Sub Station Lane,E01019569,Chesterfield 007B,Anti-social behaviour,,
e5bc218d3af458bdcae72783bb06ef1bcdbdd5fe4f80546f34ec91d66ac8c599,2021-06,Derbyshire Constabulary,Derbyshire Constabulary,-1.429297,53.252043,On or near Nelson Street,E01019569,Chesterfield 007B,Burglary,Investigation complete; no suspect identified,
8adf8e9fbf5b0e2e35023c5fbb91a2a114abeec38baf8146e82538cbaa97eb48,2021-06,Derbyshire Constabulary,Derbyshire Constabulary,-1.425438,53.250271,On or near James Street,E01019569,Chesterfield 007B,Burglary,Investigation complete; no suspect identified,
540669d6458794cd1f3039a10c2471e26bcfa5440987f176f09fd14ca274d1a6,2021-06,Derbyshire Constabulary,Derbyshire Constabulary,-1.422943,53.251967,On or near Lockoford Lane,E01019569,Chesterfield 007B,Burglary,Investigation complete; no suspect identified,
f9c774eb819f74772ddd5f503fa24eb0ea629b44654dbfca6dd2d548379ab076,2021-06,Derbyshire Constabulary,Derbyshire Constabulary,-1.427510,53.254533,On or near Sheffield Road,E01019569,Chesterfield 007B,Criminal damage and arson,Unable to prosecute suspect,
d587db6f18ba00c65c279a1afd69e3b79a741c46f4bd79fa6435d4a9fe1000d0,2021-06,Derbyshire Constabulary,Derbyshire Constabulary,-1.422943,53.251967,On or near Lockoford Lane,E01019569,Chesterfield 007B,Criminal damage and arson,Unable to prosecute suspect,
68d2de48cd4eabda0234eb41e8d27945574995fff162548c45e6c0c7e90c5753,2021-06,Derbyshire Constabulary,Derbyshire Constabulary,-1.426916,53.256328,On or near School Road,E01019569,Chesterfield 007B,Criminal damage and arson,Investigation complete; no suspect identified,
efe7adecedf4262dad6c145ad4e000a20e514d4b5588182778f59b3bd3854668,2021-06,Derbyshire Constabulary,Derbyshire Constabulary,-1.420259,53.250939,On or near Tapton Lock Hill,E01019569,Chesterfield 007B,Criminal damage and arson,Unable to prosecute suspect,
41b16f62985fc5158295969eb2bacefa2d3e5c0ce0a201680f028435b7266951,2021-06,Derbyshire Constabulary,Derbyshire Constabulary,-1.434149,53.255706,On or near Park Lane,E01019569,Chesterfield 007B,Criminal damage and arson,Investigation complete; no suspect identified,
f3c27fac08ba1ae76b7d52730c6691ad5b187e141218a6accb477d1bf8cecc83,2021-06,Derbyshire Constabulary,Derbyshire Constabulary,-1.422943,53.251967,On or near Lockoford Lane,E01019569,Chesterfield 007B,Criminal damage and arson,Status update unavailable,
3a88d388f4312780352c167f1f68a83ddead30fed350109f8b89e1d8d2bcdd28,2021-06,Derbyshire Constabulary,Derbyshire Constabulary,-1.423430,53.251385,On or near Pedestrian Subway,E01019569,Chesterfield 007B,Criminal damage and arson,Investigation complete; no suspect identified,
4e4bfacc6c67ef9e7adce515081f4b4bdf9a0bfa561c8bfe9d35efc6da11968c,2021-06,Derbyshire Constabulary,Derbyshire Constabulary,-1.424654,53.257387,On or near A61,E01019569,Chesterfield 007B,Drugs,Status update unavailable,
5a14aadc8217a5ba3273bd481f136bb8ffddfc97450ef7be181adfc89f291069,2021-06,Derbyshire Constabulary,Derbyshire Constabulary,-1.429114,53.250010,On or near Flamsteed Crescent,E01019569,Chesterfield 007B,Drugs,Status update unavailable,
65e6416c974e778fa4e5b5dd1003a81f1726644351506dbc6df9ae2142faa051,2021-06,Derbyshire Constabulary,Derbyshire Constabulary,-1.425438,53.250271,On or near James Street,E01019569,Chesterfield 007B,Other theft,Investigation complete; no suspect identified,
38b818b680214184d48a2788d53960bee20c69e7b13d8ca08a1cbe4176f7bfa8,2021-06,Derbyshire Constabulary,Derbyshire Constabulary,-1.428937,53.250926,On or near Petrol Station,E01019569,Chesterfield 007B,Other theft,Investigation complete; no suspect identified,
619aa7e82eae065d8e608cf14e9bac5ce61609cf0c88e2de9ac9eda3e92b340f,2021-06,Derbyshire Constabulary,Derbyshire Constabulary,-1.427575,53.258623,On or near Sub Station Lane,E01019569,Chesterfield 007B,Other theft,Unable to prosecute suspect,
f6fb32bb8735d83205e1fca0067c475bd851bfdd43f7ae4dd1d8d9df8eb860f2,2021-06,Derbyshire Constabulary,Derbyshire Constabulary,-1.428937,53.250926,On or near Petrol Station,E01019569,Chesterfield 007B,Other theft,Unable to prosecute suspect,
f7e21734aa27e05df4d7da6cab1551beb5fa43ad941bc7aefc14983252962201,2021-06,Derbyshire Constabulary,Derbyshire Constabulary,-1.429114,53.250010,On or near Flamsteed Crescent,E01019569,Chesterfield 007B,Other theft,Investigation complete; no suspect identified,
17d78308132f1ef2e95dfa697ff5e384ffb414201c67617a987aa5684adb731e,2021-06,Derbyshire Constabulary,Derbyshire Constabulary,-1.422943,53.251967,On or near Lockoford Lane,E01019569,Chesterfield 007B,Public order,Investigation complete; no suspect identified,
4c21a2527f18d5962e9c8dd24ea2105b54b2dcea6fb6ccc944c1e900461656e2,2021-06,Derbyshire Constabulary,Derbyshire Constabulary,-1.422943,53.251967,On or near Lockoford Lane,E01019569,Chesterfield 007B,Public order,Unable to prosecute suspect,
0af3eea1e419ab3e397437e129a47704d95c12592a54adb3e34e510b906131ed,2021-06,Derbyshire Constabulary,Derbyshire Constabulary,-1.423430,53.251385,On or near Pedestrian Subway,E01019569,Chesterfield 007B,Public order,Investigation complete; no suspect identified,
00fc078ad7ff6dbb196e1d855f8bfda6aafe56c6129a5e0c1c87b9283fed1e7a,2021-06,Derbyshire Constabulary,Derbyshire Constabulary,-1.427510,53.254533,On or near Sheffield Road,E01019569,Chesterfield 007B,Public order,Unable to prosecute suspect,
73039bba52c5edbb05ae11eaef469f610146c852cf96c1604f6c3927f5775315,2021-06,Derbyshire Constabulary,Derbyshire Constabulary,-1.427510,53.254533,On or near Sheffield Road,E01019569,Chesterfield 007B,Public order,Unable to prosecute suspect,
338143d5f1599019a97481f6a5d382765cc89984c014f75b2ca61aa694070bab,2021-06,Derbyshire Constabulary,Derbyshire Constabulary,-1.428937,53.250926,On or near Petrol Station,E01019569,Chesterfield 007B,Public order,Unable to prosecute suspect,
04739e79aa00c61121c2f75bc64ae6f9ad2d788abe93cb1cf8470c00be3b60da,2021-06,Derbyshire Constabulary,Derbyshire Constabulary,-1.429114,53.250010,On or near Flamsteed Crescent,E01019569,Chesterfield 007B,Public order,Awaiting court outcome,
102995b3969dd7cd9d9a169a624f73891112b1aaa5c3e88e89e0fc9fb23fe649,2021-06,Derbyshire Constabulary,Derbyshire Constabulary,-1.428937,53.250926,On or near Petrol Station,E01019569,Chesterfield 007B,Public order,Unable to prosecute suspect,
77cbc387b7cc5304a598ea186a2f7f8c13a16091bf3cb75bc642585d7696bdf8,2021-06,Derbyshire Constabulary,Derbyshire Constabulary,-1.426916,53.256328,On or near School Road,E01019569,Chesterfield 007B,Public order,Investigation complete; no suspect identified,
189b27d3bcd0649edb4775a378dd8f53704cdb5a73c11832810771e44e176d3a,2021-06,Derbyshire Constabulary,Derbyshire Constabulary,-1.428937,53.250926,On or near Petrol Station,E01019569,Chesterfield 007B,Public order,Investigation complete; no suspect identified,
3edc9c048ad054e1d268ec388d4e5240d25c081e5a48ae711ad1afe803acccd8,2021-06,Derbyshire Constabulary,Derbyshire Constabulary,-1.425563,53.248825,On or near Old Brick Works Lane,E01019569,Chesterfield 007B,Public order,Unable to prosecute suspect,
9b9ccdf6e96d909b9999382150656f290e5ad8c0f98d05f6007030299de05d60,2021-06,Derbyshire Constabulary,Derbyshire Constabulary,-1.425563,53.248825,On or near Old Brick Works Lane,E01019569,Chesterfield 007B,Public order,Unable to prosecute suspect,
8524e1f881c4e634e66a13b759be5433bcb6fb936ff1f6e8cade7bf2139a2b54,2021-06,Derbyshire Constabulary,Derbyshire Constabulary,-1.426916,53.256328,On or near School Road,E01019569,Chesterfield 007B,Robbery,Unable to prosecute suspect,
438caf727681e7a3b42161824dd96b10db4e7bdc6dac7fc60daa78d32e441041,2021-06,Derbyshire Constabulary,Derbyshire Constabulary,-1.429297,53.252043,On or near Nelson Street,E01019569,Chesterfield 007B,Shoplifting,Investigation complete; no suspect identified,
1b6b9834b56c6821f8458e21637f359d4c96ef693c790ba18ac774ed5cee6fc2,2021-06,Derbyshire Constabulary,Derbyshire Constabulary,-1.422943,53.251967,On or near Lockoford Lane,E01019569,Chesterfield 007B,Shoplifting,Investigation complete; no suspect identified,
ada94acfc5feed54df5c2b9c0a122fef20d58c3f37548c136e9ea3cc4c437237,2021-06,Derbyshire Constabulary,Derbyshire Constabulary,-1.422943,53.251967,On or near Lockoford Lane,E01019569,Chesterfield 007B,Shoplifting,Investigation complete; no suspect identified,
e898d3894ec283ac79028a93c99432554a50d42eadb3844608eacb6a98ad04d6,2021-06,Derbyshire Constabulary,Derbyshire Constabulary,-1.426916,53.256328,On or near School Road,E01019569,Chesterfield 007B,Shoplifting,Investigation complete; no suspect identified,
c21b224b726eb1906a95507a9ef9cb69dc59429620b9fcc13f3fc3c1bff2f1f3,2021-06,Derbyshire Constabulary,Derbyshire Constabulary,-1.429297,53.252043,On or near Nelson Street,E01019569,Chesterfield 007B,Shoplifting,Investigation complete; no suspect identified,
4054ba1d0123e4b1d0fa88a54f9d06a6b4f80213222bd7127bb17b7ea70c2289,2021-06,Derbyshire Constabulary,Derbyshire Constabulary,-1.422943,53.251967,On or near Lockoford Lane,E01019569,Chesterfield 007B,Shoplifting,Investigation complete; no suspect identified,
b8cf50b3fbabe5cd1c7a35908ebbd28e2ea5d4a112c30ba4314a56956f2d7ed0,2021-06,Derbyshire Constabulary,Derbyshire Constabulary,-1.428937,53.250926,On or near Petrol Station,E01019569,Chesterfield 007B,Shoplifting,Investigation complete; no suspect identified,
bcc95e5f35035f6ba1ec06e268835fdcc3e388c320440cbcfb86c0a71f3dd203,2021-06,Derbyshire Constabulary,Derbyshire Constabulary,-1.422943,53.251967,On or near Lockoford Lane,E01019569,Chesterfield 007B,Shoplifting,Investigation complete; no suspect identified,
9cdd5fd54d842f747664e398622542795812ee33e1cec8fb2996ef29ab762314,2021-06,Derbyshire Constabulary,Derbyshire Constabulary,-1.428937,53.250926,On or near Petrol Station,E01019569,Chesterfield 007B,Shoplifting,Investigation complete; no suspect identified,
d8e65a048205052c00d50b3818f86f0fc3ca64ed1d889b79c3394b74a944f022,2021-06,Derbyshire Constabulary,Derbyshire Constabulary,-1.422943,53.251967,On or near Lockoford Lane,E01019569,Chesterfield 007B,Shoplifting,Investigation complete; no suspect identified,
67d19d0046cf2d7030774bf6afb75118108e5457d99ac24b5c879dc3e01f5aef,2021-06,Derbyshire Constabulary,Derbyshire Constabulary,-1.428937,53.250926,On or near Petrol Station,E01019569,Chesterfield 007B,Shoplifting,Investigation complete; no suspect identified,
53048f44b38c757c01a3c1c42e64db441c29901f4d1e18e85da3798d4c324ded,2021-06,Derbyshire Constabulary,Derbyshire Constabulary,-1.429297,53.252043,On or near Nelson Street,E01019569,Chesterfield 007B,Shoplifting,Investigation complete; no suspect identified,
c3f3b1d27bf94708753af3d60f652cdfa2dd230abb285b33b4c91a1179ef3f0b,2021-06,Derbyshire Constabulary,Derbyshire Constabulary,-1.422943,53.251967,On or near Lockoford Lane,E01019569,Chesterfield 007B,Shoplifting,Investigation complete; no suspect identified,
610036faf9269728445b47bfeedf3c639f7c98002dff076e4a5becf9609b50bc,2021-06,Derbyshire Constabulary,Derbyshire Constabulary,-1.429297,53.252043,On or near Nelson Street,E01019569,Chesterfield 007B,Shoplifting,Investigation complete; no suspect identified,
709a1862b70df431f9fec4dc9123bd7572f3f791a76c16aa58746f9d334d74a8,2021-06,Derbyshire Constabulary,Derbyshire Constabulary,-1.422943,53.251967,On or near Lockoford Lane,E01019569,Chesterfield 007B,Shoplifting,Investigation complete; no suspect identified,
8717698a3cf1aef06f6d2ecfc08060a81a94605590c12a97e0deedc2d8b66416,2021-06,Derbyshire Constabulary,Derbyshire Constabulary,-1.429297,53.252043,On or near Nelson Street,E01019569,Chesterfield 007B,Shoplifting,Investigation complete; no suspect identified,
ab97631719963c90d494b169605df3ef34307351d3d6995b82f7875f4016f621,2021-06,Derbyshire Constabulary,Derbyshire Constabulary,-1.428937,53.250926,On or near Petrol Station,E01019569,Chesterfield 007B,Shoplifting,Unable to prosecute suspect,
01332dd6c4439107cbb6b07d8af4d24d876060756f71cb9177b3a36e57f49a62,2021-06,Derbyshire Constabulary,Derbyshire Constabulary,-1.422943,53.251967,On or near Lockoford Lane,E01019569,Chesterfield 007B,Shoplifting,Investigation complete; no suspect identified,
9ced51c5be1b30b9a847b7057b1b0332384be593b6911cc28ddc840f083e9f33,2021-06,Derbyshire Constabulary,Derbyshire Constabulary,-1.425438,53.250271,On or near James Street,E01019569,Chesterfield 007B,Vehicle crime,Investigation complete; no suspect identified,
ef996608ebca47dd2e28565d0e96eba547354b0419239edf4ff94dc8c6033e22,2021-06,Derbyshire Constabulary,Derbyshire Constabulary,-1.425438,53.250271,On or near James Street,E01019569,Chesterfield 007B,Vehicle crime,Investigation complete; no suspect identified,
bc3af5d3138a7b786d60f28f01ed8d832e7171d5537e3e504569aa7edcb83ef7,2021-06,Derbyshire Constabulary,Derbyshire Constabulary,-1.429114,53.250010,On or near Flamsteed Crescent,E01019569,Chesterfield 007B,Violence and sexual offences,Unable to prosecute suspect,
d900121cc1614bb9fbded5e1a41182f6090a4216ab10e93dbd4339a221de025f,2021-06,Derbyshire Constabulary,Derbyshire Constabulary,-1.427575,53.258623,On or near Sub Station Lane,E01019569,Chesterfield 007B,Violence and sexual offences,Unable to prosecute suspect,
17499584c70e06ccd2060417eb51177aec5e514e9feb7f94569c516c2a2ffa21,2021-06,Derbyshire Constabulary,Derbyshire Constabulary,-1.429297,53.252043,On or near Nelson Street,E01019569,Chesterfield 007B,Violence and sexual offences,Unable to prosecute suspect,
f8e857be8577fed77b73e5b860b834c7015ae814ebb5f70940ef818fe7e9011e,2021-06,Derbyshire Constabulary,Derbyshire Constabulary,-1.422943,53.251967,On or near Lockoford Lane,E01019569,Chesterfield 007B,Violence and sexual offences,Awaiting court outcome,
094ff422051dbc840fd7315ba2e55dacdbf47a0035534209fb557c74e26e87d0,2021-06,Derbyshire Constabulary,Derbyshire Constabulary,-1.429297,53.252043,On or near Nelson Street,E01019569,Chesterfield 007B,Violence and sexual offences,Unable to prosecute suspect,
67c0461270f546c9715ce58ccbff2b8b1bc9d044d2069d521cc22e3e178adebe,2021-06,Derbyshire Constabulary,Derbyshire Constabulary,-1.425563,53.248825,On or near Old Brick Works Lane,E01019569,Chesterfield 007B,Violence and sexual offences,Unable to prosecute suspect,
7beaee1083d1a432b105a54a916a20a29e02068cf05eef291373cebc0e990e71,2021-06,Derbyshire Constabulary,Derbyshire Constabulary,-1.433554,53.253133,On or near Peveril Road,E01019569,Chesterfield 007B,Violence and sexual offences,Unable to prosecute suspect,
6a138c7ebffd6f256e49fc6b50f4f4cd1f62c67cea2d7bd8413597105a192b4f,2021-06,Derbyshire Constabulary,Derbyshire Constabulary,-1.427510,53.254533,On or near Sheffield Road,E01019569,Chesterfield 007B,Violence and sexual offences,Unable to prosecute suspect,
db10a34bd04b52a4becd25a6d881af4bdf9b3d5ba013cd02e6a02f21d62b7aaa,2021-06,Derbyshire Constabulary,Derbyshire Constabulary,-1.422943,53.251967,On or near Lockoford Lane,E01019569,Chesterfield 007B,Violence and sexual offences,Unable to prosecute suspect,
63c5716df172933997f3e94944c27d3b774150b4cfb411058efc7e0f6e0c74d3,2021-06,Derbyshire Constabulary,Derbyshire Constabulary,-1.433554,53.253133,On or near Peveril Road,E01019569,Chesterfield 007B,Violence and sexual offences,Action to be taken by another organisation,
5fc0bbc53d81a9c5c828c320fad30aebd6ea9f76ced5bd47c8ad2feffa0c00b7,2021-06,Derbyshire Constabulary,Derbyshire Constabulary,-1.433554,53.253133,On or near Peveril Road,E01019569,Chesterfield 007B,Violence and sexual offences,Unable to prosecute suspect,
482e23c41cac5145b7def5d28ca6d26dc8b2e9a4c7d66d73864c822607248dc2,2021-06,Derbyshire Constabulary,Derbyshire Constabulary,-1.433554,53.253133,On or near Peveril Road,E01019569,Chesterfield 007B,Violence and sexual offences,Unable to prosecute suspect,
e6b8e60327517ae8b0175ad003fe576e6000298da9884a82eda4349ad6c96364,2021-06,Derbyshire Constabulary,Derbyshire Constabulary,-1.425563,53.248825,On or near Old Brick Works Lane,E01019569,Chesterfield 007B,Other crime,Investigation complete; no suspect identified,
,2021-06,Derbyshire Constabulary,Derbyshire Constabulary,-1.440050,53.251501,On or near Pevensey Avenue,E01019570,Chesterfield 007C,Anti-social behaviour,,
,2021-06,Derbyshire Constabulary,Derbyshire Constabulary,-1.439365,53.251201,On or near Highfield Lane,E01019570,Chesterfield 007C,Anti-social behaviour,,
,2021-06,Derbyshire Constabulary,Derbyshire Constabulary,-1.436112,53.252381,On or near Sports/Recreation Area,E01019570,Chesterfield 007C,Anti-social behaviour,,
f76c5974ddca9be2703f9cc35022061154ba5c776136d3c120f98979e579d89b,2021-06,Derbyshire Constabulary,Derbyshire Constabulary,-1.436112,53.252381,On or near Sports/Recreation Area,E01019570,Chesterfield 007C,Criminal damage and arson,Status update unavailable,
30066305923c7ca9b20eb87d5770a8eafef78fec8f6e460e69a0a34e064a7807,2021-06,Derbyshire Constabulary,Derbyshire Constabulary,-1.435327,53.252773,On or near Acres View Close,E01019570,Chesterfield 007C,Other theft,Investigation complete; no suspect identified,
746d9f2fc4e3e7e6c7811e647a0de565a6e2a522a56c0b0f37f82838f95730b8,2021-06,Derbyshire Constabulary,Derbyshire Constabulary,-1.432176,53.250798,On or near Chantrey Avenue,E01019570,Chesterfield 007C,Public order,Awaiting court outcome,
1ce98ec7757cd30e591f577e5f66fce9865344f74e0811ce3fdf6595b1569514,2021-06,Derbyshire Constabulary,Derbyshire Constabulary,-1.432176,53.250798,On or near Chantrey Avenue,E01019570,Chesterfield 007C,Public order,Unable to prosecute suspect,
a56e9ce447bfa39fe682f384be942606090f0ed4db39e61382d22c396107b8f6,2021-06,Derbyshire Constabulary,Derbyshire Constabulary,-1.447601,53.251698,On or near Newbold Road,E01019570,Chesterfield 007C,Vehicle crime,Awaiting court outcome,
c4ddfdc1bc5634925a0d9e31714921f0384f075352a1e59489b0896ee47b8278,2021-06,Derbyshire Constabulary,Derbyshire Constabulary,-1.436112,53.252381,On or near Sports/Recreation Area,E01019570,Chesterfield 007C,Violence and sexual offences,Unable to prosecute suspect,
b763fd401032816179f07afb4fdace44e0921cb7d8b1959580cc445a15272105,2021-06,Derbyshire Constabulary,Derbyshire Constabulary,-1.431811,53.251183,On or near Whitworth Road,E01019570,Chesterfield 007C,Violence and sexual offences,Local resolution,
2804b72bb6db82f2bcfa68216df14ee7b4a241c5d69e1fcd40840f60a358db69,2021-06,Derbyshire Constabulary,Derbyshire Constabulary,-1.447601,53.251698,On or near Newbold Road,E01019570,Chesterfield 007C,Violence and sexual offences,Investigation complete; no suspect identified,
dff6a30f736b51879184c19ec4f3d2519095f13a9241c4c5f5eb7f8b316cba96,2021-06,Derbyshire Constabulary,Derbyshire Constabulary,-1.432176,53.250798,On or near Chantrey Avenue,E01019570,Chesterfield 007C,Violence and sexual offences,Investigation complete; no suspect identified,
42e9e6264dca653f859baea1b503054a0105bcddb2bbfc50600f7ca890c6244d,2021-06,Derbyshire Constabulary,Derbyshire Constabulary,-1.447601,53.251698,On or near Newbold Road,E01019570,Chesterfield 007C,Other crime,Unable to prosecute suspect,
,2021-06,Derbyshire Constabulary,Derbyshire Constabulary,-1.432660,53.248149,On or near Gloucester Road,E01019580,Chesterfield 007D,Anti-social behaviour,,
,2021-06,Derbyshire Constabulary,Derbyshire Constabulary,-1.433331,53.249581,On or near Malson Way,E01019580,Chesterfield 007D,Anti-social behaviour,,
,2021-06,Derbyshire Constabulary,Derbyshire Constabulary,-1.433331,53.249581,On or near Malson Way,E01019580,Chesterfield 007D,Anti-social behaviour,,
26150b06a77758963842268c0ff9724a4341ce81606b6f9fdf88f3e431d40cd9,2021-06,Derbyshire Constabulary,Derbyshire Constabulary,-1.430896,53.247835,On or near Crown Road,E01019580,Chesterfield 007D,Burglary,Awaiting court outcome,
80cd5047923c8984f2476ef702dd25f5ef291d26031c60c335b8af7911ec41e1,2021-06,Derbyshire Constabulary,Derbyshire Constabulary,-1.433331,53.249581,On or near Malson Way,E01019580,Chesterfield 007D,Criminal damage and arson,Investigation complete; no suspect identified,
e2027ad9523a24928d16aea61234f072702e24993d50d7e37e12fddbcab3588c,2021-06,Derbyshire Constabulary,Derbyshire Constabulary,-1.430896,53.247835,On or near Crown Road,E01019580,Chesterfield 007D,Public order,Unable to prosecute suspect,
4f3e3b2683b66c2d567a06b74896c4b3435bb75d01e75cdba84df6d32ce8576a,2021-06,Derbyshire Constabulary,Derbyshire Constabulary,-1.430896,53.247835,On or near Crown Road,E01019580,Chesterfield 007D,Vehicle crime,Investigation complete; no suspect identified,
707f8634fc6838de1fc1697440806c9e66879b02997f199e38a562a64551250e,2021-06,Derbyshire Constabulary,Derbyshire Constabulary,-1.432660,53.248149,On or near Gloucester Road,E01019580,Chesterfield 007D,Violence and sexual offences,Unable to prosecute suspect,
e8daf886e0670448fed657c399676a6d6b60b880e60bf0631a1a9aab8aa98f22,2021-06,Derbyshire Constabulary,Derbyshire Constabulary,-1.429048,53.248158,On or near Bank Road,E01019580,Chesterfield 007D,Violence and sexual offences,Unable to prosecute suspect,
471fdb5e91ad76e387e70c743b0fe1d2afc7f7e954d03d6e286461e45ed55154,2021-06,Derbyshire Constabulary,Derbyshire Constabulary,-1.429048,53.248158,On or near Bank Road,E01019580,Chesterfield 007D,Violence and sexual offences,Unable to prosecute suspect,
9246f1fc6655285bb3519a16c0ce6351291e606b6085d869ed6b6a98dfe82e88,2021-06,Derbyshire Constabulary,Derbyshire Constabulary,-1.430226,53.249755,On or near Brindley Road,E01019580,Chesterfield 007D,Violence and sexual offences,Unable to prosecute suspect,
81d75f7178c1103de4a7a6b7f5d8762169968c765bf35b1d9adc33cddd0cbcb3,2021-06,Derbyshire Constabulary,Derbyshire Constabulary,-1.429048,53.248158,On or near Bank Road,E01019580,Chesterfield 007D,Violence and sexual offences,Unable to prosecute suspect,
edd21ef7c0d2c58c0a9d1a2242e4aac95c02d6915209d194f5a0f823d1a74417,2021-06,Derbyshire Constabulary,Derbyshire Constabulary,-1.432660,53.248149,On or near Gloucester Road,E01019580,Chesterfield 007D,Violence and sexual offences,Awaiting court outcome,
4a1b9fd53f89a006ad1b11a4f8a893f50ee00b8ff1b424727f256e5f0a33baef,2021-06,Derbyshire Constabulary,Derbyshire Constabulary,-1.429048,53.248158,On or near Bank Road,E01019580,Chesterfield 007D,Violence and sexual offences,Unable to prosecute suspect,
87981794fac069f06882f2b38779de29164f2869e17dcd180bbba3e41a2886ad,2021-06,Derbyshire Constabulary,Derbyshire Constabulary,-1.436232,53.247797,On or near Gloucester Avenue,E01019580,Chesterfield 007D,Violence and sexual offences,Unable to prosecute suspect,
,2021-06,Derbyshire Constabulary,Derbyshire Constabulary,-1.435204,53.245042,On or near Highfield Road,E01019581,Chesterfield 007E,Anti-social behaviour,,
,2021-06,Derbyshire Constabulary,Derbyshire Constabulary,-1.428083,53.243003,On or near Brunswick Street,E01019581,Chesterfield 007E,Anti-social behaviour,,
,2021-06,Derbyshire Constabulary,Derbyshire Constabulary,-1.428376,53.243490,On or near Newland Dale,E01019581,Chesterfield 007E,Anti-social behaviour,,
f4fc7f23d3b7a3671fbf71c2fc735eb92378144aaf31c905bda1dd4ae46fa3a2,2021-06,Derbyshire Constabulary,Derbyshire Constabulary,-1.435576,53.242949,On or near Newbold Road,E01019581,Chesterfield 007E,Burglary,Investigation complete; no suspect identified,
7cfbb6e30a5e79e229d743cff36e2df0b770c0398c7b11ef419921cbce27a092,2021-06,Derbyshire Constabulary,Derbyshire Constabulary,-1.437065,53.243675,On or near Newbold Road,E01019581,Chesterfield 007E,Burglary,Investigation complete; no suspect identified,
9bfabba7dd6dc80b1f79fb2bfb88b5e2c13e7af55fc31fdb8e5ad454bbeb3169,2021-06,Derbyshire Constabulary,Derbyshire Constabulary,-1.428376,53.243490,On or near Newland Dale,E01019581,Chesterfield 007E,Burglary,Investigation complete; no suspect identified,
da4990ae2b6cd6e0090e64916d33b6ebf08388ba77723900d63a18a84e50006e,2021-06,Derbyshire Constabulary,Derbyshire Constabulary,-1.428376,53.243490,On or near Newland Dale,E01019581,Chesterfield 007E,Burglary,Unable to prosecute suspect,
47d52bb953184cdbd4ce650d4b33c4aeb4bbbdac10f2bbfd1a51637c81e9794f,2021-06,Derbyshire Constabulary,Derbyshire Constabulary,-1.428376,53.243490,On or near Newland Dale,E01019581,Chesterfield 007E,Possession of weapons,Awaiting court outcome,
687425dbf1a17a47730d6396469169f198076efcc6661a935e6f8a1dab1afc55,2021-06,Derbyshire Constabulary,Derbyshire Constabulary,-1.437176,53.245536,On or near Rhodes Avenue,E01019581,Chesterfield 007E,Violence and sexual offences,Awaiting court outcome,
,2021-06,Derbyshire Constabulary,Derbyshire Constabulary,-1.459225,53.251068,On or near Pearson Croft,E01019557,Chesterfield 008A,Anti-social behaviour,,
,2021-06,Derbyshire Constabulary,Derbyshire Constabulary,-1.459225,53.251068,On or near Pearson Croft,E01019557,Chesterfield 008A,Anti-social behaviour,,
,2021-06,Derbyshire Constabulary,Derbyshire Constabulary,-1.459225,53.251068,On or near Pearson Croft,E01019557,Chesterfield 008A,Anti-social behaviour,,
,2021-06,Derbyshire Constabulary,Derbyshire Constabulary,-1.459573,53.254404,On or near Newbold Road,E01019557,Chesterfield 008A,Anti-social behaviour,,
,2021-06,Derbyshire Constabulary,Derbyshire Constabulary,-1.459225,53.251068,On or near Pearson Croft,E01019557,Chesterfield 008A,Anti-social behaviour,,
,2021-06,Derbyshire Constabulary,Derbyshire Constabulary,-1.450349,53.252519,On or near Newbold Back Lane,E01019557,Chesterfield 008A,Anti-social behaviour,,
,2021-06,Derbyshire Constabulary,Derbyshire Constabulary,-1.459225,53.251068,On or near Pearson Croft,E01019557,Chesterfield 008A,Anti-social behaviour,,
228ef2acf6ed0e594e6e92535f6b6d24890f3df83bff3b6c2dc9dabaf102caa1,2021-06,Derbyshire Constabulary,Derbyshire Constabulary,-1.456165,53.250065,On or near Green Farm Close,E01019557,Chesterfield 008A,Criminal damage and arson,Unable to prosecute suspect,
564c2f0a2d99f78eb7e339a6aa53be46c1128c16ecf62c5004567182ee490f54,2021-06,Derbyshire Constabulary,Derbyshire Constabulary,-1.456165,53.250065,On or near Green Farm Close,E01019557,Chesterfield 008A,Drugs,Offender given a drugs possession warning,
a21036befbfe0a20e4de13fb4d84d2bfd2cd649fdb024955bfe45772fa619852,2021-06,Derbyshire Constabulary,Derbyshire Constabulary,-1.461260,53.252533,On or near Holme Park Avenue,E01019557,Chesterfield 008A,Public order,Investigation complete; no suspect identified,
89a5c3892e52cc4c8163c1900762f560e7e154407bd11add0a925d64da2d0a44,2021-06,Derbyshire Constabulary,Derbyshire Constabulary,-1.459225,53.251068,On or near Pearson Croft,E01019557,Chesterfield 008A,Public order,Unable to prosecute suspect,
e7ca0de34e81af80b805a64abd2b15d7b2b1fcd52bea90af528eed1f9a020f71,2021-06,Derbyshire Constabulary,Derbyshire Constabulary,-1.458166,53.250685,On or near Longfield Grange,E01019557,Chesterfield 008A,Violence and sexual offences,Unable to prosecute suspect,
8427a74e2a55a67a9a3d0dd8f8af0407b71080315eb263c9511bb1b89153c77f,2021-06,Derbyshire Constabulary,Derbyshire Constabulary,-1.458166,53.250685,On or near Longfield Grange,E01019557,Chesterfield 008A,Violence and sexual offences,Awaiting court outcome,
dc968cef1de88ab59121c283b23ce189d5796737958669fe3f66e2c847d179f5,2021-06,Derbyshire Constabulary,Derbyshire Constabulary,-1.459225,53.251068,On or near Pearson Croft,E01019557,Chesterfield 008A,Violence and sexual offences,Investigation complete; no suspect identified,
ec32804fb9573e42fbb964d90cef8edc6b3e8cc1d70eaaa4542c6b7fc4cf1c8e,2021-06,Derbyshire Constabulary,Derbyshire Constabulary,-1.459225,53.251068,On or near Pearson Croft,E01019557,Chesterfield 008A,Violence and sexual offences,Unable to prosecute suspect,
8427a74e2a55a67a9a3d0dd8f8af0407b71080315eb263c9511bb1b89153c77f,2021-06,Derbyshire Constabulary,Derbyshire Constabulary,-1.456165,53.250065,On or near Green Farm Close,E01019557,Chesterfield 008A,Violence and sexual offences,Status update unavailable,
69cab51585cf3ba62371c33e1d897339878a3b723db5687a85290c4a764469d6,2021-06,Derbyshire Constabulary,Derbyshire Constabulary,-1.456165,53.250065,On or near Green Farm Close,E01019557,Chesterfield 008A,Violence and sexual offences,Status update unavailable,
048afe040c3e461e9674cc9bcaa273df54838dc41e160abdc85ef61d5e7b9696,2021-06,Derbyshire Constabulary,Derbyshire Constabulary,-1.460948,53.251138,On or near Riddings Croft,E01019557,Chesterfield 008A,Violence and sexual offences,Unable to prosecute suspect,
482e23c41cac5145b7def5d28ca6d26dc8b2e9a4c7d66d73864c822607248dc2,2021-06,Derbyshire Constabulary,Derbyshire Constabulary,-1.458166,53.250685,On or near Longfield Grange,E01019557,Chesterfield 008A,Violence and sexual offences,Status update unavailable,
2f0ff79be82e190b31e6916ad15035f69f96929ed54120d872dac1ebb31a6651,2021-06,Derbyshire Constabulary,Derbyshire Constabulary,-1.461572,53.252732,On or near Kedleston Close,E01019558,Chesterfield 008B,Violence and sexual offences,Unable to prosecute suspect,
fdea536b9e858e762b870d0f0d0b547f3919f28e5c4bc01d03682af000de07b1,2021-06,Derbyshire Constabulary,Derbyshire Constabulary,-1.462809,53.252109,On or near Parkside View,E01019558,Chesterfield 008B,Other crime,Status update unavailable,
3930ecb08cd8d173c5c5bf9572a450be787183d8edcafeaee8cf32dd1a40629a,2021-06,Derbyshire Constabulary,Derbyshire Constabulary,-1.478143,53.242163,On or near Woodnook Way,E01019559,Chesterfield 008C,Public order,Unable to prosecute suspect,
5894d62f3ebbb4b7edf78a4aed48fec71af6bef795f850330da25d4ba098f95b,2021-06,Derbyshire Constabulary,Derbyshire Constabulary,-1.476607,53.240341,On or near Woodnook Close,E01019559,Chesterfield 008C,Violence and sexual offences,Status update unavailable,
,2021-06,Derbyshire Constabulary,Derbyshire Constabulary,-1.454133,53.242550,On or near Wenlock Crescent,E01019560,Chesterfield 008D,Anti-social behaviour,,
,2021-06,Derbyshire Constabulary,Derbyshire Constabulary,-1.456444,53.243432,On or near Cuttholme Way,E01019560,Chesterfield 008D,Anti-social behaviour,,
,2021-06,Derbyshire Constabulary,Derbyshire Constabulary,-1.456444,53.243432,On or near Cuttholme Way,E01019560,Chesterfield 008D,Anti-social behaviour,,
59956ea61de4bdc5ca2f5b34aaa3b8a7f302ff525d1fe83bc1d2f034df3100bb,2021-06,Derbyshire Constabulary,Derbyshire Constabulary,-1.464594,53.245968,On or near Carsington Close,E01019560,Chesterfield 008D,Criminal damage and arson,Investigation complete; no suspect identified,
0c356daae0d63e798dbae24a4591e0657c95e51e424af1b111de1398166aac46,2021-06,Derbyshire Constabulary,Derbyshire Constabulary,-1.454133,53.242550,On or near Wenlock Crescent,E01019560,Chesterfield 008D,Public order,Unable to prosecute suspect,
3ac6d86b19a7547541e4c5cd257800a72176ff9520883e76fe58b048e3da8dbe,2021-06,Derbyshire Constabulary,Derbyshire Constabulary,-1.464594,53.245968,On or near Carsington Close,E01019560,Chesterfield 008D,Public order,Investigation complete; no suspect identified,
9d98cc86e63cf95c8b43f8d89a2ecd7ea2fd45215977ee1709cb163dcd582a2b,2021-06,Derbyshire Constabulary,Derbyshire Constabulary,-1.456444,53.243432,On or near Cuttholme Way,E01019560,Chesterfield 008D,Public order,Unable to prosecute suspect,
a7fd96ef497329a7d1fd2bb8a2f713d73050f3a382183f521e92f9c5c40bbb2d,2021-06,Derbyshire Constabulary,Derbyshire Constabulary,-1.464795,53.243093,On or near Sedgemoor Close,E01019560,Chesterfield 008D,Violence and sexual offences,Unable to prosecute suspect,
17dbb3fb160b03b93d6b19dfb51e6c9cf61679071057075e26ab6b2fccfdfd8a,2021-06,Derbyshire Constabulary,Derbyshire Constabulary,-1.456444,53.243432,On or near Cuttholme Way,E01019560,Chesterfield 008D,Violence and sexual offences,Status update unavailable,
b2bf28fca5274933a99e4c5b3f23c241c7ea7a40955146631a56105145bcb790,2021-06,Derbyshire Constabulary,Derbyshire Constabulary,-1.457078,53.245422,On or near Shap Close,E01019560,Chesterfield 008D,Violence and sexual offences,Status update unavailable,
24ea61e591018d1456b7934d5466a3dd02eeabaed65302b1880ccda7032128f1,2021-06,Derbyshire Constabulary,Derbyshire Constabulary,-1.457078,53.245422,On or near Shap Close,E01019560,Chesterfield 008D,Violence and sexual offences,Status update unavailable,
a1a2ea00c3234d335a01d26d573907c145c75df78a4152b1c7400a7c54dede72,2021-06,Derbyshire Constabulary,Derbyshire Constabulary,-1.464795,53.243093,On or near Sedgemoor Close,E01019560,Chesterfield 008D,Violence and sexual offences,Unable to prosecute suspect,
,2021-06,Derbyshire Constabulary,Derbyshire Constabulary,-1.470398,53.246794,On or near Cauldon Drive,E01019561,Chesterfield 008E,Anti-social behaviour,,
,2021-06,Derbyshire Constabulary,Derbyshire Constabulary,-1.471058,53.245566,On or near Rednall Close,E01019561,Chesterfield 008E,Anti-social behaviour,,
,2021-06,Derbyshire Constabulary,Derbyshire Constabulary,-1.471058,53.245566,On or near Rednall Close,E01019561,Chesterfield 008E,Anti-social behaviour,,
,2021-06,Derbyshire Constabulary,Derbyshire Constabulary,-1.471058,53.245566,On or near Rednall Close,E01019561,Chesterfield 008E,Anti-social behaviour,,
,2021-06,Derbyshire Constabulary,Derbyshire Constabulary,-1.471058,53.245566,On or near Rednall Close,E01019561,Chesterfield 008E,Anti-social behaviour,,
336888d97297e424630e584c957f334c3d95a8205dccfe5f863c22ab32913696,2021-06,Derbyshire Constabulary,Derbyshire Constabulary,-1.472039,53.246244,On or near Mercaston Close,E01019561,Chesterfield 008E,Burglary,Investigation complete; no suspect identified,
1ad54ef837353147e93f1b0d90177d3f600e32b0fc7d2fc1fc6785f36100b667,2021-06,Derbyshire Constabulary,Derbyshire Constabulary,-1.466664,53.248207,On or near Atlow Close,E01019561,Chesterfield 008E,Criminal damage and arson,Investigation complete; no suspect identified,
f361db36e35f77922b8a408f0d11b9b528689fff233c0883f27f08d0896f1fb5,2021-06,Derbyshire Constabulary,Derbyshire Constabulary,-1.471459,53.247068,On or near Linacre Road,E01019561,Chesterfield 008E,Drugs,Investigation complete; no suspect identified,
6965c4e7407e48b82565b61646efa1224bd9a73134dc92d1ca71eb40ce3f07c4,2021-06,Derbyshire Constabulary,Derbyshire Constabulary,-1.470214,53.245984,On or near Hanbury Close,E01019561,Chesterfield 008E,Public order,Investigation complete; no suspect identified,
d29242f1a2e1fcb203b317bc2d30c50f3a2df521e98109468ef1879a72636e72,2021-06,Derbyshire Constabulary,Derbyshire Constabulary,-1.466664,53.248207,On or near Atlow Close,E01019561,Chesterfield 008E,Public order,Unable to prosecute suspect,
71b064e8a062a41d3e0539bcca8cc7e78ba61a40c315f4fdbf59bf5ac85b2dc6,2021-06,Derbyshire Constabulary,Derbyshire Constabulary,-1.471459,53.247068,On or near Linacre Road,E01019561,Chesterfield 008E,Public order,Unable to prosecute suspect,
a98195619fb4b59363c48a9a5bfce17e94ab0f4e7efe83789fea7d9151e466f3,2021-06,Derbyshire Constabulary,Derbyshire Constabulary,-1.470214,53.245984,On or near Hanbury Close,E01019561,Chesterfield 008E,Shoplifting,Investigation complete; no suspect identified,
133dc4c9cd67973fa7441ea6f4614373701c2cdd5c33e480af4b10d671af9e39,2021-06,Derbyshire Constabulary,Derbyshire Constabulary,-1.470398,53.246794,On or near Cauldon Drive,E01019561,Chesterfield 008E,Violence and sexual offences,Unable to prosecute suspect,
b88211d5553552eb6c60efccb50fe0199c43fb9ab240db0470917334e7e264e3,2021-06,Derbyshire Constabulary,Derbyshire Constabulary,-1.470214,53.245984,On or near Hanbury Close,E01019561,Chesterfield 008E,Violence and sexual offences,Unable to prosecute suspect,
45920ae8e081f35dfb986fa1ae66388a0d70ff5486e50a489ef14440bb9fe3a7,2021-06,Derbyshire Constabulary,Derbyshire Constabulary,-1.470398,53.246794,On or near Cauldon Drive,E01019561,Chesterfield 008E,Violence and sexual offences,Unable to prosecute suspect,
26816ee016b8bb89f361c3933c88772738c9101eed7e9c64ddfb83b35bf58df7,2021-06,Derbyshire Constabulary,Derbyshire Constabulary,-1.470398,53.246794,On or near Cauldon Drive,E01019561,Chesterfield 008E,Violence and sexual offences,Unable to prosecute suspect,
0555db6cea83027601afc502c1ba75619633dc5f8d4448ff395acf0a9c4d31fe,2021-06,Derbyshire Constabulary,Derbyshire Constabulary,-1.472506,53.246003,On or near Wardgate Way,E01019561,Chesterfield 008E,Violence and sexual offences,Unable to prosecute suspect,
973efddc445eb497051c980cefa0cf5ab7c63a0f581f59c3af264ab30dab99cc,2021-06,Derbyshire Constabulary,Derbyshire Constabulary,-1.471058,53.245566,On or near Rednall Close,E01019561,Chesterfield 008E,Violence and sexual offences,Unable to prosecute suspect,
e1226ab22a0693a60111e13513ee900b8797b21f59b26a842ff6635f7ae1f344,2021-06,Derbyshire Constabulary,Derbyshire Constabulary,-1.470214,53.245984,On or near Hanbury Close,E01019561,Chesterfield 008E,Violence and sexual offences,Unable to prosecute suspect,
d3f66e8e261cbf56c930578c7352e08fd68b738976cef1020affbc931ed07943,2021-06,Derbyshire Constabulary,Derbyshire Constabulary,-1.471058,53.245566,On or near Rednall Close,E01019561,Chesterfield 008E,Violence and sexual offences,Unable to prosecute suspect,
,2021-06,Derbyshire Constabulary,Derbyshire Constabulary,-1.454447,53.247244,On or near Winnats Close,E01019562,Chesterfield 008F,Anti-social behaviour,,
,2021-06,Derbyshire Constabulary,Derbyshire Constabulary,-1.454137,53.241013,On or near Wenlock Close,E01019562,Chesterfield 008F,Anti-social behaviour,,
,2021-06,Derbyshire Constabulary,Derbyshire Constabulary,-1.453880,53.247079,On or near Yarncliff Close,E01019562,Chesterfield 008F,Anti-social behaviour,,
30eda55dbc6e7a718b1639b4c5743bf7f48947bdf6a476c8a07156ef2d9471ac,2021-06,Derbyshire Constabulary,Derbyshire Constabulary,-1.450853,53.247047,On or near Masson Close,E01019562,Chesterfield 008F,Burglary,Unable to prosecute suspect,
e317880a6c9515cab9643dbd5085a633911801f1ab15609323be906bc7dc4dcf,2021-06,Derbyshire Constabulary,Derbyshire Constabulary,-1.455160,53.247759,On or near Highlow Close,E01019562,Chesterfield 008F,Burglary,Investigation complete; no suspect identified,
874c6fe6d7d9054e88286f855940c5e8051113a96793808c98fcf8c1c24a38e1,2021-06,Derbyshire Constabulary,Derbyshire Constabulary,-1.454137,53.241013,On or near Wenlock Close,E01019562,Chesterfield 008F,Public order,Unable to prosecute suspect,
fa07fa878247490ba8f02c28f7fa0f853d2bf5444d3ae84ee382e604e7862b0f,2021-06,Derbyshire Constabulary,Derbyshire Constabulary,-1.451368,53.243113,On or near Purbeck Avenue,E01019562,Chesterfield 008F,Public order,Investigation complete; no suspect identified,
1ae2901882d532d4024cacda340b1c665c1bd3fe5a0ef15cfe9de88e4e49b1ee,2021-06,Derbyshire Constabulary,Derbyshire Constabulary,-1.454447,53.247244,On or near Winnats Close,E01019562,Chesterfield 008F,Vehicle crime,Investigation complete; no suspect identified,
d731b003a77ad5a9cd7579bdc477907c08435f0790c5005bd160b1e704e0ab1d,2021-06,Derbyshire Constabulary,Derbyshire Constabulary,-1.452434,53.246506,On or near White Edge Close,E01019562,Chesterfield 008F,Vehicle crime,Investigation complete; no suspect identified,
30bd100a7594edca66a90ba40b0d6881c9e8adac121a8a8c5a509a77b71d208b,2021-06,Derbyshire Constabulary,Derbyshire Constabulary,-1.451995,53.244446,On or near Peak View Road,E01019562,Chesterfield 008F,Vehicle crime,Investigation complete; no suspect identified,
7852038e5d058f6ab86b5d6cff3a752e0abe9e9da09ee6b56d72f7f9585a1f97,2021-06,Derbyshire Constabulary,Derbyshire Constabulary,-1.451995,53.244446,On or near Peak View Road,E01019562,Chesterfield 008F,Violence and sexual offences,Unable to prosecute suspect,
,2021-06,Derbyshire Constabulary,Derbyshire Constabulary,-1.446295,53.244878,On or near Glade Close,E01019539,Chesterfield 009A,Anti-social behaviour,,
,2021-06,Derbyshire Constabulary,Derbyshire Constabulary,-1.436817,53.242029,On or near Avondale Road,E01019539,Chesterfield 009A,Anti-social behaviour,,
4c4ca95a7e06fa888df0a5558260dbc01ae2810e73330f37ecc18de7f2e990e8,2021-06,Derbyshire Constabulary,Derbyshire Constabulary,-1.442532,53.243863,On or near Westleigh Court,E01019539,Chesterfield 009A,Other theft,Investigation complete; no suspect identified,
6c31883ba5475cbc666742060929cf16821b7d74c103e454cfa7ae7eff5af58a,2021-06,Derbyshire Constabulary,Derbyshire Constabulary,-1.435850,53.241512,On or near Gladstone Road,E01019539,Chesterfield 009A,Public order,Unable to prosecute suspect,
8abd9720083e291e027754681345d9b2095d51d7c4c41b687ece074082a4e6c4,2021-06,Derbyshire Constabulary,Derbyshire Constabulary,-1.440647,53.241328,On or near Malvern Road,E01019539,Chesterfield 009A,Vehicle crime,Investigation complete; no suspect identified,
bfa29b9123fdc62c1d9b5904ffc3d6bb38d989b5e2e5a4421f8b84e4b7fbba1d,2021-06,Derbyshire Constabulary,Derbyshire Constabulary,-1.442532,53.243863,On or near Westleigh Court,E01019539,Chesterfield 009A,Violence and sexual offences,Unable to prosecute suspect,
,2021-06,Derbyshire Constabulary,Derbyshire Constabulary,-1.447776,53.240489,On or near Ashgate Valley Road,E01019540,Chesterfield 009B,Anti-social behaviour,,
,2021-06,Derbyshire Constabulary,Derbyshire Constabulary,-1.445829,53.239240,On or near Ashgate Road,E01019540,Chesterfield 009B,Anti-social behaviour,,
76f62e4f08c1bdb3dc981c41b5cba57946e95152f66dc72ff57f09999f63ef65,2021-06,Derbyshire Constabulary,Derbyshire Constabulary,-1.449631,53.239554,On or near Old Hall Road,E01019540,Chesterfield 009B,Burglary,Awaiting court outcome,
278cf6471f6e6603ccfd4a59db62c7d72aa89ae1211bcfc88979e875c5c5dfda,2021-06,Derbyshire Constabulary,Derbyshire Constabulary,-1.446683,53.238066,On or near Linden Park Grove,E01019540,Chesterfield 009B,Burglary,Awaiting court outcome,
75909f50f1404d52da41337fef4ef277a7987b37af4ac95f63f1483888655b28,2021-06,Derbyshire Constabulary,Derbyshire Constabulary,-1.445829,53.239240,On or near Ashgate Road,E01019540,Chesterfield 009B,Other theft,Status update unavailable,
f1b39149abfa8ed68ee81d570821915dc4092ff0904d3e9b949ffa4e0571885c,2021-06,Derbyshire Constabulary,Derbyshire Constabulary,-1.443610,53.239319,On or near Ashgate Road,E01019540,Chesterfield 009B,Vehicle crime,Investigation complete; no suspect identified,
7b2760d6a1a5e19fd128c89d31fdbe5b8e97c97248646f8a8ad66dbda79af9bc,2021-06,Derbyshire Constabulary,Derbyshire Constabulary,-1.452419,53.240609,On or near Langhurst Road,E01019540,Chesterfield 009B,Violence and sexual offences,Unable to prosecute suspect,
54c2af56141876e7452951d81577e5eed984ff4360fe87a9dd62cc13216c0806,2021-06,Derbyshire Constabulary,Derbyshire Constabulary,-1.448523,53.241796,On or near Brooklyn Drive,E01019540,Chesterfield 009B,Violence and sexual offences,Status update unavailable,
,2021-06,Derbyshire Constabulary,Derbyshire Constabulary,-1.448219,53.236320,On or near Welfare Avenue,E01019555,Chesterfield 009C,Anti-social behaviour,,
,2021-06,Derbyshire Constabulary,Derbyshire Constabulary,-1.448744,53.237410,On or near The Glade,E01019555,Chesterfield 009C,Anti-social behaviour,,
,2021-06,Derbyshire Constabulary,Derbyshire Constabulary,-1.454085,53.234532,On or near New Hall Road,E01019555,Chesterfield 009C,Anti-social behaviour,,
0b40ad490f22549d0f0c80d4ac271728b891c8cfc63b754e8e89619f5cbb16c9,2021-06,Derbyshire Constabulary,Derbyshire Constabulary,-1.448744,53.237410,On or near The Glade,E01019555,Chesterfield 009C,Burglary,Awaiting court outcome,
b23520cbb1288d6b77741644065779808ad69e1114d42b5f9a1611c2ddc3db2e,2021-06,Derbyshire Constabulary,Derbyshire Constabulary,-1.448219,53.236320,On or near Welfare Avenue,E01019555,Chesterfield 009C,Criminal damage and arson,Investigation complete; no suspect identified,
3b40b15910ec90dc4d3d6c6f75482a290ae70a24c44b056d9991bad128c149da,2021-06,Derbyshire Constabulary,Derbyshire Constabulary,-1.454085,53.234532,On or near New Hall Road,E01019555,Chesterfield 009C,Criminal damage and arson,Unable to prosecute suspect,
6096830bb7cb70749a213b44f641bf6bc80b5501e00188d65ee466ad9d032921,2021-06,Derbyshire Constabulary,Derbyshire Constabulary,-1.452538,53.235981,On or near Old Hall Road,E01019555,Chesterfield 009C,Criminal damage and arson,Investigation complete; no suspect identified,
140c967f75bf420eb0af16c107a8c15df00d66ba84f1a2f32ce76ac902bf77f3,2021-06,Derbyshire Constabulary,Derbyshire Constabulary,-1.452538,53.235981,On or near Old Hall Road,E01019555,Chesterfield 009C,Other theft,Investigation complete; no suspect identified,
e8c43afbb429ca8df9affc18a2fc6801ffd5df4ae452bb899947daf5574a969d,2021-06,Derbyshire Constabulary,Derbyshire Constabulary,-1.452538,53.235981,On or near Old Hall Road,E01019555,Chesterfield 009C,Vehicle crime,Investigation complete; no suspect identified,
b1e8392fd71eef55d5bac282d0256360f793553ebb94a5af4b9b0687044140b0,2021-06,Derbyshire Constabulary,Derbyshire Constabulary,-1.454085,53.234532,On or near New Hall Road,E01019555,Chesterfield 009C,Violence and sexual offences,Unable to prosecute suspect,
,2021-06,Derbyshire Constabulary,Derbyshire Constabulary,-1.459671,53.239420,On or near Ashgate Road,E01019590,Chesterfield 009D,Anti-social behaviour,,
,2021-06,Derbyshire Constabulary,Derbyshire Constabulary,-1.454456,53.238345,On or near Sports/Recreation Area,E01019590,Chesterfield 009D,Anti-social behaviour,,
,2021-06,Derbyshire Constabulary,Derbyshire Constabulary,-1.457281,53.236461,On or near Ash Tree Close,E01019590,Chesterfield 009D,Anti-social behaviour,,
dda3f9ce898a6d638dbc6eb74bdb216e59fccb3c896d6acc07a4ace51b443b46,2021-06,Derbyshire Constabulary,Derbyshire Constabulary,-1.461398,53.239149,On or near Newlands Avenue,E01019590,Chesterfield 009D,Burglary,Investigation complete; no suspect identified,
e167021bf21fb0d3df18b63e69520247fac1e322d9740aa75cd05f26744969cd,2021-06,Derbyshire Constabulary,Derbyshire Constabulary,-1.457281,53.236461,On or near Ash Tree Close,E01019590,Chesterfield 009D,Criminal damage and arson,Investigation complete; no suspect identified,
e16edefcf3c5835336455da90667e7af7c73ae6cdff1c1ad45d55b805b6ac45d,2021-06,Derbyshire Constabulary,Derbyshire Constabulary,-1.462223,53.242659,On or near Cuttholme Close,E01019590,Chesterfield 009D,Violence and sexual offences,Unable to prosecute suspect,
0f78f71f4c919775a88440ad8c93a1050972a87665b2cad9c109e2c68865d494,2021-06,Derbyshire Constabulary,Derbyshire Constabulary,-1.462223,53.242659,On or near Cuttholme Close,E01019590,Chesterfield 009D,Violence and sexual offences,Unable to prosecute suspect,
1dd1d2fa7a0b4043091ee9ed929594400761e204611f6b19dbd38fe39ee40a36,2021-06,Derbyshire Constabulary,Derbyshire Constabulary,-1.457281,53.236461,On or near Ash Tree Close,E01019590,Chesterfield 009D,Violence and sexual offences,Unable to prosecute suspect,
cf8dfdeaf6f67a7333697d8f855862b19424a8834ad33e5090618e50996565b2,2021-06,Derbyshire Constabulary,Derbyshire Constabulary,-1.460388,53.233643,On or near Rhodesia Road,E01019591,Chesterfield 009E,Criminal damage and arson,Investigation complete; no suspect identified,
d94e52db52597ab32d938fa64966dc8a7a060ce6e6cc2e2c3b5667fa85e8e549,2021-06,Derbyshire Constabulary,Derbyshire Constabulary,-1.458675,53.234040,On or near St Thomas' Street,E01019591,Chesterfield 009E,Violence and sexual offences,Unable to prosecute suspect,
a7f99ec02b7b138638192fb814bd482ac7c6cac540b231e4f759a25d5a5f0847,2021-06,Derbyshire Constabulary,Derbyshire Constabulary,-1.461675,53.233811,On or near Green Glen,E01019591,Chesterfield 009E,Violence and sexual offences,Unable to prosecute suspect,
e9e19d21a4e3ee7bb6fb5337c6dfdd4078347fd03bd451cda214290e7f94726d,2021-06,Derbyshire Constabulary,Derbyshire Constabulary,-1.461675,53.233811,On or near Green Glen,E01019591,Chesterfield 009E,Violence and sexual offences,Unable to prosecute suspect,
771abcbfc67d301a2e48925110e323babe7c9a3d2e892b1970c628ee8499d2bf,2021-06,Derbyshire Constabulary,Derbyshire Constabulary,-1.461675,53.233811,On or near Green Glen,E01019591,Chesterfield 009E,Violence and sexual offences,Unable to prosecute suspect,
,2021-06,Derbyshire Constabulary,Derbyshire Constabulary,-1.437341,53.239784,On or near West Street,E01019538,Chesterfield 010A,Anti-social behaviour,,
,2021-06,Derbyshire Constabulary,Derbyshire Constabulary,-1.436840,53.235701,On or near A619,E01019538,Chesterfield 010A,Anti-social behaviour,,
,2021-06,Derbyshire Constabulary,Derbyshire Constabulary,-1.433061,53.237103,On or near Rose Hill West,E01019538,Chesterfield 010A,Anti-social behaviour,,
,2021-06,Derbyshire Constabulary,Derbyshire Constabulary,-1.438188,53.236921,On or near Alexandra Road West,E01019538,Chesterfield 010A,Anti-social behaviour,,
,2021-06,Derbyshire Constabulary,Derbyshire Constabulary,-1.426690,53.238502,On or near B6057,E01019538,Chesterfield 010A,Anti-social behaviour,,
,2021-06,Derbyshire Constabulary,Derbyshire Constabulary,-1.433061,53.237103,On or near Rose Hill West,E01019538,Chesterfield 010A,Anti-social behaviour,,
,2021-06,Derbyshire Constabulary,Derbyshire Constabulary,-1.436196,53.235689,On or near West Bars,E01019538,Chesterfield 010A,Anti-social behaviour,,
,2021-06,Derbyshire Constabulary,Derbyshire Constabulary,-1.437089,53.238408,On or near Saltergate,E01019538,Chesterfield 010A,Anti-social behaviour,,
,2021-06,Derbyshire Constabulary,Derbyshire Constabulary,-1.433061,53.237103,On or near Rose Hill West,E01019538,Chesterfield 010A,Anti-social behaviour,,
,2021-06,Derbyshire Constabulary,Derbyshire Constabulary,-1.434668,53.236787,On or near Clarence Road,E01019538,Chesterfield 010A,Anti-social behaviour,,
,2021-06,Derbyshire Constabulary,Derbyshire Constabulary,-1.438188,53.236921,On or near Alexandra Road West,E01019538,Chesterfield 010A,Anti-social behaviour,,
6a026eb336b291a47632795bbb366efe8f958eb9210de38202236a42d78d4636,2021-06,Derbyshire Constabulary,Derbyshire Constabulary,-1.436840,53.235701,On or near A619,E01019538,Chesterfield 010A,Burglary,Awaiting court outcome,
58f16db1b5c0d0af414c9669eac58c1fc4db1c9187b99e65f1549150cd5e1077,2021-06,Derbyshire Constabulary,Derbyshire Constabulary,-1.436840,53.235701,On or near A619,E01019538,Chesterfield 010A,Burglary,Awaiting court outcome,
5aaf4edb2293c2d2e06f4db7f5f326b24a670d2c8ab518696130f2ab70fa2f41,2021-06,Derbyshire Constabulary,Derbyshire Constabulary,-1.437895,53.237504,On or near Spring Bank Road,E01019538,Chesterfield 010A,Burglary,Status update unavailable,
c7261ff6ab98b33a0f89cda006d03048b945449521550a0551c9213f1a01884e,2021-06,Derbyshire Constabulary,Derbyshire Constabulary,-1.436840,53.235701,On or near A619,E01019538,Chesterfield 010A,Criminal damage and arson,Investigation complete; no suspect identified,
1d47bca336a2e1225e0f2d29e7ba650140e79cb82b58956713f9b34627efd1bb,2021-06,Derbyshire Constabulary,Derbyshire Constabulary,-1.432385,53.237235,On or near Parking Area,E01019538,Chesterfield 010A,Criminal damage and arson,Investigation complete; no suspect identified,
ccf13dbf8ba3bb43122447dc8b427094fcd151f089306dee84b6edd7a4f56bbd,2021-06,Derbyshire Constabulary,Derbyshire Constabulary,-1.436840,53.235701,On or near A619,E01019538,Chesterfield 010A,Criminal damage and arson,Awaiting court outcome,
0f32515e5f87de40f41962a8aa31eb5597236efa84ad01fc087ae24b3733ead4,2021-06,Derbyshire Constabulary,Derbyshire Constabulary,-1.433128,53.236546,On or near Rose Hill,E01019538,Chesterfield 010A,Robbery,Unable to prosecute suspect,
e8a383beb2f92494419847ff3dfa873e855e0c63a9067cbe860e5c44ff9ea12a,2021-06,Derbyshire Constabulary,Derbyshire Constabulary,-1.426690,53.238502,On or near B6057,E01019538,Chesterfield 010A,Robbery,Investigation complete; no suspect identified,
b9db2d468f9bfc2e2ed6e9972f379d5cb83f615aa9d74505d272d17dce5838ca,2021-06,Derbyshire Constabulary,Derbyshire Constabulary,-1.433564,53.238760,On or near Tennyson Avenue,E01019538,Chesterfield 010A,Vehicle crime,Status update unavailable,
23e7d5e7887e48ae63e52c632b81ba9f0350a2b301d96d797e45a105a31d8eac,2021-06,Derbyshire Constabulary,Derbyshire Constabulary,-1.426690,53.238502,On or near B6057,E01019538,Chesterfield 010A,Vehicle crime,Status update unavailable,
d1636595c31162a6fef31ec3a2d34a120e45ca65c270e21e81beb9dc5c97ef25,2021-06,Derbyshire Constabulary,Derbyshire Constabulary,-1.436856,53.237921,On or near Foljambe Road,E01019538,Chesterfield 010A,Violence and sexual offences,Unable to prosecute suspect,
05eccc80b6c4f2a438ee2a51ef795e17467e00801f53a4166119d9c9618351f1,2021-06,Derbyshire Constabulary,Derbyshire Constabulary,-1.433409,53.236826,On or near Parking Area,E01019538,Chesterfield 010A,Violence and sexual offences,Status update unavailable,
c92a9d114bbc8618e76f9c78325de452fe53cbf854b12e385615e9e01b4bd26d,2021-06,Derbyshire Constabulary,Derbyshire Constabulary,-1.433061,53.237103,On or near Rose Hill West,E01019538,Chesterfield 010A,Violence and sexual offences,Unable to prosecute suspect,
f57eb926de0b1298314b719a7df1430c74c47ab199f69dcd543dc3c5e10ea850,2021-06,Derbyshire Constabulary,Derbyshire Constabulary,-1.434144,53.237899,On or near Saltergate,E01019538,Chesterfield 010A,Violence and sexual offences,Unable to prosecute suspect,
27fabcd06d7e903656d67f468757083f8e56715b2da43bf7b5d220cf061e43d4,2021-06,Derbyshire Constabulary,Derbyshire Constabulary,-1.434668,53.236787,On or near Clarence Road,E01019538,Chesterfield 010A,Violence and sexual offences,Unable to prosecute suspect,
43cc2bc258e157a2e38c4d1ce845ed5e5c0e64b8d7dbb83674cef3c046c0fce6,2021-06,Derbyshire Constabulary,Derbyshire Constabulary,-1.434668,53.236787,On or near Clarence Road,E01019538,Chesterfield 010A,Violence and sexual offences,Unable to prosecute suspect,
a84d8fc3815a5cfae24e4e565dea10703a210e628f3c9b01ff9312faa054ae76,2021-06,Derbyshire Constabulary,Derbyshire Constabulary,-1.426690,53.238502,On or near B6057,E01019538,Chesterfield 010A,Violence and sexual offences,Status update unavailable,
0b9c6b03522d17a545d2a528590335496ffbd6036e91d56aa80886d51a18bd82,2021-06,Derbyshire Constabulary,Derbyshire Constabulary,-1.426690,53.238502,On or near B6057,E01019538,Chesterfield 010A,Violence and sexual offences,Investigation complete; no suspect identified,
061b5b205f85cc8510db6482d6766766dfe0ca703abcc4fd1884d20c87a3375b,2021-06,Derbyshire Constabulary,Derbyshire Constabulary,-1.426690,53.238502,On or near B6057,E01019538,Chesterfield 010A,Violence and sexual offences,Awaiting court outcome,
2ba668b00d2beb60b4ba2885887f04cbc7bd17bda7c30336deaf9228710ba54b,2021-06,Derbyshire Constabulary,Derbyshire Constabulary,-1.436762,53.239368,On or near Compton Street,E01019538,Chesterfield 010A,Violence and sexual offences,Status update unavailable,
67a20f1f61db6d4d658d7b251d5aecaa4934aefab3eff8f4c095ce0b21e8e96f,2021-06,Derbyshire Constabulary,Derbyshire Constabulary,-1.434668,53.236787,On or near Clarence Road,E01019538,Chesterfield 010A,Violence and sexual offences,Unable to prosecute suspect,
e7003241dbd3618da3e89b2d12f5d082de0336b2ae01be6c818f9b95e0a7454c,2021-06,Derbyshire Constabulary,Derbyshire Constabulary,-1.437089,53.238408,On or near Saltergate,E01019538,Chesterfield 010A,Other crime,Status update unavailable,
f03a1e232e0a3a70406ebd3df915c8c4bfb32d0281c8a652a354296bff4f8002,2021-06,Derbyshire Constabulary,Derbyshire Constabulary,-1.436840,53.235701,On or near A619,E01019538,Chesterfield 010A,Other crime,Further investigation is not in the public interest,
,2021-06,Derbyshire Constabulary,Derbyshire Constabulary,-1.442987,53.235397,On or near Brickhouse Yard,E01019554,Chesterfield 010B,Anti-social behaviour,,
,2021-06,Derbyshire Constabulary,Derbyshire Constabulary,-1.448152,53.233381,On or near Parking Area,E01019554,Chesterfield 010B,Anti-social behaviour,,
,2021-06,Derbyshire Constabulary,Derbyshire Constabulary,-1.445852,53.233954,On or near Chatsworth Road,E01019554,Chesterfield 010B,Anti-social behaviour,,
d26dc66642406ffed09094a7360c7f285367e8eb05598f52b6fe0c84003ec816,2021-06,Derbyshire Constabulary,Derbyshire Constabulary,-1.454187,53.232348,On or near Old Hall Road,E01019554,Chesterfield 010B,Criminal damage and arson,Investigation complete; no suspect identified,
1b3c59b65432cda3586a20dfa443227974b5bafd90eff3786856e32f9155567d,2021-06,Derbyshire Constabulary,Derbyshire Constabulary,-1.442505,53.236770,On or near Charles Street,E01019554,Chesterfield 010B,Drugs,Status update unavailable,
f35fd163d3e87b4cac9206b6e542704f5615ca7a4b24b6fe020d8a08202c5dd8,2021-06,Derbyshire Constabulary,Derbyshire Constabulary,-1.442987,53.235397,On or near Brickhouse Yard,E01019554,Chesterfield 010B,Other theft,Investigation complete; no suspect identified,
970908fe1809fec5904639259eeff7a4fbef504a9b7e1c1a7e620fc1be498c3f,2021-06,Derbyshire Constabulary,Derbyshire Constabulary,-1.449922,53.233209,On or near Mill Lane,E01019554,Chesterfield 010B,Public order,Investigation complete; no suspect identified,
361cf979f178f2d63af324fb6b33469ed37bcfbd033eda4b1b7b2a0f2e283d05,2021-06,Derbyshire Constabulary,Derbyshire Constabulary,-1.448132,53.236104,On or near Vernon Road,E01019554,Chesterfield 010B,Violence and sexual offences,Local resolution,
ce9e75c27433adb05fad30a01bc99dacf7f2519cde96edaef043f9e78530735b,2021-06,Derbyshire Constabulary,Derbyshire Constabulary,-1.448132,53.236104,On or near Vernon Road,E01019554,Chesterfield 010B,Violence and sexual offences,Unable to prosecute suspect,
3c74f34b068ab59ce36ff9ab2cf70dae0bf30ed49ea11bf0ec28cc319ebe3ded,2021-06,Derbyshire Constabulary,Derbyshire Constabulary,-1.444831,53.235289,On or near School Board Lane,E01019554,Chesterfield 010B,Violence and sexual offences,Unable to prosecute suspect,
adcea7ad26193843aaab9ba8e126576b516ec0abfbf87a2c3b8e1252e92e1799,2021-06,Derbyshire Constabulary,Derbyshire Constabulary,-1.448132,53.236104,On or near Vernon Road,E01019554,Chesterfield 010B,Violence and sexual offences,Unable to prosecute suspect,
4af2775e9e3c7e0588976a370f79e030e8821d4355507c69c1f0ff2c0e206ef3,2021-06,Derbyshire Constabulary,Derbyshire Constabulary,-1.455036,53.232756,On or near Victoria Street West,E01019554,Chesterfield 010B,Violence and sexual offences,Unable to prosecute suspect,
3a45ec1635d75fed49939c38c753f7f3ece2eee9a0652655cc58ff936b6590a4,2021-06,Derbyshire Constabulary,Derbyshire Constabulary,-1.448152,53.233381,On or near Parking Area,E01019554,Chesterfield 010B,Violence and sexual offences,Unable to prosecute suspect,
4115cfce2b2addf2d85a090eeef66135757b8ee139f26eaa68e7d8658ce155b9,2021-06,Derbyshire Constabulary,Derbyshire Constabulary,-1.451228,53.235319,On or near Sports/Recreation Area,E01019554,Chesterfield 010B,Violence and sexual offences,Investigation complete; no suspect identified,
866596f3d40bc1fddf187e6c2999d1cccf4bdf568016e4c75f64a5d8570660ad,2021-06,Derbyshire Constabulary,Derbyshire Constabulary,-1.444653,53.235189,On or near Bradbury Close,E01019554,Chesterfield 010B,Violence and sexual offences,Unable to prosecute suspect,
01b2ab72d246dba443763e408c288d7e318e4aa5d982e8cc4113df3a195ba685,2021-06,Derbyshire Constabulary,Derbyshire Constabulary,-1.443607,53.237279,On or near Hope Street,E01019554,Chesterfield 010B,Violence and sexual offences,Awaiting court outcome,
cebca8c0b7ddaf0b0a99813246dd7d8393ba734e9890ec973cdef53507cb2f37,2021-06,Derbyshire Constabulary,Derbyshire Constabulary,-1.445682,53.235500,On or near Sydney Street,E01019554,Chesterfield 010B,Violence and sexual offences,Status update unavailable,
02300aa94663b0d09f90d12dc52f400c49c3df3c1d9e76f3fa29225e7c3ed83f,2021-06,Derbyshire Constabulary,Derbyshire Constabulary,-1.447170,53.233987,On or near Stone Row,E01019554,Chesterfield 010B,Violence and sexual offences,Unable to prosecute suspect,
4a323bb9aa95e6237e195bddfc349d5bb0a8f355a18a0bcf77859da089666911,2021-06,Derbyshire Constabulary,Derbyshire Constabulary,-1.448839,53.233492,On or near Old Road,E01019554,Chesterfield 010B,Violence and sexual offences,Unable to prosecute suspect,
d7ed662a6176aff898e4a48b02f75d872c5a31dd3bce7451a83cff4a9fe0d7fb,2021-06,Derbyshire Constabulary,Derbyshire Constabulary,-1.448839,53.233492,On or near Old Road,E01019554,Chesterfield 010B,Violence and sexual offences,Status update unavailable,
e445676ef36a56e50a20b8cec93c188058f2662ead673b4eb189126090cc370e,2021-06,Derbyshire Constabulary,Derbyshire Constabulary,-1.442229,53.236095,On or near Sterland Street,E01019554,Chesterfield 010B,Other crime,Investigation complete; no suspect identified,
,2021-06,Derbyshire Constabulary,Derbyshire Constabulary,-1.439409,53.235201,On or near Clarence Street,E01019556,Chesterfield 010C,Anti-social behaviour,,
,2021-06,Derbyshire Constabulary,Derbyshire Constabulary,-1.443800,53.230439,On or near Sycamore Avenue,E01019556,Chesterfield 010C,Anti-social behaviour,,
,2021-06,Derbyshire Constabulary,Derbyshire Constabulary,-1.439874,53.235149,On or near Tap Lane,E01019556,Chesterfield 010C,Anti-social behaviour,,
,2021-06,Derbyshire Constabulary,Derbyshire Constabulary,-1.439409,53.235201,On or near Clarence Street,E01019556,Chesterfield 010C,Anti-social behaviour,,
,2021-06,Derbyshire Constabulary,Derbyshire Constabulary,-1.443701,53.234618,On or near Bradbury Place,E01019556,Chesterfield 010C,Anti-social behaviour,,
,2021-06,Derbyshire Constabulary,Derbyshire Constabulary,-1.444249,53.229291,On or near Walton Drive,E01019556,Chesterfield 010C,Anti-social behaviour,,
a5841f3b263a478eef96af6103cd7849f0978e0472a066cfa19a354a5f947a54,2021-06,Derbyshire Constabulary,Derbyshire Constabulary,-1.439042,53.231145,On or near Boythorpe Mount,E01019556,Chesterfield 010C,Burglary,Investigation complete; no suspect identified,
da59d357a6c0d364c7738d460153aaa09b3f9389a0b0a060d8cee8b320f94e8f,2021-06,Derbyshire Constabulary,Derbyshire Constabulary,-1.444249,53.229291,On or near Walton Drive,E01019556,Chesterfield 010C,Criminal damage and arson,Unable to prosecute suspect,
3e5c1aa9f026ad1fb8460c8d6f23057dd96d8d20cf6bccffaddb39c0c386982e,2021-06,Derbyshire Constabulary,Derbyshire Constabulary,-1.446465,53.228267,On or near Walton Crescent,E01019556,Chesterfield 010C,Other theft,Offender given a caution,
93c5bd294dafeb8e2b47756004a3717eaaeb8b829337b2fc65a67193122b90de,2021-06,Derbyshire Constabulary,Derbyshire Constabulary,-1.446582,53.229625,On or near Walgrove Avenue,E01019556,Chesterfield 010C,Other theft,Unable to prosecute suspect,
77c3d46f2e1bbb0707fe6529818cd512da00faeae1faa006d9fe8e61bb293d29,2021-06,Derbyshire Constabulary,Derbyshire Constabulary,-1.442270,53.234072,On or near Alma Street West,E01019556,Chesterfield 010C,Violence and sexual offences,Unable to prosecute suspect,
212fcb68ba101c35452a9dce999487024eea4bc8a37869802ca23e969123a7c3,2021-06,Derbyshire Constabulary,Derbyshire Constabulary,-1.439874,53.235149,On or near Tap Lane,E01019556,Chesterfield 010C,Violence and sexual offences,Status update unavailable,
86ff055bbb059d4a7e2d9043137fd0eaaa27b6383991308cf935fefaa1d1116c,2021-06,Derbyshire Constabulary,Derbyshire Constabulary,-1.442270,53.234072,On or near Alma Street West,E01019556,Chesterfield 010C,Violence and sexual offences,Unable to prosecute suspect,
3be352d62dc363a4ce7a2bbaf8660722f8e7a96a1604ea9a76d04cde3fc11113,2021-06,Derbyshire Constabulary,Derbyshire Constabulary,-1.441442,53.230904,On or near Central Avenue,E01019556,Chesterfield 010C,Violence and sexual offences,Unable to prosecute suspect,
,2021-06,Derbyshire Constabulary,Derbyshire Constabulary,-1.432201,53.242097,On or near Princess Street,E01019579,Chesterfield 010D,Anti-social behaviour,,
,2021-06,Derbyshire Constabulary,Derbyshire Constabulary,-1.425763,53.241662,On or near Shirland Street,E01019579,Chesterfield 010D,Anti-social behaviour,,
,2021-06,Derbyshire Constabulary,Derbyshire Constabulary,-1.429496,53.241527,On or near Victoria Street,E01019579,Chesterfield 010D,Anti-social behaviour,,
,2021-06,Derbyshire Constabulary,Derbyshire Constabulary,-1.425955,53.243011,On or near Hardwick Street,E01019579,Chesterfield 010D,Anti-social behaviour,,
d1d5dd2566e8b4d977dbad9d8a94eeaf34685310a8fdf9575ac69b479935fca4,2021-06,Derbyshire Constabulary,Derbyshire Constabulary,-1.422015,53.245176,On or near A61,E01019579,Chesterfield 010D,Criminal damage and arson,Unable to prosecute suspect,
22ae3b8d5c2268a28d15037bccd1c54daa44321170fa65ae5a57b403f0406ae3,2021-06,Derbyshire Constabulary,Derbyshire Constabulary,-1.425763,53.241662,On or near Shirland Street,E01019579,Chesterfield 010D,Drugs,Unable to prosecute suspect,
a83dce4fba0b622b549ca8416185c8dcfb112c4e6e0848db422a39f0547a792c,2021-06,Derbyshire Constabulary,Derbyshire Constabulary,-1.430746,53.242234,On or near Dowdeswell Street,E01019579,Chesterfield 010D,Other theft,Investigation complete; no suspect identified,
7c4cdc640a374c12b52cf8781c1d3401c595db28eb84a1108ffd2b9ea654cd5f,2021-06,Derbyshire Constabulary,Derbyshire Constabulary,-1.428362,53.242339,On or near Homeport Mews,E01019579,Chesterfield 010D,Public order,Awaiting court outcome,
468c9a265c16db5f09784c66d40e3d42aef6d10188c9bf93e8cd1960312a4045,2021-06,Derbyshire Constabulary,Derbyshire Constabulary,-1.425891,53.242184,On or near Sunny Springs,E01019579,Chesterfield 010D,Public order,Awaiting court outcome,
9cbc80da933e09d21bd0ce84b0b77aaa5457da9506569c4c5d4ac8fa63660cd1,2021-06,Derbyshire Constabulary,Derbyshire Constabulary,-1.428362,53.242339,On or near Homeport Mews,E01019579,Chesterfield 010D,Public order,Unable to prosecute suspect,
19e20b9397548ba3790fa8d870e275eb56c3689fb531d02cdaaf073bcc897637,2021-06,Derbyshire Constabulary,Derbyshire Constabulary,-1.431310,53.241455,On or near Parking Area,E01019579,Chesterfield 010D,Shoplifting,Awaiting court outcome,
22b9a7a9da891554e8f945112f573b0bc32e2b31d961a21b59b1bceca95e5355,2021-06,Derbyshire Constabulary,Derbyshire Constabulary,-1.429243,53.240330,On or near St Helen'S Close,E01019579,Chesterfield 010D,Theft from the person,Investigation complete; no suspect identified,
89d3a9d32614e0eb44aa1924c182c210377d9159dec7b16bcdb0abe405a2a1e1,2021-06,Derbyshire Constabulary,Derbyshire Constabulary,-1.429243,53.240330,On or near St Helen'S Close,E01019579,Chesterfield 010D,Theft from the person,Investigation complete; no suspect identified,
0137f07b931e584573098f06afcf080669ccb4752573af1789363be744048560,2021-06,Derbyshire Constabulary,Derbyshire Constabulary,-1.432201,53.242097,On or near Princess Street,E01019579,Chesterfield 010D,Vehicle crime,Investigation complete; no suspect identified,
1fbc56dbbad55398f8d06363c47a1e47341c2117659440b0b898acdba0f645b5,2021-06,Derbyshire Constabulary,Derbyshire Constabulary,-1.428362,53.242339,On or near Homeport Mews,E01019579,Chesterfield 010D,Vehicle crime,Unable to prosecute suspect,
c4ad071b09ac505e429aa9d4fd3b0c66a8d95640adee6e67b95912e4c270ad31,2021-06,Derbyshire Constabulary,Derbyshire Constabulary,-1.428362,53.242339,On or near Homeport Mews,E01019579,Chesterfield 010D,Violence and sexual offences,Unable to prosecute suspect,
1b069c2f4a549513aa15671666f80b7373d12bbc33e474af9014d61315dba5f6,2021-06,Derbyshire Constabulary,Derbyshire Constabulary,-1.425058,53.242836,On or near Wharf Lane,E01019579,Chesterfield 010D,Violence and sexual offences,Investigation complete; no suspect identified,
556fd73adf53936eddb86c9c86ffb44441c9a88054c9175c1f5d5ee10598aadc,2021-06,Derbyshire Constabulary,Derbyshire Constabulary,-1.428362,53.242339,On or near Homeport Mews,E01019579,Chesterfield 010D,Violence and sexual offences,Unable to prosecute suspect,
589694ef5be5db9f1e0def3a231119becb1998f699e34fc05d5740a26ddbc5c5,2021-06,Derbyshire Constabulary,Derbyshire Constabulary,-1.422015,53.245176,On or near A61,E01019579,Chesterfield 010D,Violence and sexual offences,Local resolution,
56284195473ef3d42b60bc07d14651281945f3a0e2ee2039bae834372edc3b41,2021-06,Derbyshire Constabulary,Derbyshire Constabulary,-1.422015,53.245176,On or near A61,E01019579,Chesterfield 010D,Violence and sexual offences,Local resolution,
d8ac3cc8b26a2f8c4f8115343b9fdd42eede1009cdc361683c89b6c9a2f5b9b3,2021-06,Derbyshire Constabulary,Derbyshire Constabulary,-1.428362,53.242339,On or near Homeport Mews,E01019579,Chesterfield 010D,Other crime,Unable to prosecute suspect,
,2021-06,Derbyshire Constabulary,Derbyshire Constabulary,-1.431958,53.235552,On or near Parking Area,E01033387,Chesterfield 010F,Anti-social behaviour,,
,2021-06,Derbyshire Constabulary,Derbyshire Constabulary,-1.424862,53.237361,On or near Nightclub,E01033387,Chesterfield 010F,Anti-social behaviour,,
,2021-06,Derbyshire Constabulary,Derbyshire Constabulary,-1.428220,53.236073,On or near Shopping Area,E01033387,Chesterfield 010F,Anti-social behaviour,,
,2021-06,Derbyshire Constabulary,Derbyshire Constabulary,-1.426860,53.234727,On or near Shopping Area,E01033387,Chesterfield 010F,Anti-social behaviour,,
,2021-06,Derbyshire Constabulary,Derbyshire Constabulary,-1.424150,53.237923,On or near Parking Area,E01033387,Chesterfield 010F,Anti-social behaviour,,
,2021-06,Derbyshire Constabulary,Derbyshire Constabulary,-1.424150,53.237923,On or near Parking Area,E01033387,Chesterfield 010F,Anti-social behaviour,,
,2021-06,Derbyshire Constabulary,Derbyshire Constabulary,-1.425587,53.236897,On or near Cavendish Street,E01033387,Chesterfield 010F,Anti-social behaviour,,
,2021-06,Derbyshire Constabulary,Derbyshire Constabulary,-1.427562,53.233796,On or near South Place,E01033387,Chesterfield 010F,Anti-social behaviour,,
,2021-06,Derbyshire Constabulary,Derbyshire Constabulary,-1.426860,53.234727,On or near Shopping Area,E01033387,Chesterfield 010F,Anti-social behaviour,,
,2021-06,Derbyshire Constabulary,Derbyshire Constabulary,-1.428220,53.236073,On or near Shopping Area,E01033387,Chesterfield 010F,Anti-social behaviour,,
,2021-06,Derbyshire Constabulary,Derbyshire Constabulary,-1.416586,53.237752,On or near Owen Falls Avenue,E01033387,Chesterfield 010F,Anti-social behaviour,,
,2021-06,Derbyshire Constabulary,Derbyshire Constabulary,-1.427162,53.234558,On or near South Street,E01033387,Chesterfield 010F,Anti-social behaviour,,
,2021-06,Derbyshire Constabulary,Derbyshire Constabulary,-1.424862,53.237361,On or near Nightclub,E01033387,Chesterfield 010F,Anti-social behaviour,,
,2021-06,Derbyshire Constabulary,Derbyshire Constabulary,-1.427101,53.229030,On or near Askew Way,E01033387,Chesterfield 010F,Anti-social behaviour,,
,2021-06,Derbyshire Constabulary,Derbyshire Constabulary,-1.423133,53.236678,On or near Corporation Street,E01033387,Chesterfield 010F,Anti-social behaviour,,
,2021-06,Derbyshire Constabulary,Derbyshire Constabulary,-1.425558,53.235755,On or near Church Way,E01033387,Chesterfield 010F,Anti-social behaviour,,
,2021-06,Derbyshire Constabulary,Derbyshire Constabulary,-1.425979,53.236710,On or near Nightclub,E01033387,Chesterfield 010F,Anti-social behaviour,,
,2021-06,Derbyshire Constabulary,Derbyshire Constabulary,-1.427162,53.234558,On or near South Street,E01033387,Chesterfield 010F,Anti-social behaviour,,
,2021-06,Derbyshire Constabulary,Derbyshire Constabulary,-1.425558,53.235755,On or near Church Way,E01033387,Chesterfield 010F,Anti-social behaviour,,
,2021-06,Derbyshire Constabulary,Derbyshire Constabulary,-1.425979,53.236710,On or near Nightclub,E01033387,Chesterfield 010F,Anti-social behaviour,,
,2021-06,Derbyshire Constabulary,Derbyshire Constabulary,-1.428220,53.236073,On or near Shopping Area,E01033387,Chesterfield 010F,Anti-social behaviour,,
,2021-06,Derbyshire Constabulary,Derbyshire Constabulary,-1.430979,53.235934,On or near Parking Area,E01033387,Chesterfield 010F,Anti-social behaviour,,
,2021-06,Derbyshire Constabulary,Derbyshire Constabulary,-1.424596,53.234815,On or near Vicar Lane,E01033387,Chesterfield 010F,Anti-social behaviour,,
,2021-06,Derbyshire Constabulary,Derbyshire Constabulary,-1.426670,53.237765,On or near Parking Area,E01033387,Chesterfield 010F,Anti-social behaviour,,
,2021-06,Derbyshire Constabulary,Derbyshire Constabulary,-1.424150,53.237923,On or near Parking Area,E01033387,Chesterfield 010F,Anti-social behaviour,,
,2021-06,Derbyshire Constabulary,Derbyshire Constabulary,-1.428220,53.236073,On or near Shopping Area,E01033387,Chesterfield 010F,Anti-social behaviour,,
,2021-06,Derbyshire Constabulary,Derbyshire Constabulary,-1.423673,53.236636,On or near Theatre/Concert Hall,E01033387,Chesterfield 010F,Anti-social behaviour,,
,2021-06,Derbyshire Constabulary,Derbyshire Constabulary,-1.424862,53.237361,On or near Nightclub,E01033387,Chesterfield 010F,Anti-social behaviour,,
,2021-06,Derbyshire Constabulary,Derbyshire Constabulary,-1.427801,53.228161,On or near Horse Chestnut Close,E01033387,Chesterfield 010F,Anti-social behaviour,,
,2021-06,Derbyshire Constabulary,Derbyshire Constabulary,-1.430101,53.236640,On or near Soresby Street,E01033387,Chesterfield 010F,Anti-social behaviour,,
,2021-06,Derbyshire Constabulary,Derbyshire Constabulary,-1.420816,53.238519,On or near Crow Lane,E01033387,Chesterfield 010F,Anti-social behaviour,,
,2021-06,Derbyshire Constabulary,Derbyshire Constabulary,-1.425558,53.235755,On or near Church Way,E01033387,Chesterfield 010F,Anti-social behaviour,,
,2021-06,Derbyshire Constabulary,Derbyshire Constabulary,-1.430979,53.235934,On or near Parking Area,E01033387,Chesterfield 010F,Anti-social behaviour,,
91cc164a2b98f0d5695e716209fae3e41400d9a4956dd8b9b074f3d4f975cb4e,2021-06,Derbyshire Constabulary,Derbyshire Constabulary,-1.429874,53.234517,On or near New Beetwell Street,E01033387,Chesterfield 010F,Burglary,Investigation complete; no suspect identified,
3a5cb89916238cecc895c6509ef413d814e963190518c7362650186f6cedaa5a,2021-06,Derbyshire Constabulary,Derbyshire Constabulary,-1.429041,53.237435,On or near Saltergate,E01033387,Chesterfield 010F,Burglary,Local resolution,
534a54da8091bf18986cf5691c0272f35ec00b59cbca98f5a63a99433135ad28,2021-06,Derbyshire Constabulary,Derbyshire Constabulary,-1.429874,53.234517,On or near New Beetwell Street,E01033387,Chesterfield 010F,Burglary,Unable to prosecute suspect,
1234ee2c1240710721c1989aee17cd4f949fc718e734af13e4d82ba48da07d66,2021-06,Derbyshire Constabulary,Derbyshire Constabulary,-1.428220,53.236073,On or near Shopping Area,E01033387,Chesterfield 010F,Burglary,Investigation complete; no suspect identified,
d9f04df405a0b395741eb1fcd7309980c3c490efe3bf2319504626ceb3d3b078,2021-06,Derbyshire Constabulary,Derbyshire Constabulary,-1.428220,53.236073,On or near Shopping Area,E01033387,Chesterfield 010F,Burglary,Awaiting court outcome,
a1c76e9d3ff93cbf24284818fe3e53847f9c6ca9fe5e9e6564aeb6dbdb7d6ab4,2021-06,Derbyshire Constabulary,Derbyshire Constabulary,-1.427514,53.236259,On or near Knifesmithgate,E01033387,Chesterfield 010F,Burglary,Awaiting court outcome,
e08f388af58002ac50e0e163b98d5476afe068eecfad291dad265b8094d93805,2021-06,Derbyshire Constabulary,Derbyshire Constabulary,-1.425558,53.235755,On or near Church Way,E01033387,Chesterfield 010F,Burglary,Awaiting court outcome,
aad0c607232563ba80849a7254002386f99069a82f6d54f6d610cfef63757376,2021-06,Derbyshire Constabulary,Derbyshire Constabulary,-1.424221,53.233771,On or near Lordsmill Street,E01033387,Chesterfield 010F,Criminal damage and arson,Investigation complete; no suspect identified,
27b7623d9daf4dd449797bdcb40e4fad2811cb18f5f9d941d0f87f71aa4f37eb,2021-06,Derbyshire Constabulary,Derbyshire Constabulary,-1.425896,53.234013,On or near C Division Police Headquarters,E01033387,Chesterfield 010F,Criminal damage and arson,Status update unavailable,
702e8b1d3dc1bb15e87dee6ecbaac658a747cfc5b6d82a8676a9ab625ecce894,2021-06,Derbyshire Constabulary,Derbyshire Constabulary,-1.425589,53.227827,On or near Langford Croft,E01033387,Chesterfield 010F,Criminal damage and arson,Investigation complete; no suspect identified,
1449d3412c2ebae93c054f60074f8e0a548d1d3825d251acd601727eb10feb17,2021-06,Derbyshire Constabulary,Derbyshire Constabulary,-1.425979,53.236710,On or near Nightclub,E01033387,Chesterfield 010F,Criminal damage and arson,Status update unavailable,
66306f13a2400b1924e96b43ef413d2f9bea5ef833aa294a38dc30c0808b404b,2021-06,Derbyshire Constabulary,Derbyshire Constabulary,-1.425896,53.234013,On or near C Division Police Headquarters,E01033387,Chesterfield 010F,Criminal damage and arson,Status update unavailable,
da75e7d2fbd6c796b19bbcaef0c1540884518f4f415a98c2a20c8397304525b0,2021-06,Derbyshire Constabulary,Derbyshire Constabulary,-1.423133,53.236678,On or near Corporation Street,E01033387,Chesterfield 010F,Criminal damage and arson,Awaiting court outcome,
4c0578cd38d185f71c0a4f1722865039ec6f252d46a920c324a072a4d9f7cec2,2021-06,Derbyshire Constabulary,Derbyshire Constabulary,-1.425558,53.235755,On or near Church Way,E01033387,Chesterfield 010F,Criminal damage and arson,Investigation complete; no suspect identified,
c752400958afafffdde4db484e2fc5cb0cf307b190b44155d1258291f0fbd78d,2021-06,Derbyshire Constabulary,Derbyshire Constabulary,-1.425896,53.234013,On or near C Division Police Headquarters,E01033387,Chesterfield 010F,Drugs,Awaiting court outcome,
cec521a2a5d2af51aeb87dfe784b5ad7262898b9035ae3b37442bb86adee7989,2021-06,Derbyshire Constabulary,Derbyshire Constabulary,-1.424045,53.229042,On or near Byron Street,E01033387,Chesterfield 010F,Drugs,Status update unavailable,
e9022638d52c88e057ed9fe3d37410dae45053f4dd27916e85293beebcb7986f,2021-06,Derbyshire Constabulary,Derbyshire Constabulary,-1.423133,53.236678,On or near Corporation Street,E01033387,Chesterfield 010F,Drugs,Offender given a caution,
ef082125a6f5adf8ad334a0b5b6b7a843a832c9f5b66273d4c4737a8cb1a5796,2021-06,Derbyshire Constabulary,Derbyshire Constabulary,-1.431958,53.235552,On or near Parking Area,E01033387,Chesterfield 010F,Other theft,Investigation complete; no suspect identified,
e772a5aca5819663880c072e8154d88aa5b39059f6a4bc2174cfcba674002a9a,2021-06,Derbyshire Constabulary,Derbyshire Constabulary,-1.420739,53.237538,On or near Parking Area,E01033387,Chesterfield 010F,Other theft,Investigation complete; no suspect identified,
c05962c90621aac79ea344bbb631917f328692298df0c2bb8307ea7ccfe8732d,2021-06,Derbyshire Constabulary,Derbyshire Constabulary,-1.424596,53.234815,On or near Vicar Lane,E01033387,Chesterfield 010F,Other theft,Investigation complete; no suspect identified,
db0febfabed0f44b73bccfe8921af341fae394a2e885311bc9ffb7495e01001e,2021-06,Derbyshire Constabulary,Derbyshire Constabulary,-1.422316,53.233977,On or near Hollis Lane,E01033387,Chesterfield 010F,Other theft,Investigation complete; no suspect identified,
4a79be96c1923ee7b71a73eb3c7c451c7958dd81cff557557ed12774e5c8f01f,2021-06,Derbyshire Constabulary,Derbyshire Constabulary,-1.428220,53.236073,On or near Shopping Area,E01033387,Chesterfield 010F,Other theft,Investigation complete; no suspect identified,
0904306b0d10d20a74344b84f5fb93450ab023db908f54d851e77d2e76aabae4,2021-06,Derbyshire Constabulary,Derbyshire Constabulary,-1.422316,53.233977,On or near Hollis Lane,E01033387,Chesterfield 010F,Other theft,Investigation complete; no suspect identified,
52b366aa94012c486c33d07e11785703b8f25d4d91381f4ec31a7bc5a2d4c297,2021-06,Derbyshire Constabulary,Derbyshire Constabulary,-1.424045,53.229042,On or near Byron Street,E01033387,Chesterfield 010F,Public order,Investigation complete; no suspect identified,
afefd91cec45c657db9429760c95322fddf40389c4e9d676a1fa5f28474148a4,2021-06,Derbyshire Constabulary,Derbyshire Constabulary,-1.424150,53.237923,On or near Parking Area,E01033387,Chesterfield 010F,Public order,Unable to prosecute suspect,
deea6300eb4a0bebfeef805f4bed0b2621278db9cc196e9198dbffcb66d2ce46,2021-06,Derbyshire Constabulary,Derbyshire Constabulary,-1.427162,53.234558,On or near South Street,E01033387,Chesterfield 010F,Public order,Awaiting court outcome,
46b5c388ffc2b9136fbb156b9ad7f6c1539feb7350e5d4692e5d991c5ce4045d,2021-06,Derbyshire Constabulary,Derbyshire Constabulary,-1.426860,53.234727,On or near Shopping Area,E01033387,Chesterfield 010F,Public order,Unable to prosecute suspect,
d279f59327ebac88e077c73a946f86dcfd0308841f3b63541927f0d9cd916140,2021-06,Derbyshire Constabulary,Derbyshire Constabulary,-1.425896,53.234013,On or near C Division Police Headquarters,E01033387,Chesterfield 010F,Public order,Formal action is not in the public interest,
a3698566215f816e4e96046dbacc649d16763f28a1aa36de41d2edf829cacdb1,2021-06,Derbyshire Constabulary,Derbyshire Constabulary,-1.427162,53.234558,On or near South Street,E01033387,Chesterfield 010F,Public order,Status update unavailable,
cbfebbb1ebacd3059103c9e5ccbac8631b6c36189be136e0f7e7a804734f9805,2021-06,Derbyshire Constabulary,Derbyshire Constabulary,-1.424596,53.234815,On or near Vicar Lane,E01033387,Chesterfield 010F,Public order,Investigation complete; no suspect identified,
d6fdc973e724bee0b08ed92e631ceb3dd383c0c4006d4e4d4b8d35cc522c353b,2021-06,Derbyshire Constabulary,Derbyshire Constabulary,-1.428220,53.236073,On or near Shopping Area,E01033387,Chesterfield 010F,Public order,Investigation complete; no suspect identified,
d3b0eaf2c9dc29eb95618732462d85f4bfa2ba904c25eb6d0802a70928505424,2021-06,Derbyshire Constabulary,Derbyshire Constabulary,-1.425896,53.234013,On or near C Division Police Headquarters,E01033387,Chesterfield 010F,Public order,Awaiting court outcome,
380c78d7f1068fd6c2c25e9745fd98cca27aad21ecad3d87f2c37200db979b36,2021-06,Derbyshire Constabulary,Derbyshire Constabulary,-1.427562,53.233796,On or near South Place,E01033387,Chesterfield 010F,Public order,Unable to prosecute suspect,
3d3c97b79537e7df61c5f9f42948e673d7d4f457bf64c82edae36deb0d0cf7f9,2021-06,Derbyshire Constabulary,Derbyshire Constabulary,-1.430390,53.236308,On or near Rose Hill,E01033387,Chesterfield 010F,Public order,Local resolution,
6920f31cd280271ab2a8d2df2244f5354593a5ef5dc74ca128babfc44be2738a,2021-06,Derbyshire Constabulary,Derbyshire Constabulary,-1.425896,53.234013,On or near C Division Police Headquarters,E01033387,Chesterfield 010F,Public order,Unable to prosecute suspect,
0a46d6da4ec9fad11b76171e4dfce97f3dda17585b4b51afa5ffbd579ceee3e4,2021-06,Derbyshire Constabulary,Derbyshire Constabulary,-1.425896,53.234013,On or near C Division Police Headquarters,E01033387,Chesterfield 010F,Public order,Awaiting court outcome,
8328712fa9c592464416c07a3d7b0970dbde9eaf861bb9ded04b865c74339ed3,2021-06,Derbyshire Constabulary,Derbyshire Constabulary,-1.420739,53.237538,On or near Parking Area,E01033387,Chesterfield 010F,Robbery,Unable to prosecute suspect,
c006f3d47da8bc4a2aeffbe6f8aa29d8c47af5729a3f63e86bde356e4746d4b2,2021-06,Derbyshire Constabulary,Derbyshire Constabulary,-1.423673,53.236636,On or near Theatre/Concert Hall,E01033387,Chesterfield 010F,Robbery,Unable to prosecute suspect,
254f82671a28e957e164148a08582f3606b8c978cbca5f535c0af77788663ec7,2021-06,Derbyshire Constabulary,Derbyshire Constabulary,-1.426860,53.234727,On or near Shopping Area,E01033387,Chesterfield 010F,Shoplifting,Awaiting court outcome,
47868bcf544030612a4ceec03b68fb21edc90cdd0411f2a14ce9f655bd220ce9,2021-06,Derbyshire Constabulary,Derbyshire Constabulary,-1.427101,53.229030,On or near Askew Way,E01033387,Chesterfield 010F,Shoplifting,Awaiting court outcome,
e2e8ffbfa61e1e98b4b91f0bb43963e1068fe0d67789d26b92d2753dcec21032,2021-06,Derbyshire Constabulary,Derbyshire Constabulary,-1.429874,53.234517,On or near New Beetwell Street,E01033387,Chesterfield 010F,Shoplifting,Awaiting court outcome,
79aea44d487dbe15bf706992d5a3e6c8e51adacd5d69d8dc60006b798e97ee61,2021-06,Derbyshire Constabulary,Derbyshire Constabulary,-1.429874,53.234517,On or near New Beetwell Street,E01033387,Chesterfield 010F,Shoplifting,Awaiting court outcome,
07366343096160d4fb47681570f26d30cb16d42495a2a0eb2697c902d3fd2f4b,2021-06,Derbyshire Constabulary,Derbyshire Constabulary,-1.427101,53.229030,On or near Askew Way,E01033387,Chesterfield 010F,Shoplifting,Investigation complete; no suspect identified,
31a7d8053f1af659e5eb2916cc26b89b205c7b403abb407c1e93ea4e863d97a2,2021-06,Derbyshire Constabulary,Derbyshire Constabulary,-1.429874,53.234517,On or near New Beetwell Street,E01033387,Chesterfield 010F,Shoplifting,Investigation complete; no suspect identified,
f85bf2c80d6055ece3198266e4bc796fac1d298bd7f5a7da7545ac1c6353a896,2021-06,Derbyshire Constabulary,Derbyshire Constabulary,-1.429874,53.234517,On or near New Beetwell Street,E01033387,Chesterfield 010F,Shoplifting,Awaiting court outcome,
5420c2d735667e1e1ff3fc8b8c0e7dcd5ff05a00708c8ec01e3f2386acd9257a,2021-06,Derbyshire Constabulary,Derbyshire Constabulary,-1.427562,53.233796,On or near South Place,E01033387,Chesterfield 010F,Shoplifting,Investigation complete; no suspect identified,
cb8dfcea378fbbf4d7426ed51aaddb672e8fcc5a850e05bd5a27be317efa3248,2021-06,Derbyshire Constabulary,Derbyshire Constabulary,-1.425979,53.236710,On or near Nightclub,E01033387,Chesterfield 010F,Shoplifting,Investigation complete; no suspect identified,
d0ddb7fdc7bbffb182978a77ded41ae1d8bac3f3ff7cafdd312c3b16b7bcf331,2021-06,Derbyshire Constabulary,Derbyshire Constabulary,-1.427101,53.229030,On or near Askew Way,E01033387,Chesterfield 010F,Shoplifting,Awaiting court outcome,
34f2f3d26b5d07d3a0d4cdf6c257f23b47b131edc314dc8fcfbaca36b2f29261,2021-06,Derbyshire Constabulary,Derbyshire Constabulary,-1.429874,53.234517,On or near New Beetwell Street,E01033387,Chesterfield 010F,Shoplifting,Awaiting court outcome,
156fa830a5761c243191a816f348859f77c252aed28f92d055d5bdef51c00019,2021-06,Derbyshire Constabulary,Derbyshire Constabulary,-1.429874,53.234517,On or near New Beetwell Street,E01033387,Chesterfield 010F,Shoplifting,Awaiting court outcome,
98f4f0c66f86adec2a045b1c1ce8bda40a70222b5fa6a821b1011cc1c8dbca99,2021-06,Derbyshire Constabulary,Derbyshire Constabulary,-1.429874,53.234517,On or near New Beetwell Street,E01033387,Chesterfield 010F,Shoplifting,Awaiting court outcome,
e80fb528f4b95f506f72a2e58d288ca8e9062fb2a308e7f1734881aee42e45c1,2021-06,Derbyshire Constabulary,Derbyshire Constabulary,-1.429874,53.234517,On or near New Beetwell Street,E01033387,Chesterfield 010F,Shoplifting,Awaiting court outcome,
c8d184045a0e8e102ffa36749efa706bff37e2e52b1dd99c0489528bc494844c,2021-06,Derbyshire Constabulary,Derbyshire Constabulary,-1.429874,53.234517,On or near New Beetwell Street,E01033387,Chesterfield 010F,Shoplifting,Investigation complete; no suspect identified,
44b268360062285194d457df2650d8e801ec9cbf0a4c7e1477455bda6ee55a29,2021-06,Derbyshire Constabulary,Derbyshire Constabulary,-1.429874,53.234517,On or near New Beetwell Street,E01033387,Chesterfield 010F,Shoplifting,Awaiting court outcome,
d8e5a2d11db7c4ba7ec18cd77595ffad391f9ef5361a99d4acf436465c759d33,2021-06,Derbyshire Constabulary,Derbyshire Constabulary,-1.425558,53.235755,On or near Church Way,E01033387,Chesterfield 010F,Shoplifting,Awaiting court outcome,
1b4b870227707a050537ab56ff4c674d3fcbaf44d1c90d4dd4539cacfcd0fffa,2021-06,Derbyshire Constabulary,Derbyshire Constabulary,-1.427562,53.233796,On or near South Place,E01033387,Chesterfield 010F,Shoplifting,Unable to prosecute suspect,
56a0015ee289f94b0256edd3dafba21768ba625f22d1348ebb63134624d5b50e,2021-06,Derbyshire Constabulary,Derbyshire Constabulary,-1.427562,53.233796,On or near South Place,E01033387,Chesterfield 010F,Shoplifting,Investigation complete; no suspect identified,
4040cfd78b4f138cdf8ea9d991769216b271d42740f511cb4612e47fb74f41a4,2021-06,Derbyshire Constabulary,Derbyshire Constabulary,-1.429874,53.234517,On or near New Beetwell Street,E01033387,Chesterfield 010F,Shoplifting,Unable to prosecute suspect,
4de4b0efa8a34e050991cde2272d06a1d6c098a08b0db8fadab9d4268c87d711,2021-06,Derbyshire Constabulary,Derbyshire Constabulary,-1.426860,53.234727,On or near Shopping Area,E01033387,Chesterfield 010F,Theft from the person,Investigation complete; no suspect identified,
7000438bd6d3893cb430744d3f09e3289882a131f11d51139199af8a40b8e46e,2021-06,Derbyshire Constabulary,Derbyshire Constabulary,-1.424596,53.234815,On or near Vicar Lane,E01033387,Chesterfield 010F,Theft from the person,Investigation complete; no suspect identified,
9051450d7fe67e45d3e37125f1cbef90c7b77a7ffe49cf0431a826f2ea040feb,2021-06,Derbyshire Constabulary,Derbyshire Constabulary,-1.423061,53.235392,On or near Parking Area,E01033387,Chesterfield 010F,Vehicle crime,Investigation complete; no suspect identified,
eeda548967945761348042cd4ad1caf041b0947e9d6bcb504c07ce1a03e0d721,2021-06,Derbyshire Constabulary,Derbyshire Constabulary,-1.427562,53.233796,On or near South Place,E01033387,Chesterfield 010F,Vehicle crime,Investigation complete; no suspect identified,
67e21faab8e40b3b0e367e896d0e7b6cc28020c9fe1df699546a3f578f685416,2021-06,Derbyshire Constabulary,Derbyshire Constabulary,-1.425587,53.236897,On or near Cavendish Street,E01033387,Chesterfield 010F,Violence and sexual offences,Unable to prosecute suspect,
e36fa7b0e053d74f36f8239ec9dc390d653c34aca5f4d6d2fda5627b942030a6,2021-06,Derbyshire Constabulary,Derbyshire Constabulary,-1.424150,53.237923,On or near Parking Area,E01033387,Chesterfield 010F,Violence and sexual offences,Unable to prosecute suspect,
08b47fe92f3af9b04dbfb1439e7382e81ff61cc4a7190ee2faf9b1a1cad1487a,2021-06,Derbyshire Constabulary,Derbyshire Constabulary,-1.429874,53.234517,On or near New Beetwell Street,E01033387,Chesterfield 010F,Violence and sexual offences,Unable to prosecute suspect,
8858e667d912e50b41dd4b0abd18d918f8a1f13f70c52ac2b9bb107faee8bd73,2021-06,Derbyshire Constabulary,Derbyshire Constabulary,-1.428220,53.236073,On or near Shopping Area,E01033387,Chesterfield 010F,Violence and sexual offences,Unable to prosecute suspect,
219682d1027a83d0480b76898a392f91acf66f95741dbfc8423391071fa7858c,2021-06,Derbyshire Constabulary,Derbyshire Constabulary,-1.426175,53.234392,On or near Parking Area,E01033387,Chesterfield 010F,Violence and sexual offences,Unable to prosecute suspect,
411ac0380bb89b480f35618d994ea1d1ffef15720f228542b874e1402ca00976,2021-06,Derbyshire Constabulary,Derbyshire Constabulary,-1.425558,53.235755,On or near Church Way,E01033387,Chesterfield 010F,Violence and sexual offences,Investigation complete; no suspect identified,
6bc6de4fbb8874c6596fe4fa47294be2ac8a8c1fdcd70eb8718af9f6d71495c6,2021-06,Derbyshire Constabulary,Derbyshire Constabulary,-1.430728,53.232229,On or near New Street,E01033387,Chesterfield 010F,Violence and sexual offences,Investigation complete; no suspect identified,
075a85b6edbe75d7914b36912f983d3d77aef5c7ad6109df9ec9d1eca9e49add,2021-06,Derbyshire Constabulary,Derbyshire Constabulary,-1.427801,53.228161,On or near Horse Chestnut Close,E01033387,Chesterfield 010F,Violence and sexual offences,Unable to prosecute suspect,
9889ee214937b940e04ceb1b9d40ae15f8179246594ebb7c4ae9884ff61d25b9,2021-06,Derbyshire Constabulary,Derbyshire Constabulary,-1.426860,53.234727,On or near Shopping Area,E01033387,Chesterfield 010F,Violence and sexual offences,Investigation complete; no suspect identified,
252af85f33e639c98a7fba5c7f1082a2ca7cda514d24183fa2964cab90427b89,2021-06,Derbyshire Constabulary,Derbyshire Constabulary,-1.425896,53.234013,On or near C Division Police Headquarters,E01033387,Chesterfield 010F,Violence and sexual offences,Awaiting court outcome,
7a3ebca011e362b271336155420cda2b8a6e69dc7c3f82efdff53401a1255cf8,2021-06,Derbyshire Constabulary,Derbyshire Constabulary,-1.430979,53.235934,On or near Parking Area,E01033387,Chesterfield 010F,Violence and sexual offences,Investigation complete; no suspect identified,
68f216e7518707c25b69ee0ff6921ef6d6af27e6aea86632716ce71464b6a1e4,2021-06,Derbyshire Constabulary,Derbyshire Constabulary,-1.425896,53.234013,On or near C Division Police Headquarters,E01033387,Chesterfield 010F,Violence and sexual offences,Awaiting court outcome,
f5bd014f1fee5a2c07042955532adf55a4d207cbfe88d01233d679cd8c4a7d79,2021-06,Derbyshire Constabulary,Derbyshire Constabulary,-1.423673,53.236636,On or near Theatre/Concert Hall,E01033387,Chesterfield 010F,Violence and sexual offences,Investigation complete; no suspect identified,
1327b79c70e23ce270ad892570cfb30ed77139fe9a6eb7ea599cdd5e6e4d9309,2021-06,Derbyshire Constabulary,Derbyshire Constabulary,-1.424862,53.237361,On or near Nightclub,E01033387,Chesterfield 010F,Violence and sexual offences,Awaiting court outcome,
4c5bc6eff089c99b4ed87423e475f629c91fafa956ad0da25f9423c33ae92592,2021-06,Derbyshire Constabulary,Derbyshire Constabulary,-1.426860,53.234727,On or near Shopping Area,E01033387,Chesterfield 010F,Violence and sexual offences,Unable to prosecute suspect,
6fcb148799da221af264d393ddbea33de266ed808412d7871d0ea6d0a80d4e8d,2021-06,Derbyshire Constabulary,Derbyshire Constabulary,-1.426391,53.237323,On or near Saltergate,E01033387,Chesterfield 010F,Violence and sexual offences,Unable to prosecute suspect,
3c1a75afd263027631c572cf4a6e4205945dd7036ee84e94bffe77ff7545b65a,2021-06,Derbyshire Constabulary,Derbyshire Constabulary,-1.429874,53.234517,On or near New Beetwell Street,E01033387,Chesterfield 010F,Violence and sexual offences,Unable to prosecute suspect,
4449ab63b15a5b9b229808e731dec86e6976d5340677589b6ee6c35cfae7d310,2021-06,Derbyshire Constabulary,Derbyshire Constabulary,-1.429041,53.237435,On or near Saltergate,E01033387,Chesterfield 010F,Violence and sexual offences,Status update unavailable,
463f9c3a42c65f4f3a45b90ea344602ecf590a7a2b19cf7b3f1ffbba08a9f144,2021-06,Derbyshire Constabulary,Derbyshire Constabulary,-1.426175,53.234392,On or near Parking Area,E01033387,Chesterfield 010F,Violence and sexual offences,Unable to prosecute suspect,
51601c7df208b33e53705b95508a21ba81bc77c75a233ae3ed9b060105812529,2021-06,Derbyshire Constabulary,Derbyshire Constabulary,-1.423673,53.236636,On or near Theatre/Concert Hall,E01033387,Chesterfield 010F,Violence and sexual offences,Unable to prosecute suspect,
8bce1b0ace421f0f4d81904ef503b6ac4c90cb0eb48ba91ba60912cbd1dccb35,2021-06,Derbyshire Constabulary,Derbyshire Constabulary,-1.427514,53.236259,On or near Knifesmithgate,E01033387,Chesterfield 010F,Violence and sexual offences,Unable to prosecute suspect,
5f0a11e8dd9fe1c2240da41fae2923e68121823b129b28dc38327dfcb5fa5ec8,2021-06,Derbyshire Constabulary,Derbyshire Constabulary,-1.423673,53.236636,On or near Theatre/Concert Hall,E01033387,Chesterfield 010F,Violence and sexual offences,Investigation complete; no suspect identified,
f0efc2fd7fcfc97fb5dc8297bcf116a92c7c3aa2a2f54917e002f871500f5232,2021-06,Derbyshire Constabulary,Derbyshire Constabulary,-1.424862,53.237361,On or near Nightclub,E01033387,Chesterfield 010F,Violence and sexual offences,Unable to prosecute suspect,
47760c0023dd209356ef811ef4a5e187385972982f63a9405ce2554be1519d24,2021-06,Derbyshire Constabulary,Derbyshire Constabulary,-1.425979,53.236710,On or near Nightclub,E01033387,Chesterfield 010F,Violence and sexual offences,Unable to prosecute suspect,
b13e633374a047e80aa33a0cc41f4664823488f9688f63d8ba86828c82fb5109,2021-06,Derbyshire Constabulary,Derbyshire Constabulary,-1.424862,53.237361,On or near Nightclub,E01033387,Chesterfield 010F,Violence and sexual offences,Unable to prosecute suspect,
ba53cafa5046c94328d1d9b4bdfa24b672582bee6f51a42c707a148d013e0244,2021-06,Derbyshire Constabulary,Derbyshire Constabulary,-1.430390,53.236308,On or near Rose Hill,E01033387,Chesterfield 010F,Violence and sexual offences,Unable to prosecute suspect,
031d6f9b7134e7a3f264a3b65157fe6251cf2c6806c2ccf2002148168e30a576,2021-06,Derbyshire Constabulary,Derbyshire Constabulary,-1.428220,53.236073,On or near Shopping Area,E01033387,Chesterfield 010F,Violence and sexual offences,Investigation complete; no suspect identified,
681a793104d9911baa85d4d7fff23d6df3181da3bdec3f9db1b8fb4c44f53079,2021-06,Derbyshire Constabulary,Derbyshire Constabulary,-1.429041,53.237435,On or near Saltergate,E01033387,Chesterfield 010F,Violence and sexual offences,Status update unavailable,
8678d4e16a641b9c5edf9a547632f6d791ee50424884205492ac45e662af4a9c,2021-06,Derbyshire Constabulary,Derbyshire Constabulary,-1.425979,53.236710,On or near Nightclub,E01033387,Chesterfield 010F,Violence and sexual offences,Investigation complete; no suspect identified,
ebfd201d9e1ffd0440501a48db82402a335c159bafef5b69985ef716e1331a5c,2021-06,Derbyshire Constabulary,Derbyshire Constabulary,-1.429874,53.234517,On or near New Beetwell Street,E01033387,Chesterfield 010F,Violence and sexual offences,Unable to prosecute suspect,
cd2b3b94949b8fafba94e2498054073168bb6741c3f78064d65ba568a868fbb2,2021-06,Derbyshire Constabulary,Derbyshire Constabulary,-1.430390,53.236308,On or near Rose Hill,E01033387,Chesterfield 010F,Violence and sexual offences,Unable to prosecute suspect,
0ea030288a5a28290c1483e3086add705dc7adfc00139e5f1ad953edfe1ad96b,2021-06,Derbyshire Constabulary,Derbyshire Constabulary,-1.431958,53.235552,On or near Parking Area,E01033387,Chesterfield 010F,Violence and sexual offences,Unable to prosecute suspect,
84ec81f812d9ce570163c3f795d00945be5ef3410d0beac7338dff9e47ec9ce1,2021-06,Derbyshire Constabulary,Derbyshire Constabulary,-1.429874,53.234517,On or near New Beetwell Street,E01033387,Chesterfield 010F,Violence and sexual offences,Unable to prosecute suspect,
f43173c52e2128c55172cadb18859725025550fbfc7ef06c36bc6f16edd1d4ed,2021-06,Derbyshire Constabulary,Derbyshire Constabulary,-1.427514,53.236259,On or near Knifesmithgate,E01033387,Chesterfield 010F,Violence and sexual offences,Unable to prosecute suspect,
cdda3d50ac039a745e74551b22366f7811f66aedffee3bee4cb1810dd6c1dde1,2021-06,Derbyshire Constabulary,Derbyshire Constabulary,-1.423061,53.235392,On or near Parking Area,E01033387,Chesterfield 010F,Other crime,Unable to prosecute suspect,
,2021-06,Derbyshire Constabulary,Derbyshire Constabulary,-1.436471,53.235259,On or near A619,E01033388,Chesterfield 010G,Anti-social behaviour,,
,2021-06,Derbyshire Constabulary,Derbyshire Constabulary,-1.434634,53.233713,On or near Park/Open Space,E01033388,Chesterfield 010G,Anti-social behaviour,,
,2021-06,Derbyshire Constabulary,Derbyshire Constabulary,-1.424712,53.226187,On or near Hawthorne Street,E01033388,Chesterfield 010G,Anti-social behaviour,,
,2021-06,Derbyshire Constabulary,Derbyshire Constabulary,-1.427048,53.227339,On or near Redvers Buller Road,E01033388,Chesterfield 010G,Anti-social behaviour,,
cb3f227451df14050aa0424d94c5b193428240cda92cc80b26e2755fb8c23b59,2021-06,Derbyshire Constabulary,Derbyshire Constabulary,-1.433235,53.229589,On or near Summerfield Road,E01033388,Chesterfield 010G,Burglary,Investigation complete; no suspect identified,
a5b0957ac19f22ba5cec3a591147f1e06612cbf4785ad76d0c91cab755eb7147,2021-06,Derbyshire Constabulary,Derbyshire Constabulary,-1.432028,53.231354,On or near Parking Area,E01033388,Chesterfield 010G,Drugs,Awaiting court outcome,
f960a0f8472fcb50d42cf096bd26e8e31c916d92db8f9dfe1425ad451d1af98a,2021-06,Derbyshire Constabulary,Derbyshire Constabulary,-1.432028,53.231354,On or near Parking Area,E01033388,Chesterfield 010G,Other theft,Investigation complete; no suspect identified,
101462b7a6cb5bfa89f7393f8ced1f591190204313f11f18a2447559d3447dd4,2021-06,Derbyshire Constabulary,Derbyshire Constabulary,-1.427081,53.224931,On or near Jaw Bones Hill,E01033388,Chesterfield 010G,Other theft,Investigation complete; no suspect identified,
e78e64cdc939c582e2550d3d767f3ffd582996c1993bacf53e247ca5314bbdb8,2021-06,Derbyshire Constabulary,Derbyshire Constabulary,-1.436390,53.231195,On or near Boythorpe Road,E01033388,Chesterfield 010G,Public order,Investigation complete; no suspect identified,
e9770d4e96f0d68f92542006d98326285088c2a91101b66da877025b80efd551,2021-06,Derbyshire Constabulary,Derbyshire Constabulary,-1.427059,53.225407,On or near Jaw Bones Hill,E01033388,Chesterfield 010G,Vehicle crime,Investigation complete; no suspect identified,
823a241d474be2b90a7d2a1e2e4bbce0af095c2aa0baf379d4234f90bdbdb679,2021-06,Derbyshire Constabulary,Derbyshire Constabulary,-1.433573,53.227847,On or near Park Road,E01033388,Chesterfield 010G,Violence and sexual offences,Unable to prosecute suspect,
07a29cf940b2b304ea993539e2aa1f7f479c48bd462c9a7cdfd5174ab7c8ee54,2021-06,Derbyshire Constabulary,Derbyshire Constabulary,-1.427081,53.224931,On or near Jaw Bones Hill,E01033388,Chesterfield 010G,Violence and sexual offences,Awaiting court outcome,
de582063a9db09cebc71e548f103ba38e0136a2da95050df7480c0b42f0c88db,2021-06,Derbyshire Constabulary,Derbyshire Constabulary,-1.427081,53.224931,On or near Jaw Bones Hill,E01033388,Chesterfield 010G,Violence and sexual offences,Investigation complete; no suspect identified,
9e125bb75ceeabd9930ebed2980a6ba8516e37fc62d7a374bd422a2992821d08,2021-06,Derbyshire Constabulary,Derbyshire Constabulary,-1.436288,53.233271,On or near Sports/Recreation Area,E01033388,Chesterfield 010G,Violence and sexual offences,Status update unavailable,
ee3e9f50f41185591b2d3c4ba7ab2d04658b99adbb7a81337a4f32f5aeaca6fc,2021-06,Derbyshire Constabulary,Derbyshire Constabulary,-1.433573,53.227847,On or near Park Road,E01033388,Chesterfield 010G,Violence and sexual offences,Unable to prosecute suspect,
d28f83260980c9cdb62c318273c3f15a4122c5f2d69097b33f3bab7e7325a448,2021-06,Derbyshire Constabulary,Derbyshire Constabulary,-1.432028,53.231354,On or near Parking Area,E01033388,Chesterfield 010G,Violence and sexual offences,Unable to prosecute suspect,
9e471031a8d20c4065c0b74b10e96b024fa3b50a9b9cb9de279c4ae622f8f360,2021-06,Derbyshire Constabulary,Derbyshire Constabulary,-1.433573,53.227847,On or near Park Road,E01033388,Chesterfield 010G,Other crime,Unable to prosecute suspect,
99cf467d8cd505030180fab711eff7e14475f626c47b48b6c091e7bd44153037,2021-06,Derbyshire Constabulary,Derbyshire Constabulary,-1.451790,53.226494,On or near Walton Road,E01019586,Chesterfield 011A,Vehicle crime,Investigation complete; no suspect identified,
db480d2382f5e644ac482d08a33b52805589bcd36d11b69ad16ec000d67293e9,2021-06,Derbyshire Constabulary,Derbyshire Constabulary,-1.455359,53.227400,On or near Amber Crescent,E01019586,Chesterfield 011A,Violence and sexual offences,Unable to prosecute suspect,
6244cf13bee59ed8abe45c23738a8a7fd22cac702bdbd3c4e3295426e248ab39,2021-06,Derbyshire Constabulary,Derbyshire Constabulary,-1.451331,53.229638,On or near Walgrove Road,E01019586,Chesterfield 011A,Violence and sexual offences,Unable to prosecute suspect,
,2021-06,Derbyshire Constabulary,Derbyshire Constabulary,-1.465042,53.223282,On or near Farndale Avenue,E01019587,Chesterfield 011B,Anti-social behaviour,,
,2021-06,Derbyshire Constabulary,Derbyshire Constabulary,-1.457270,53.229036,On or near Sports/Recreation Area,E01019587,Chesterfield 011B,Anti-social behaviour,,
bdb9d2e8bd3439fe2863403f61c4736ab5998f10b4942bf3c8ad13e5014605ce,2021-06,Derbyshire Constabulary,Derbyshire Constabulary,-1.449775,53.232993,On or near Mill Lane,E01019587,Chesterfield 011B,Criminal damage and arson,Unable to prosecute suspect,
48e52d0dde80073643d829f6bb63f80d7bb5bc6401213092e09266898667cf1a,2021-06,Derbyshire Constabulary,Derbyshire Constabulary,-1.465713,53.223465,On or near Firvale Road,E01019587,Chesterfield 011B,Other theft,Investigation complete; no suspect identified,
43bcfd230831b5ebcf47c1ae570f8ec33f1d82a81377cb5b88e83c7077fca961,2021-06,Derbyshire Constabulary,Derbyshire Constabulary,-1.464342,53.225346,On or near Foxbrook Drive,E01019587,Chesterfield 011B,Other theft,Unable to prosecute suspect,
c9da666d11d0fca4e37e7365134285f8e73b3229628077f891f0fa6a9d8470e3,2021-06,Derbyshire Constabulary,Derbyshire Constabulary,-1.464342,53.225346,On or near Foxbrook Drive,E01019587,Chesterfield 011B,Possession of weapons,Unable to prosecute suspect,
,2021-06,Derbyshire Constabulary,Derbyshire Constabulary,-1.460589,53.222408,On or near Troon Close,E01019588,Chesterfield 011C,Anti-social behaviour,,
6e3ccb980b212ccfeef5c5e5f41cd6ac21780196fd729768f145f77080bf21b6,2021-06,Derbyshire Constabulary,Derbyshire Constabulary,-1.454209,53.224770,On or near Guildford Avenue,E01019588,Chesterfield 011C,Burglary,Status update unavailable,
,2021-06,Derbyshire Constabulary,Derbyshire Constabulary,-1.445677,53.222007,On or near Whitecotes Lane,E01019589,Chesterfield 011D,Anti-social behaviour,,
,2021-06,Derbyshire Constabulary,Derbyshire Constabulary,-1.444741,53.224888,On or near Sunningdale Close,E01019589,Chesterfield 011D,Anti-social behaviour,,
ff9745c3e80606865320db2be6ae306339ba5ba784b775fa46be5fb5ed8fd35c,2021-06,Derbyshire Constabulary,Derbyshire Constabulary,-1.445677,53.222007,On or near Whitecotes Lane,E01019589,Chesterfield 011D,Burglary,Unable to prosecute suspect,
32cecd670428abc9283f326723ca19b12866b2e0ad2fbddf65d874d0c507aaea,2021-06,Derbyshire Constabulary,Derbyshire Constabulary,-1.443553,53.222959,On or near Fenland Way,E01019589,Chesterfield 011D,Violence and sexual offences,Unable to prosecute suspect,
,2021-06,Derbyshire Constabulary,Derbyshire Constabulary,-1.473399,53.231886,On or near Brookfield Avenue,E01019592,Chesterfield 011E,Anti-social behaviour,,
,2021-06,Derbyshire Constabulary,Derbyshire Constabulary,-1.465297,53.238906,On or near The Dell,E01019592,Chesterfield 011E,Anti-social behaviour,,
d1fbb83abc210db4e3ef21269e3fa0d02ac6f9c07deb4412dd5d4f4c4a753530,2021-06,Derbyshire Constabulary,Derbyshire Constabulary,-1.462060,53.230577,On or near Rye Flatt Lane,E01019592,Chesterfield 011E,Burglary,Investigation complete; no suspect identified,
5e11bd7cce7274f1c6f5d25fe78f342491b03a268ac218db5db7957ccb36b13a,2021-06,Derbyshire Constabulary,Derbyshire Constabulary,-1.463833,53.238513,On or near Loxley Close,E01019592,Chesterfield 011E,Burglary,Status update unavailable,
4c8f0c80bb8cda357115f9b27ee07c66638d14d3267113531545c19951dc2c2a,2021-06,Derbyshire Constabulary,Derbyshire Constabulary,-1.464683,53.229258,On or near Oakfield Avenue,E01019592,Chesterfield 011E,Burglary,Investigation complete; no suspect identified,
88a6d6ee90a7483fa90f4ef92f84f48006d3f22d882f485793ce2623ac5e4018,2021-06,Derbyshire Constabulary,Derbyshire Constabulary,-1.471946,53.231879,On or near Old Pheasant Court,E01019592,Chesterfield 011E,Public order,Unable to prosecute suspect,
8041420e27b36d01f302fa7081e24a844053eb701a8e6f986908e9f3716a27c6,2021-06,Derbyshire Constabulary,Derbyshire Constabulary,-1.467298,53.230987,On or near Parking Area,E01019592,Chesterfield 011E,Public order,Local resolution,
31900f9d70c434f1660eecec45b810d3a7a066d0b879225229e8aa49b6f7154b,2021-06,Derbyshire Constabulary,Derbyshire Constabulary,-1.463833,53.238513,On or near Loxley Close,E01019592,Chesterfield 011E,Vehicle crime,Investigation complete; no suspect identified,
a67eea563b67c687861482d4458b0c5b9eb859c6166ccb24f11d26e27836fccc,2021-06,Derbyshire Constabulary,Derbyshire Constabulary,-1.471946,53.231879,On or near Old Pheasant Court,E01019592,Chesterfield 011E,Violence and sexual offences,Unable to prosecute suspect,
be118ed5ed712129e9dde2e6f86b3db8f72585121e1e643ef2d429776458b10e,2021-06,Derbyshire Constabulary,Derbyshire Constabulary,-1.467107,53.222177,On or near Athol Close,E01019593,Chesterfield 011F,Burglary,Investigation complete; no suspect identified,
46c73a6d6ad2eb63667f515e852fdbc39ea7e06340d2b05d2ff7bb5d38bb3a62,2021-06,Derbyshire Constabulary,Derbyshire Constabulary,-1.476400,53.224070,On or near Yew Tree Drive,E01019593,Chesterfield 011F,Violence and sexual offences,Awaiting court outcome,
77a24960180a44899e84716a3b7a9d0a05dd7c1ee569a5908fd6b436785920ed,2021-06,Derbyshire Constabulary,Derbyshire Constabulary,-1.476400,53.224070,On or near Yew Tree Drive,E01019593,Chesterfield 011F,Violence and sexual offences,Awaiting court outcome,
,2021-06,Derbyshire Constabulary,Derbyshire Constabulary,-1.407538,53.220278,On or near Park View,E01019545,Chesterfield 012A,Anti-social behaviour,,
,2021-06,Derbyshire Constabulary,Derbyshire Constabulary,-1.404293,53.219902,On or near Talbot Street,E01019545,Chesterfield 012A,Anti-social behaviour,,
,2021-06,Derbyshire Constabulary,Derbyshire Constabulary,-1.404851,53.220741,On or near Nicholas Street,E01019545,Chesterfield 012A,Anti-social behaviour,,
,2021-06,Derbyshire Constabulary,Derbyshire Constabulary,-1.404851,53.220741,On or near Nicholas Street,E01019545,Chesterfield 012A,Anti-social behaviour,,
e93efd396e9011214579647876435e0ea1b3036991767193a366dbd6b65f8502,2021-06,Derbyshire Constabulary,Derbyshire Constabulary,-1.406712,53.220417,On or near Supermarket,E01019545,Chesterfield 012A,Criminal damage and arson,Action to be taken by another organisation,
f297de4dbeae2b06b6d27afb4904274f1c22432b9f5b8d232115a53d20af5e39,2021-06,Derbyshire Constabulary,Derbyshire Constabulary,-1.400330,53.216251,On or near Norwood Close,E01019545,Chesterfield 012A,Other theft,Unable to prosecute suspect,
45a8df624778212669e46c6b861baf9a0931c8c602bc8b1e4ac4e2d9594bcbed,2021-06,Derbyshire Constabulary,Derbyshire Constabulary,-1.404293,53.219902,On or near Talbot Street,E01019545,Chesterfield 012A,Public order,Unable to prosecute suspect,
46b6564fb9278493f62d2a247308be9081dcf69508d3845203b39162d2fd389f,2021-06,Derbyshire Constabulary,Derbyshire Constabulary,-1.404293,53.219902,On or near Talbot Street,E01019545,Chesterfield 012A,Vehicle crime,Investigation complete; no suspect identified,
37e6efc64f5d266f0bb105b5d7c612c9d47da285310474883884a37f9267d20c,2021-06,Derbyshire Constabulary,Derbyshire Constabulary,-1.400733,53.217448,On or near Mansfield Road,E01019545,Chesterfield 012A,Violence and sexual offences,Unable to prosecute suspect,
c0d2307b3a52114219e8471cd4af61c572cf8227f749b6cf0c9ced07e637b284,2021-06,Derbyshire Constabulary,Derbyshire Constabulary,-1.404851,53.220741,On or near Nicholas Street,E01019545,Chesterfield 012A,Violence and sexual offences,Unable to prosecute suspect,
d194ed3c5b210b4481d218f471c757bbd3e740ab61c722c4742f842abfd05d28,2021-06,Derbyshire Constabulary,Derbyshire Constabulary,-1.406527,53.220821,On or near Chapel Lane East,E01019545,Chesterfield 012A,Violence and sexual offences,Investigation complete; no suspect identified,
6715aba7c316d7f6cc7f3bee463b87ec21fd5362339012ec6de8ef52b815b560,2021-06,Derbyshire Constabulary,Derbyshire Constabulary,-1.404041,53.217546,On or near Hillcrest Road,E01019545,Chesterfield 012A,Violence and sexual offences,Investigation complete; no suspect identified,
,2021-06,Derbyshire Constabulary,Derbyshire Constabulary,-1.411691,53.223247,On or near Grove Street,E01019546,Chesterfield 012B,Anti-social behaviour,,
,2021-06,Derbyshire Constabulary,Derbyshire Constabulary,-1.413838,53.222844,On or near Devonshire Road East,E01019546,Chesterfield 012B,Anti-social behaviour,,
,2021-06,Derbyshire Constabulary,Derbyshire Constabulary,-1.415991,53.224221,On or near Annesley Close,E01019546,Chesterfield 012B,Anti-social behaviour,,
3009f8801decb41535aed061ae0e8951327add6b029370c497385033929c2752,2021-06,Derbyshire Constabulary,Derbyshire Constabulary,-1.410900,53.223027,On or near Penmore Street,E01019546,Chesterfield 012B,Public order,Unable to prosecute suspect,
ccd29a2b015fb4a11ab45e5bbcb78555ac853a978054b791c3d5d55fab93d46f,2021-06,Derbyshire Constabulary,Derbyshire Constabulary,-1.415991,53.224221,On or near Annesley Close,E01019546,Chesterfield 012B,Violence and sexual offences,Unable to prosecute suspect,
a3ac8fc75144d19efac017a528e09257be58b8243a34318a58720867b92cdc48,2021-06,Derbyshire Constabulary,Derbyshire Constabulary,-1.412554,53.221453,On or near Eyre Street East,E01019546,Chesterfield 012B,Violence and sexual offences,Status update unavailable,
,2021-06,Derbyshire Constabulary,Derbyshire Constabulary,-1.410773,53.221336,On or near Kent Street,E01019547,Chesterfield 012C,Anti-social behaviour,,
,2021-06,Derbyshire Constabulary,Derbyshire Constabulary,-1.400316,53.219415,On or near Gorse Valley Road,E01019547,Chesterfield 012C,Anti-social behaviour,,
,2021-06,Derbyshire Constabulary,Derbyshire Constabulary,-1.399778,53.224706,On or near Heathcote Drive,E01019547,Chesterfield 012C,Anti-social behaviour,,
,2021-06,Derbyshire Constabulary,Derbyshire Constabulary,-1.409088,53.223000,On or near Eastwood Park Drive,E01019547,Chesterfield 012C,Anti-social behaviour,,
db6edc8c8ccca07529311486907e662956278d962624bae3b9a1e589c8ee0028,2021-06,Derbyshire Constabulary,Derbyshire Constabulary,-1.400785,53.220181,On or near Valley View Close,E01019547,Chesterfield 012C,Public order,Unable to prosecute suspect,
d387262773fb4ca77c067edda523d69628540ef44bab17e0b1a5553f198aa0c2,2021-06,Derbyshire Constabulary,Derbyshire Constabulary,-1.404792,53.221711,On or near Meakin Street,E01019547,Chesterfield 012C,Public order,Unable to prosecute suspect,
c484a8bd44b5543456e9aaf4ab0fc257e96b2bd39378dd87ee8a184730858db1,2021-06,Derbyshire Constabulary,Derbyshire Constabulary,-1.409088,53.223000,On or near Eastwood Park Drive,E01019547,Chesterfield 012C,Public order,Unable to prosecute suspect,
15d303df6d2d8baa42d5d387f1f243e7ca13c8ee8fa5cb2440d82b3cddf13b95,2021-06,Derbyshire Constabulary,Derbyshire Constabulary,-1.400785,53.220181,On or near Valley View Close,E01019547,Chesterfield 012C,Public order,Unable to prosecute suspect,
915e32d15e07d9def8ca2b161fc79108a7022c6878237142c993ff208429a15a,2021-06,Derbyshire Constabulary,Derbyshire Constabulary,-1.403508,53.220347,On or near Talbot Crescent,E01019547,Chesterfield 012C,Violence and sexual offences,Investigation complete; no suspect identified,
5cfbc487c091c0c9943a8ff74c4c90ed0a4655eff7c5eb0f7fc1bb60b01632bf,2021-06,Derbyshire Constabulary,Derbyshire Constabulary,-1.401934,53.220429,On or near Fernwood Close,E01019547,Chesterfield 012C,Violence and sexual offences,Unable to prosecute suspect,
b66531dcf838c0c120396dbb3c6e80f89dde7e9762159d1479a0919d94388b77,2021-06,Derbyshire Constabulary,Derbyshire Constabulary,-1.401934,53.220429,On or near Fernwood Close,E01019547,Chesterfield 012C,Violence and sexual offences,Unable to prosecute suspect,
ae01144444f385fd616b3bbd2b91d735f55ac760b0e3a2b9441853447107adfa,2021-06,Derbyshire Constabulary,Derbyshire Constabulary,-1.409088,53.223000,On or near Eastwood Park Drive,E01019547,Chesterfield 012C,Violence and sexual offences,Unable to prosecute suspect,
d81f03bd4dffb8fc1771eae19963939466db1b288b1da3a32575c86e8211965c,2021-06,Derbyshire Constabulary,Derbyshire Constabulary,-1.402247,53.221663,On or near Blackthorn Close,E01019547,Chesterfield 012C,Violence and sexual offences,Unable to prosecute suspect,
9fee006396be3cf2ae83a024360426da96b3de8e8564a296e2741120e96b3c1a,2021-06,Derbyshire Constabulary,Derbyshire Constabulary,-1.400785,53.220181,On or near Valley View Close,E01019547,Chesterfield 012C,Violence and sexual offences,Unable to prosecute suspect,
4e7b9e724fdeee44d6840fa1069abc02f6c3740f4ceae38213c3a72619a15ee8,2021-06,Derbyshire Constabulary,Derbyshire Constabulary,-1.400785,53.220181,On or near Valley View Close,E01019547,Chesterfield 012C,Violence and sexual offences,Unable to prosecute suspect,
16e14bca75a937d83bbc6e765c4446d10ebb31d80a62fb719e7e639aed149423,2021-06,Derbyshire Constabulary,Derbyshire Constabulary,-1.402247,53.221663,On or near Blackthorn Close,E01019547,Chesterfield 012C,Violence and sexual offences,Unable to prosecute suspect,
,2021-06,Derbyshire Constabulary,Derbyshire Constabulary,-1.410624,53.215834,On or near The Green,E01019548,Chesterfield 012D,Anti-social behaviour,,
9fffc109a7f7d1b189cd5b51e6ff3548d43f3e7ce451ee7e484b94b1b8776520,2021-06,Derbyshire Constabulary,Derbyshire Constabulary,-1.426043,53.221905,On or near Lincoln Street,E01019548,Chesterfield 012D,Other theft,Unable to prosecute suspect,
210da91c1b17fe76007f828cb34c2914d7f86a425ee50f1b19a68dea2b72269d,2021-06,Derbyshire Constabulary,Derbyshire Constabulary,-1.424506,53.220361,On or near Warwick Street,E01019548,Chesterfield 012D,Public order,Investigation complete; no suspect identified,
bb60217a89d4cb105f09b7e7f6ab3e4770d56387a3f54d4203546fb74d55e5d1,2021-06,Derbyshire Constabulary,Derbyshire Constabulary,-1.410624,53.215834,On or near The Green,E01019548,Chesterfield 012D,Violence and sexual offences,Unable to prosecute suspect,
4514c7d98bb457ff17dbdc8f15ea571b9fab57c436bb9f453b3bf0f747d33bd0,2021-06,Derbyshire Constabulary,Derbyshire Constabulary,-1.410624,53.215834,On or near The Green,E01019548,Chesterfield 012D,Violence and sexual offences,Unable to prosecute suspect,
7b11dd82737b36af602d471eb156c2cf672f8fa6f8d11dc21fe03b629810c5a5,2021-06,Derbyshire Constabulary,Derbyshire Constabulary,-1.418282,53.218731,On or near Knighton Close,E01019548,Chesterfield 012D,Violence and sexual offences,Unable to prosecute suspect,
485b28fa10209b9fadcec75d1e3ec415feceac0ff37857baa9de86b756adb15e,2021-06,Derbyshire Constabulary,Derbyshire Constabulary,-1.411256,53.218876,On or near Smithfield Avenue,E01019548,Chesterfield 012D,Violence and sexual offences,Awaiting court outcome,
3fcdc918598789bcc6f53315d1cd3e304fbce196eeb61ad029025f92cd7d5cc7,2021-06,Derbyshire Constabulary,Derbyshire Constabulary,-1.418282,53.218731,On or near Knighton Close,E01019548,Chesterfield 012D,Violence and sexual offences,Investigation complete; no suspect identified,
668fce93dbad20144f79e7548f0b7664790838aae409e6c58ed7d2f7b72397bc,2021-06,Derbyshire Constabulary,Derbyshire Constabulary,-1.418282,53.218731,On or near Knighton Close,E01019548,Chesterfield 012D,Violence and sexual offences,Unable to prosecute suspect,
,2021-06,Derbyshire Constabulary,Derbyshire Constabulary,-1.417751,53.226953,On or near Whitebank Close,E01019582,Chesterfield 012E,Anti-social behaviour,,
d680b92f333d124f9d7f3fba7d6427c897cfb1e69f32709f1bc814ac85a928a4,2021-06,Derbyshire Constabulary,Derbyshire Constabulary,-1.409187,53.227747,On or near Spital Lane,E01019582,Chesterfield 012E,Burglary,Investigation complete; no suspect identified,
90b2860cc819aac03dd6b5067f69fe5578cd58fba86c06fe8546713318488fa6,2021-06,Derbyshire Constabulary,Derbyshire Constabulary,-1.412990,53.230067,On or near Alexandra Road East,E01019582,Chesterfield 012E,Criminal damage and arson,Investigation complete; no suspect identified,
c06f9ce3dcb1567e5b86880128e16581f350778ccd693f9f2f768a550222f5a7,2021-06,Derbyshire Constabulary,Derbyshire Constabulary,-1.402942,53.227653,On or near Taylor Crescent,E01019582,Chesterfield 012E,Other theft,Unable to prosecute suspect,
7b03a5761346423e44bfe25571eff9e04b29ab54cb4c30e50d2f5b99d0eca161,2021-06,Derbyshire Constabulary,Derbyshire Constabulary,-1.412990,53.230067,On or near Alexandra Road East,E01019582,Chesterfield 012E,Public order,Investigation complete; no suspect identified,
b126e860744fc33c3da7301723b966c5ef75368d1a603bd182480fae780cc1a6,2021-06,Derbyshire Constabulary,Derbyshire Constabulary,-1.418966,53.229062,On or near Whitehouses,E01019582,Chesterfield 012E,Vehicle crime,Investigation complete; no suspect identified,
8a00095a90391a97fd9586404d8935731f869a0bdba04060f46aa12ffe08423b,2021-06,Derbyshire Constabulary,Derbyshire Constabulary,-1.398453,53.227298,On or near Dalewood Close,E01019582,Chesterfield 012E,Violence and sexual offences,Local resolution,
7bb493095e0b592aecbcc5aca45a391de33ad16bcf9f6c4dda3025326c895de7,2021-06,Derbyshire Constabulary,Derbyshire Constabulary,-1.402942,53.227653,On or near Taylor Crescent,E01019582,Chesterfield 012E,Violence and sexual offences,Unable to prosecute suspect,
d2010189e588a8fce6251382f37857c895f24c4217504345ca2786b8193e4f39,2021-06,Derbyshire Constabulary,Derbyshire Constabulary,-1.405752,53.228107,On or near Smith Crescent,E01019582,Chesterfield 012E,Violence and sexual offences,Unable to prosecute suspect,
c793a386f6b69c04e1c67a6d8e8096b3c86815b617b67ee3204d42fbb4d002e1,2021-06,Derbyshire Constabulary,Derbyshire Constabulary,-1.418089,53.228573,On or near Warner Street,E01019582,Chesterfield 012E,Violence and sexual offences,Unable to prosecute suspect,
cf0cc6cb8bbed5adae02bb0e343c68669ff61e3bfc830ac62a936f00a504dc7d,2021-06,Derbyshire Constabulary,Derbyshire Constabulary,-1.405752,53.228107,On or near Smith Crescent,E01019582,Chesterfield 012E,Violence and sexual offences,Unable to prosecute suspect,
a2c443950987fca6e5b9fc85857ee71d27b2535b13e3ee4e3df658b179302000,2021-06,Derbyshire Constabulary,Derbyshire Constabulary,-1.418089,53.228573,On or near Warner Street,E01019582,Chesterfield 012E,Violence and sexual offences,Status update unavailable,
db66aadf209286f667a901dbbccb1a1d789db25d9a69e8626da8d7f399503506,2021-06,Derbyshire Constabulary,Derbyshire Constabulary,-1.418089,53.228573,On or near Warner Street,E01019582,Chesterfield 012E,Violence and sexual offences,Unable to prosecute suspect,
28e7ea38a72453d752deaf92267774122c66833250f78eaefddd036e431cf96a,2021-06,Derbyshire Constabulary,Derbyshire Constabulary,-1.418089,53.228573,On or near Warner Street,E01019582,Chesterfield 012E,Violence and sexual offences,Unable to prosecute suspect,
a86bb93766ea782302b63a9a0ee80e6f61e2a107a1a5a79433e6f0f23497b349,2021-06,Derbyshire Constabulary,Derbyshire Constabulary,-1.418089,53.228573,On or near Warner Street,E01019582,Chesterfield 012E,Violence and sexual offences,Unable to prosecute suspect,
c3333d037ee63c50ca5c46a77acaa19fbd0594bbcaae7f4b6ad69bf2cb1c9a28,2021-06,Derbyshire Constabulary,Derbyshire Constabulary,-1.402942,53.227653,On or near Taylor Crescent,E01019582,Chesterfield 012E,Violence and sexual offences,Unable to prosecute suspect,
003cadfb38bb6f86bd041b0d084d5e5f312b60d323f4e039f7173afca97dcfcd,2021-06,Derbyshire Constabulary,Derbyshire Constabulary,-1.411657,53.227867,On or near Spital Brook Close,E01019582,Chesterfield 012E,Violence and sexual offences,Unable to prosecute suspect,
9fb26ccae346d2100f2a052fb19c952ab16f4127e9c4c85c102a3a66786517c8,2021-06,Derbyshire Constabulary,Derbyshire Constabulary,-1.424376,53.226643,On or near Sherwood Street,E01019583,Chesterfield 012F,Criminal damage and arson,Investigation complete; no suspect identified,
e63beaaeb02fdd7f87a1d4576f33047947210d5d3e3f7310f3acc16e66d51cc5,2021-06,Derbyshire Constabulary,Derbyshire Constabulary,-1.424376,53.226643,On or near Sherwood Street,E01019583,Chesterfield 012F,Criminal damage and arson,Investigation complete; no suspect identified,
f99425859be8e70cc402a5161aafd0832bc88586a657ddd896cd2f58aeaf7541,2021-06,Derbyshire Constabulary,Derbyshire Constabulary,-1.424376,53.226643,On or near Sherwood Street,E01019583,Chesterfield 012F,Public order,Unable to prosecute suspect,
fe9a18c33ae3374e917fb6d06357a76a0b4f2f48b58aaa1f1c228073ac4d654b,2021-06,Derbyshire Constabulary,Derbyshire Constabulary,-1.419558,53.220759,On or near Shopping Area,E01019583,Chesterfield 012F,Violence and sexual offences,Unable to prosecute suspect,
37a2b120be66ef99e7a236f8c496b54da3dba4f636943c8e2ab9c957391142f3,2021-06,Derbyshire Constabulary,Derbyshire Constabulary,-1.419558,53.220759,On or near Shopping Area,E01019583,Chesterfield 012F,Violence and sexual offences,Unable to prosecute suspect,
7a9d00b14b10cd837e2095805dafe31c4b5c1d82f66d51feb4b0d8abea774991,2021-06,Derbyshire Constabulary,Derbyshire Constabulary,-1.424110,53.224170,On or near Rosedale Avenue,E01019583,Chesterfield 012F,Violence and sexual offences,Unable to prosecute suspect,
,2021-06,Derbyshire Constabulary,Derbyshire Constabulary,-1.400081,53.236214,On or near Hospital,E01019585,Chesterfield 012G,Anti-social behaviour,,
,2021-06,Derbyshire Constabulary,Derbyshire Constabulary,-1.400081,53.236214,On or near Hospital,E01019585,Chesterfield 012G,Anti-social behaviour,,
,2021-06,Derbyshire Constabulary,Derbyshire Constabulary,-1.400081,53.236214,On or near Hospital,E01019585,Chesterfield 012G,Anti-social behaviour,,
,2021-06,Derbyshire Constabulary,Derbyshire Constabulary,-1.405847,53.230975,On or near Sports/Recreation Area,E01019585,Chesterfield 012G,Anti-social behaviour,,
,2021-06,Derbyshire Constabulary,Derbyshire Constabulary,-1.400081,53.236214,On or near Hospital,E01019585,Chesterfield 012G,Anti-social behaviour,,
,2021-06,Derbyshire Constabulary,Derbyshire Constabulary,-1.414144,53.231133,On or near Valley Road,E01019585,Chesterfield 012G,Anti-social behaviour,,
,2021-06,Derbyshire Constabulary,Derbyshire Constabulary,-1.400405,53.230238,On or near Lee Road,E01019585,Chesterfield 012G,Anti-social behaviour,,
,2021-06,Derbyshire Constabulary,Derbyshire Constabulary,-1.405129,53.234154,On or near Upper Lum Close,E01019585,Chesterfield 012G,Anti-social behaviour,,
ae851dfcbf4ccd03a701ab8a677e153a5d1314ba5fa7c80b8c8c258c9045822f,2021-06,Derbyshire Constabulary,Derbyshire Constabulary,-1.400081,53.236214,On or near Hospital,E01019585,Chesterfield 012G,Burglary,Investigation complete; no suspect identified,
6cebfbb17f9156da8f84a77665b61dedcbfb7692bcf8887eccf94a5d77d6ae07,2021-06,Derbyshire Constabulary,Derbyshire Constabulary,-1.400081,53.236214,On or near Hospital,E01019585,Chesterfield 012G,Criminal damage and arson,Unable to prosecute suspect,
f058fa7e001da4ef9f71c8758c594789f19f1ca9aa63bbd59726aaba53592cbd,2021-06,Derbyshire Constabulary,Derbyshire Constabulary,-1.400081,53.236214,On or near Hospital,E01019585,Chesterfield 012G,Other theft,Unable to prosecute suspect,
c26458499cf26609f67aaece961a9a344bf6316104c47eae350e5dd8292399e6,2021-06,Derbyshire Constabulary,Derbyshire Constabulary,-1.400081,53.236214,On or near Hospital,E01019585,Chesterfield 012G,Public order,Investigation complete; no suspect identified,
acd38d77033b67ec4bd88324b0c7c657b2baebff807d21efae36a564f2e150c6,2021-06,Derbyshire Constabulary,Derbyshire Constabulary,-1.419300,53.234313,On or near Camlough Walk,E01019585,Chesterfield 012G,Vehicle crime,Awaiting court outcome,
fdefc7ec9b0f8d3c1a75111b415835d83b0111f7372d0efffc70ce1553898f57,2021-06,Derbyshire Constabulary,Derbyshire Constabulary,-1.416300,53.231260,On or near Stanley Street,E01019585,Chesterfield 012G,Violence and sexual offences,Unable to prosecute suspect,
022ae332511edfe70e89b368b82991dc9a478697701359931da7180332b53dc3,2021-06,Derbyshire Constabulary,Derbyshire Constabulary,-1.400081,53.236214,On or near Hospital,E01019585,Chesterfield 012G,Violence and sexual offences,Unable to prosecute suspect,
0e1a73a731661c6a49eeee9af04d6239655255e466059d40683bc324d76335d2,2021-06,Derbyshire Constabulary,Derbyshire Constabulary,-1.416440,53.236412,On or near Marine Drive,E01019585,Chesterfield 012G,Violence and sexual offences,Unable to prosecute suspect,
9dfc8f46cc0440e22ae61f280152b26f18a3e18d6e8358428be76883a54ecde2,2021-06,Derbyshire Constabulary,Derbyshire Constabulary,-1.410620,53.233588,On or near Hady Hill,E01019585,Chesterfield 012G,Violence and sexual offences,Unable to prosecute suspect,
fc32bbfb575aa96ea7ce542c3a024f538d299bfebcf3ba22bea62c7d2521b158,2021-06,Derbyshire Constabulary,Derbyshire Constabulary,-1.400081,53.236214,On or near Hospital,E01019585,Chesterfield 012G,Violence and sexual offences,Unable to prosecute suspect,
b18de146ee1280471fa7c3c8c7ba8b52ffeceea72118586e111941efb672d0db,2021-06,Derbyshire Constabulary,Derbyshire Constabulary,-1.400081,53.236214,On or near Hospital,E01019585,Chesterfield 012G,Violence and sexual offences,Unable to prosecute suspect,
e6b8c5500d7404f50af4a22e378dab5d7f3fad58aa37f398ff2f979a33d5d57c,2021-06,Derbyshire Constabulary,Derbyshire Constabulary,-1.400081,53.236214,On or near Hospital,E01019585,Chesterfield 012G,Violence and sexual offences,Formal action is not in the public interest,
01330b0a63895649442eef0222dd19739eff9f7397acdca365f2120cc7228b7d,2021-06,Derbyshire Constabulary,Derbyshire Constabulary,-1.400081,53.236214,On or near Hospital,E01019585,Chesterfield 012G,Violence and sexual offences,Unable to prosecute suspect,
3a99f24df152e041018c88e2d6158dccc3df340ac11e1d8cfd25de1be5122fb7,2021-06,Derbyshire Constabulary,Derbyshire Constabulary,-1.416300,53.231260,On or near Stanley Street,E01019585,Chesterfield 012G,Violence and sexual offences,Unable to prosecute suspect,
dbdf8aeae26b5e07b65e35fb06a86a01f285c230d4295d1fbe703af149ca208f,2021-06,Derbyshire Constabulary,Derbyshire Constabulary,-1.416300,53.231260,On or near Stanley Street,E01019585,Chesterfield 012G,Violence and sexual offences,Status update unavailable,
745e4a7788c3dc1978a62762294c52b333c5273ecfd29ba59231f3f667a48d3b,2021-06,Derbyshire Constabulary,Derbyshire Constabulary,-1.402111,53.231415,On or near Houldsworth Drive,E01019585,Chesterfield 012G,Violence and sexual offences,Unable to prosecute suspect,
e261b5f9d18d0a56d49c2651646d8c92edb77a18aa7146a1bfbb38fff7f5c50b,2021-06,Derbyshire Constabulary,Derbyshire Constabulary,-1.400081,53.236214,On or near Hospital,E01019585,Chesterfield 012G,Violence and sexual offences,Unable to prosecute suspect,
,2021-06,Derbyshire Constabulary,Derbyshire Constabulary,-1.427588,53.222830,On or near Canterbury Close,E01019575,Chesterfield 013A,Anti-social behaviour,,
,2021-06,Derbyshire Constabulary,Derbyshire Constabulary,-1.427588,53.222830,On or near Canterbury Close,E01019575,Chesterfield 013A,Anti-social behaviour,,
,2021-06,Derbyshire Constabulary,Derbyshire Constabulary,-1.427588,53.222830,On or near Canterbury Close,E01019575,Chesterfield 013A,Anti-social behaviour,,
,2021-06,Derbyshire Constabulary,Derbyshire Constabulary,-1.430828,53.222495,On or near Bacons Lane,E01019575,Chesterfield 013A,Anti-social behaviour,,
,2021-06,Derbyshire Constabulary,Derbyshire Constabulary,-1.427247,53.220284,On or near Derby Road,E01019575,Chesterfield 013A,Anti-social behaviour,,
,2021-06,Derbyshire Constabulary,Derbyshire Constabulary,-1.427588,53.222830,On or near Canterbury Close,E01019575,Chesterfield 013A,Anti-social behaviour,,
,2021-06,Derbyshire Constabulary,Derbyshire Constabulary,-1.430828,53.222495,On or near Bacons Lane,E01019575,Chesterfield 013A,Anti-social behaviour,,
b9f6be3c92ab52629113a208fca62184683b7bf973caa897076fc7b170578e6c,2021-06,Derbyshire Constabulary,Derbyshire Constabulary,-1.427588,53.222830,On or near Canterbury Close,E01019575,Chesterfield 013A,Criminal damage and arson,Status update unavailable,
eec53ddef2083f4bbfecd3f8eb5a8db30231eff1e3e45766346fa6e74344230c,2021-06,Derbyshire Constabulary,Derbyshire Constabulary,-1.430106,53.224936,On or near St Augustines Avenue,E01019575,Chesterfield 013A,Drugs,Offender given a caution,
4a3f0261eeb21aad02ff7749d7f539c656ffa7011b08f8d5c06a649e703f76e5,2021-06,Derbyshire Constabulary,Derbyshire Constabulary,-1.430106,53.224936,On or near St Augustines Avenue,E01019575,Chesterfield 013A,Drugs,Offender given a drugs possession warning,
58cf35bce5e1c688265424e638ffd75a9fb01100e5b91bf33d6dba08465513b1,2021-06,Derbyshire Constabulary,Derbyshire Constabulary,-1.427588,53.222830,On or near Canterbury Close,E01019575,Chesterfield 013A,Public order,Unable to prosecute suspect,
02aba365653011f68f9d1b754a5015783c757ec79678483e91cd36fed1691d58,2021-06,Derbyshire Constabulary,Derbyshire Constabulary,-1.430710,53.223465,On or near St Augustines Road,E01019575,Chesterfield 013A,Public order,Unable to prosecute suspect,
67fc2f86d9a22921f5ced9b7184effbc97ddbcefec680ecea8e6a9667fb7bd59,2021-06,Derbyshire Constabulary,Derbyshire Constabulary,-1.428693,53.224210,On or near St Augustines Crescent,E01019575,Chesterfield 013A,Public order,Unable to prosecute suspect,
1e2eac6ca2f2613ea06dc4340acc5186ab5710f48e56637a58f64fd58eac3130,2021-06,Derbyshire Constabulary,Derbyshire Constabulary,-1.427588,53.222830,On or near Canterbury Close,E01019575,Chesterfield 013A,Public order,Unable to prosecute suspect,
d4496e707a30d426e8908ba255effb5a6bb2281fe5d220cd0ae4093070168824,2021-06,Derbyshire Constabulary,Derbyshire Constabulary,-1.432791,53.225785,On or near Johnstone Close,E01019575,Chesterfield 013A,Violence and sexual offences,Investigation complete; no suspect identified,
1e49d01fb75884cda582fcdca203f95cfab01fe40c7b07c45295d43525a30e75,2021-06,Derbyshire Constabulary,Derbyshire Constabulary,-1.428693,53.224210,On or near St Augustines Crescent,E01019575,Chesterfield 013A,Violence and sexual offences,Status update unavailable,
f66870fdf7cdb933702617fd0341b0ee6e79bd62dad47bb532b344ab3b2d091b,2021-06,Derbyshire Constabulary,Derbyshire Constabulary,-1.430554,53.226152,On or near St Augustines Drive,E01019575,Chesterfield 013A,Violence and sexual offences,Unable to prosecute suspect,
0d0eeecbffd8ec13dce1f68bee01cd0f28177ca1a38fc2c84cd2f6a6213edc84,2021-06,Derbyshire Constabulary,Derbyshire Constabulary,-1.430554,53.226152,On or near St Augustines Drive,E01019575,Chesterfield 013A,Violence and sexual offences,Unable to prosecute suspect,
79e03070468f9e59577a1b78bc3da8b852cbdb187d81bee7512f5132dbe586a8,2021-06,Derbyshire Constabulary,Derbyshire Constabulary,-1.427588,53.222830,On or near Canterbury Close,E01019575,Chesterfield 013A,Violence and sexual offences,Unable to prosecute suspect,
25888b3d3f060900a7882872387e3a6b8286ca18132064408252ed2691deab32,2021-06,Derbyshire Constabulary,Derbyshire Constabulary,-1.428693,53.224210,On or near St Augustines Crescent,E01019575,Chesterfield 013A,Violence and sexual offences,Unable to prosecute suspect,
d1b147e188d120f36f25be524b6bbf93fa30d6b993fc2b0e2cc0b9328b2f0660,2021-06,Derbyshire Constabulary,Derbyshire Constabulary,-1.430554,53.226152,On or near St Augustines Drive,E01019575,Chesterfield 013A,Violence and sexual offences,Unable to prosecute suspect,
6104e7bb6af92eb11cb43f555ec4f93e568a6a786c347587b67bce2371d6b6ba,2021-06,Derbyshire Constabulary,Derbyshire Constabulary,-1.430710,53.223465,On or near St Augustines Road,E01019575,Chesterfield 013A,Violence and sexual offences,Status update unavailable,
,2021-06,Derbyshire Constabulary,Derbyshire Constabulary,-1.436920,53.228501,On or near Boythorpe Crescent,E01019576,Chesterfield 013B,Anti-social behaviour,,
,2021-06,Derbyshire Constabulary,Derbyshire Constabulary,-1.438120,53.229487,On or near Hunloke Avenue,E01019576,Chesterfield 013B,Anti-social behaviour,,
,2021-06,Derbyshire Constabulary,Derbyshire Constabulary,-1.434507,53.226287,On or near Boythorpe Road,E01019576,Chesterfield 013B,Anti-social behaviour,,
,2021-06,Derbyshire Constabulary,Derbyshire Constabulary,-1.438730,53.221813,On or near Devizes Close,E01019576,Chesterfield 013B,Anti-social behaviour,,
,2021-06,Derbyshire Constabulary,Derbyshire Constabulary,-1.437882,53.221359,On or near Emmetfield Close,E01019576,Chesterfield 013B,Anti-social behaviour,,
44940c2186d01f5be391f7e753ecf0c62fdfa3ff84f30a6262e079a52cab9949,2021-06,Derbyshire Constabulary,Derbyshire Constabulary,-1.438120,53.229487,On or near Hunloke Avenue,E01019576,Chesterfield 013B,Criminal damage and arson,Investigation complete; no suspect identified,
7e68fae0884729614da03db609be30b7112c6b67697c2d676c1c3b426e31d2ee,2021-06,Derbyshire Constabulary,Derbyshire Constabulary,-1.437882,53.221359,On or near Emmetfield Close,E01019576,Chesterfield 013B,Drugs,Status update unavailable,
36352810f054cb2676f942baf2b93d48133af4526ae7440ffa08390236c3e969,2021-06,Derbyshire Constabulary,Derbyshire Constabulary,-1.434507,53.226287,On or near Boythorpe Road,E01019576,Chesterfield 013B,Other theft,Investigation complete; no suspect identified,
b2f64e5fb30b6ebb4090d2c76d85b2e5a89a043b0bbcadbf853547ef5da578fd,2021-06,Derbyshire Constabulary,Derbyshire Constabulary,-1.438563,53.220850,On or near Harperhill Close,E01019576,Chesterfield 013B,Other theft,Investigation complete; no suspect identified,
562e35ac75306f8ee0866b4f190c669c79dab1108735a94054ae04d0e6290745,2021-06,Derbyshire Constabulary,Derbyshire Constabulary,-1.440188,53.228310,On or near Rufford Close,E01019576,Chesterfield 013B,Other theft,Unable to prosecute suspect,
2b0b1f93536654ab72d31b8033c1b4671f2899d064549d842f345d2026a7acd6,2021-06,Derbyshire Constabulary,Derbyshire Constabulary,-1.440188,53.228310,On or near Rufford Close,E01019576,Chesterfield 013B,Violence and sexual offences,Unable to prosecute suspect,
32c5191641ffc6edb65a20fb2ed7ead0dd268db343ca6ef4c092f3b5d56f68fd,2021-06,Derbyshire Constabulary,Derbyshire Constabulary,-1.443975,53.228543,On or near Hunloke Avenue,E01019576,Chesterfield 013B,Violence and sexual offences,Unable to prosecute suspect,
0884cbc773c0df543392a8a2b3ad15febbed06a99fd721ed4c099db1b4050e92,2021-06,Derbyshire Constabulary,Derbyshire Constabulary,-1.438120,53.229487,On or near Hunloke Avenue,E01019576,Chesterfield 013B,Violence and sexual offences,Unable to prosecute suspect,
029831335d67e9732fbab34e447db0d501616382bc335453b61bd5b2f629660a,2021-06,Derbyshire Constabulary,Derbyshire Constabulary,-1.434507,53.226287,On or near Boythorpe Road,E01019576,Chesterfield 013B,Violence and sexual offences,Investigation complete; no suspect identified,
41e7c4c7fa4a3074d9a349edb3e58bade45c9467eb11381d90061a3af0dcd159,2021-06,Derbyshire Constabulary,Derbyshire Constabulary,-1.434507,53.226287,On or near Boythorpe Road,E01019576,Chesterfield 013B,Violence and sexual offences,Investigation complete; no suspect identified,
,2021-06,Derbyshire Constabulary,Derbyshire Constabulary,-1.439058,53.213913,On or near Lillymede Close,E01019577,Chesterfield 013C,Anti-social behaviour,,
a16c1c185545946d5ca94815e4ee49556292ff2d5b438a744f5dcdea48895d6c,2021-06,Derbyshire Constabulary,Derbyshire Constabulary,-1.428728,53.215950,On or near Staunton Close,E01019577,Chesterfield 013C,Criminal damage and arson,Investigation complete; no suspect identified,
46219e59538378ae3771d48393051d692d58bd750b5c4b75538608a9ec3f2250,2021-06,Derbyshire Constabulary,Derbyshire Constabulary,-1.439748,53.217251,On or near Rockley Close,E01019577,Chesterfield 013C,Violence and sexual offences,Unable to prosecute suspect,
cbdf9d5d53cf96c596d452c7d0c8ffcf5ee91a53ad49023b63336661d2167458,2021-06,Derbyshire Constabulary,Derbyshire Constabulary,-1.438898,53.219234,On or near Fisher Close,E01019577,Chesterfield 013C,Violence and sexual offences,Unable to prosecute suspect,
,2021-06,Derbyshire Constabulary,Derbyshire Constabulary,-1.435095,53.222614,On or near Chertsey Close,E01019578,Chesterfield 013D,Anti-social behaviour,,
,2021-06,Derbyshire Constabulary,Derbyshire Constabulary,-1.432922,53.221516,On or near Kingsley Avenue,E01019578,Chesterfield 013D,Anti-social behaviour,,
,2021-06,Derbyshire Constabulary,Derbyshire Constabulary,-1.434100,53.223049,On or near Melling Close,E01019578,Chesterfield 013D,Anti-social behaviour,,
,2021-06,Derbyshire Constabulary,Derbyshire Constabulary,-1.435776,53.219767,On or near Stubbing Road,E01019578,Chesterfield 013D,Anti-social behaviour,,
,2021-06,Derbyshire Constabulary,Derbyshire Constabulary,-1.435095,53.222614,On or near Chertsey Close,E01019578,Chesterfield 013D,Anti-social behaviour,,
,2021-06,Derbyshire Constabulary,Derbyshire Constabulary,-1.434100,53.223049,On or near Melling Close,E01019578,Chesterfield 013D,Anti-social behaviour,,
7b30135afc8955498ebc2595eef68d4589d4f5676736bc20899ccf90eec6b0dc,2021-06,Derbyshire Constabulary,Derbyshire Constabulary,-1.434487,53.218692,On or near Birchwood Crescent,E01019578,Chesterfield 013D,Burglary,Investigation complete; no suspect identified,
910cc61d49b27e7f566c3d24329bdc70639ea5aaca7ed9f7c7b5b52084c09095,2021-06,Derbyshire Constabulary,Derbyshire Constabulary,-1.434487,53.218692,On or near Birchwood Crescent,E01019578,Chesterfield 013D,Burglary,Investigation complete; no suspect identified,
4a798d0403973777c6728984c12f99a98f47e844e99453c22dc6ff9f29aabcb9,2021-06,Derbyshire Constabulary,Derbyshire Constabulary,-1.429809,53.221402,On or near Byron Road,E01019578,Chesterfield 013D,Criminal damage and arson,Unable to prosecute suspect,
b9f6be3c92ab52629113a208fca62184683b7bf973caa897076fc7b170578e6c,2021-06,Derbyshire Constabulary,Derbyshire Constabulary,-1.432997,53.219260,On or near Grangewood Road,E01019578,Chesterfield 013D,Criminal damage and arson,Status update unavailable,
1284c27c3d10f33be8029d1f67b038feb24637e847412b7397d6fb94d03c3345,2021-06,Derbyshire Constabulary,Derbyshire Constabulary,-1.432997,53.219260,On or near Grangewood Road,E01019578,Chesterfield 013D,Criminal damage and arson,Investigation complete; no suspect identified,
72170514a8e9fa6da709e85e6b1561afd22191e3538eb083470b6c9a5b339f88,2021-06,Derbyshire Constabulary,Derbyshire Constabulary,-1.435095,53.222614,On or near Chertsey Close,E01019578,Chesterfield 013D,Drugs,Unable to prosecute suspect,
0d77216060dc9c433bf89e62d2b7c968007547c039c6874dc428cf884d7584fe,2021-06,Derbyshire Constabulary,Derbyshire Constabulary,-1.434487,53.218692,On or near Birchwood Crescent,E01019578,Chesterfield 013D,Drugs,Status update unavailable,
0d77216060dc9c433bf89e62d2b7c968007547c039c6874dc428cf884d7584fe,2021-06,Derbyshire Constabulary,Derbyshire Constabulary,-1.432997,53.219260,On or near Grangewood Road,E01019578,Chesterfield 013D,Drugs,Status update unavailable,
7c0048e6800fe51ee27b780c80534d4df57f6f23730d18ea46aa1eb82b179687,2021-06,Derbyshire Constabulary,Derbyshire Constabulary,-1.435095,53.222614,On or near Chertsey Close,E01019578,Chesterfield 013D,Drugs,Unable to prosecute suspect,
adef233fe5fec39543e10d83e957a304d01fcb1bc31374df6398ccd3b5d7fb4f,2021-06,Derbyshire Constabulary,Derbyshire Constabulary,-1.433893,53.222896,On or near Melling Court,E01019578,Chesterfield 013D,Other theft,Unable to prosecute suspect,
d92952ee764ee32c48488731c9bbecb6fb6030102ebdd59b2b640ff2718c8e1f,2021-06,Derbyshire Constabulary,Derbyshire Constabulary,-1.429809,53.221402,On or near Byron Road,E01019578,Chesterfield 013D,Possession of weapons,Status update unavailable,
33d36c5e4b85a1d203ef3aed3edccca4bcfe1dfb3e4b5d2006da897863f8249b,2021-06,Derbyshire Constabulary,Derbyshire Constabulary,-1.432997,53.219260,On or near Grangewood Road,E01019578,Chesterfield 013D,Public order,Investigation complete; no suspect identified,
16a60fb118ec1ef48cf245aefd07c596e5296f07e3a39d7c3ff6f910140dc1f4,2021-06,Derbyshire Constabulary,Derbyshire Constabulary,-1.434246,53.222223,On or near Carlyon Gardens,E01019578,Chesterfield 013D,Public order,Unable to prosecute suspect,
81aa8a172ddf07dc898cc80d46a5d1db4287a1a8f029645b3de3deb45185a35a,2021-06,Derbyshire Constabulary,Derbyshire Constabulary,-1.432997,53.219260,On or near Grangewood Road,E01019578,Chesterfield 013D,Public order,Investigation complete; no suspect identified,
5c8833f09134a804eb00599e5b42e140dfb8fd83442b79d4e143c43c0bbd02d5,2021-06,Derbyshire Constabulary,Derbyshire Constabulary,-1.432997,53.219260,On or near Grangewood Road,E01019578,Chesterfield 013D,Public order,Investigation complete; no suspect identified,
35da29f401dde0f432da0455f769e285e06132a0bebd084f6715ccb10688f76b,2021-06,Derbyshire Constabulary,Derbyshire Constabulary,-1.432997,53.219260,On or near Grangewood Road,E01019578,Chesterfield 013D,Public order,Investigation complete; no suspect identified,
c09d5b48319b24fe21fa27c292b8c3363dd041ebbddf3bac369af6c56b446a42,2021-06,Derbyshire Constabulary,Derbyshire Constabulary,-1.432997,53.219260,On or near Grangewood Road,E01019578,Chesterfield 013D,Shoplifting,Local resolution,
50a6c872b8388c8d26f2a3b19a327f11341e542d3e595989a62dad92a8611072,2021-06,Derbyshire Constabulary,Derbyshire Constabulary,-1.434100,53.223049,On or near Melling Close,E01019578,Chesterfield 013D,Vehicle crime,Investigation complete; no suspect identified,
492b13f4a97791aa8036c17ff1cf11ccc3ead5e4fbee86526b27a508c4fe243d,2021-06,Derbyshire Constabulary,Derbyshire Constabulary,-1.435095,53.222614,On or near Chertsey Close,E01019578,Chesterfield 013D,Violence and sexual offences,Unable to prosecute suspect,
87b4433cdb4b93a1b5c45ad20acaf4e17e04bb37932bb36617fe81cd83cc23ac,2021-06,Derbyshire Constabulary,Derbyshire Constabulary,-1.436241,53.222035,On or near Didcot Close,E01019578,Chesterfield 013D,Violence and sexual offences,Awaiting court outcome,
44e259f81558fbb400eb4b12a121eaf7a0fb916d341edac4e084bdd051d678e0,2021-06,Derbyshire Constabulary,Derbyshire Constabulary,-1.432997,53.219260,On or near Grangewood Road,E01019578,Chesterfield 013D,Violence and sexual offences,Unable to prosecute suspect,
c3333d037ee63c50ca5c46a77acaa19fbd0594bbcaae7f4b6ad69bf2cb1c9a28,2021-06,Derbyshire Constabulary,Derbyshire Constabulary,-1.436516,53.221596,On or near Chepstow Close,E01019578,Chesterfield 013D,Violence and sexual offences,Status update unavailable,
087235808cf2a15e8285b2b010e1c2f771ae2c0b295d374a2a0d5878816b1344,2021-06,Derbyshire Constabulary,Derbyshire Constabulary,-1.436241,53.222035,On or near Didcot Close,E01019578,Chesterfield 013D,Violence and sexual offences,Investigation complete; no suspect identified,
87b4433cdb4b93a1b5c45ad20acaf4e17e04bb37932bb36617fe81cd83cc23ac,2021-06,Derbyshire Constabulary,Derbyshire Constabulary,-1.436241,53.222035,On or near Didcot Close,E01019578,Chesterfield 013D,Violence and sexual offences,Status update unavailable,
f46d583e879b2275e21e69f305631278322a83951dbbdf74d88b2265772ead66,2021-06,Derbyshire Constabulary,Derbyshire Constabulary,-1.429809,53.221402,On or near Byron Road,E01019578,Chesterfield 013D,Violence and sexual offences,Unable to prosecute suspect,
c5ec441e8c5f32320cd05d09959bb0c5a4897a1c18b3af8ec417430a6677d057,2021-06,Derbyshire Constabulary,Derbyshire Constabulary,-1.432922,53.221516,On or near Kingsley Avenue,E01019578,Chesterfield 013D,Violence and sexual offences,Unable to prosecute suspect,
f5b27b37db1380507ad476767cf696ea30a6e42a1a588655225c3d8bb6c64695,2021-06,Derbyshire Constabulary,Derbyshire Constabulary,-1.431794,53.221915,On or near Dryden Avenue,E01019578,Chesterfield 013D,Violence and sexual offences,Unable to prosecute suspect,
a3b2172881d4ecc1f0ded09a1b74dbce72f225a6b920ea019c9bb228ae7f2672,2021-06,Derbyshire Constabulary,Derbyshire Constabulary,-1.435776,53.219767,On or near Stubbing Road,E01019578,Chesterfield 013D,Violence and sexual offences,Unable to prosecute suspect,
1f3fffb0e661be25a7ffe3dace32fb7df24115dab10627d91867212add04c4a6,2021-06,Derbyshire Constabulary,Derbyshire Constabulary,-1.435776,53.219767,On or near Stubbing Road,E01019578,Chesterfield 013D,Violence and sexual offences,Unable to prosecute suspect,
2d4cdf6e4faf42ab58525cfa145a9798feed9ff13182158c28daa25b4673e929,2021-06,Derbyshire Constabulary,Derbyshire Constabulary,-1.436516,53.221596,On or near Chepstow Close,E01019578,Chesterfield 013D,Violence and sexual offences,Unable to prosecute suspect,
45b8df0bf5f7824ef014b5f3ecc8ecf7e6bfadfcfa304c0c3e8d340a3fb3d3f1,2021-06,Derbyshire Constabulary,Derbyshire Constabulary,-1.429809,53.221402,On or near Byron Road,E01019578,Chesterfield 013D,Violence and sexual offences,Unable to prosecute suspect,
8204dcf6af89da32e79b2deb506739b7f3d1f71c8dcdc1ee932ddb9ed4ffd5db,2021-06,Derbyshire Constabulary,Derbyshire Constabulary,-1.431794,53.221915,On or near Dryden Avenue,E01019578,Chesterfield 013D,Violence and sexual offences,Unable to prosecute suspect,
375e5ea98fdd74559985664cdae2190ad58322c85cdad740f7667b654bed159a,2021-06,Derbyshire Constabulary,Derbyshire Constabulary,-1.434487,53.218692,On or near Birchwood Crescent,E01019578,Chesterfield 013D,Violence and sexual offences,Unable to prosecute suspect,
0f9fa0f11e1eb9e1b7f9f8bd7eb9059d934839f518cb62b9e5323458d44643be,2021-06,Derbyshire Constabulary,Derbyshire Constabulary,-3.369047,53.345964,On or near Shore Road,W01000214,Denbighshire 002B,Violence and sexual offences,Status update unavailable,
,2021-06,Derbyshire Constabulary,Derbyshire Constabulary,-1.472971,52.954983,On or near Lambourn Drive,E01013461,Derby 001A,Anti-social behaviour,,
,2021-06,Derbyshire Constabulary,Derbyshire Constabulary,-1.481407,52.952809,On or near Gisborne Crescent,E01013461,Derby 001A,Anti-social behaviour,,
,2021-06,Derbyshire Constabulary,Derbyshire Constabulary,-1.482639,52.951879,On or near Kings Croft,E01013461,Derby 001A,Anti-social behaviour,,
d691e3eb302c53d426fefbc604cc6ae8a7dad46879c43fed263986ada8b15782,2021-06,Derbyshire Constabulary,Derbyshire Constabulary,-1.484174,52.949198,On or near St George'S Close,E01013461,Derby 001A,Criminal damage and arson,Unable to prosecute suspect,
a790432e87e708c183698a8f395117f6e13798436756ca42d9655049b43c25ed,2021-06,Derbyshire Constabulary,Derbyshire Constabulary,-1.485846,52.953826,On or near Park View Close,E01013461,Derby 001A,Criminal damage and arson,Investigation complete; no suspect identified,
b7b39d09138ad50cd031724d320d9d9f1398ec433a9eeb4e7e375f1a6f46945e,2021-06,Derbyshire Constabulary,Derbyshire Constabulary,-1.479421,52.954580,On or near Petrol Station,E01013461,Derby 001A,Other theft,Investigation complete; no suspect identified,
c65437111e1498fb8da68b26c4307d68514bb6ccd8aa116c83fa32e522684536,2021-06,Derbyshire Constabulary,Derbyshire Constabulary,-1.486838,52.954234,On or near Cornhill,E01013461,Derby 001A,Other theft,Status update unavailable,
2717fffe7ab71e0671bdd5f4e0df0c59d7e8578f0ac5bb63c55245416679e5a2,2021-06,Derbyshire Constabulary,Derbyshire Constabulary,-1.479122,52.954749,On or near Duffield Road,E01013461,Derby 001A,Public order,Unable to prosecute suspect,
acea41e49bc5c5b63743cf41692b9abefc0603b991c6bc45e0d97316d15137aa,2021-06,Derbyshire Constabulary,Derbyshire Constabulary,-1.472971,52.954983,On or near Lambourn Drive,E01013461,Derby 001A,Public order,Unable to prosecute suspect,
879c4215b6225e380bb69dcdf6352a9f5260429ea7de6707a1b3e8d594651320,2021-06,Derbyshire Constabulary,Derbyshire Constabulary,-1.479026,52.951567,On or near Lambourn Court,E01013461,Derby 001A,Public order,Unable to prosecute suspect,
16ceec4a025bf4023d25f4445475b9af51a95a9458e3bb983751c8a055540840,2021-06,Derbyshire Constabulary,Derbyshire Constabulary,-1.475287,52.954265,On or near Home Farm Drive,E01013461,Derby 001A,Violence and sexual offences,Status update unavailable,
0440f4b5f39baa1cf8f4ff40584af25a409265bdcf18b45fab7e204a4e9b7e83,2021-06,Derbyshire Constabulary,Derbyshire Constabulary,-1.479026,52.951567,On or near Lambourn Court,E01013461,Derby 001A,Violence and sexual offences,Investigation complete; no suspect identified,
,2021-06,Derbyshire Constabulary,Derbyshire Constabulary,-1.496620,52.957881,On or near Imperial Court,E01013462,Derby 001B,Anti-social behaviour,,
bf4b8d840edb44d01a0f788c65a3ccfc30f491d534da428b32d5671c863b7289,2021-06,Derbyshire Constabulary,Derbyshire Constabulary,-1.491267,52.953534,On or near Charterstone Lane,E01013462,Derby 001B,Public order,Unable to prosecute suspect,
6a8f4583224878a68a3c0769887409ae4c3a851b69062b67bb8b7ce70135c2db,2021-06,Derbyshire Constabulary,Derbyshire Constabulary,-1.495545,52.955539,On or near St Mawes Close,E01013462,Derby 001B,Violence and sexual offences,Unable to prosecute suspect,
61dd615221e47c8885f01047d1ea38137c055916437a76834ce2f5931d7e3580,2021-06,Derbyshire Constabulary,Derbyshire Constabulary,-1.488796,52.956095,On or near Ladycroft Paddock,E01013462,Derby 001B,Violence and sexual offences,Unable to prosecute suspect,
8619b1305945a82fc44041f909bb6e5b12f62d0fa94a4b14db391aa571391fea,2021-06,Derbyshire Constabulary,Derbyshire Constabulary,-1.495545,52.955539,On or near St Mawes Close,E01013462,Derby 001B,Violence and sexual offences,Unable to prosecute suspect,
dea468addaa7e30ca5e345f6b77077a27bc5ad8fd631e9004d7fa2f63d6da098,2021-06,Derbyshire Constabulary,Derbyshire Constabulary,-1.495545,52.955539,On or near St Mawes Close,E01013462,Derby 001B,Violence and sexual offences,Unable to prosecute suspect,
44475fd09fb2d91111ffb460dcc2cbde5e2952c83dc678f53aa1dbfc633bd7ee,2021-06,Derbyshire Constabulary,Derbyshire Constabulary,-1.491082,52.956662,On or near West Bank Road,E01013462,Derby 001B,Violence and sexual offences,Investigation complete; no suspect identified,
cc4573393def81215b1d4af27688241f2d6597686110fe997b7400991434fee1,2021-06,Derbyshire Constabulary,Derbyshire Constabulary,-1.496096,52.956827,On or near Elm Grove,E01013462,Derby 001B,Violence and sexual offences,Status update unavailable,
929475d50ba09aedf35a9304b81499df26b1a57109da3002cfeb05d0080fd556,2021-06,Derbyshire Constabulary,Derbyshire Constabulary,-1.491082,52.956662,On or near West Bank Road,E01013462,Derby 001B,Violence and sexual offences,Unable to prosecute suspect,
a5b64af423602f3764d43ff038172199d20e440da3d49dcd9e358d1992c80862,2021-06,Derbyshire Constabulary,Derbyshire Constabulary,-1.491267,52.953534,On or near Charterstone Lane,E01013462,Derby 001B,Violence and sexual offences,Unable to prosecute suspect,
964db739a044a3446e3e2150e8f4ba1b03ab1bf3e8a8321ad87bb686a04b4a81,2021-06,Derbyshire Constabulary,Derbyshire Constabulary,-1.488186,52.953539,On or near Robin Croft Road,E01013462,Derby 001B,Violence and sexual offences,Unable to prosecute suspect,
,2021-06,Derbyshire Constabulary,Derbyshire Constabulary,-1.477636,52.955741,On or near Duffield Road,E01013463,Derby 001C,Anti-social behaviour,,
,2021-06,Derbyshire Constabulary,Derbyshire Constabulary,-1.493889,52.959757,On or near Parking Area,E01013463,Derby 001C,Anti-social behaviour,,
5f26f23cc81cf2b0f8f2cd0e5c6620fb78db77467d55c313e3cf05a9a1826133,2021-06,Derbyshire Constabulary,Derbyshire Constabulary,-1.471818,52.955562,On or near Farnborough Gardens,E01013463,Derby 001C,Criminal damage and arson,Investigation complete; no suspect identified,
3f9f00c2cf3fb75999a602ecb367e1d63b1f7d862e546dba1f5710297e9adae9,2021-06,Derbyshire Constabulary,Derbyshire Constabulary,-1.479332,52.959541,On or near Park/Open Space,E01013463,Derby 001C,Violence and sexual offences,Unable to prosecute suspect,
,2021-06,Derbyshire Constabulary,Derbyshire Constabulary,-1.494423,52.953530,On or near Petrol Station,E01013464,Derby 001D,Anti-social behaviour,,
3e3cc5f0ed57071b2fa5cb958b94b6f6134eb1755403e5041006cc60b928bdf7,2021-06,Derbyshire Constabulary,Derbyshire Constabulary,-1.494102,52.949124,On or near Lea Close,E01013464,Derby 001D,Burglary,Status update unavailable,
c3469ca5fb3f99e64aded1479838bed6750e6ab54abdc46a7f71d145097ac60d,2021-06,Derbyshire Constabulary,Derbyshire Constabulary,-1.495186,52.954414,On or near St Agnes Avenue,E01013464,Derby 001D,Other theft,Investigation complete; no suspect identified,
da8ef237dfa889a9f94f33c90918b050079521187a0dbc4dd9802b88f1da3b42,2021-06,Derbyshire Constabulary,Derbyshire Constabulary,-1.497638,52.950901,On or near Hollies Road,E01013464,Derby 001D,Violence and sexual offences,Unable to prosecute suspect,
851eee8213891c0db0ff386ef99b623e67dbe247d14fd20de511c85b80899cd1,2021-06,Derbyshire Constabulary,Derbyshire Constabulary,-1.497638,52.950901,On or near Hollies Road,E01013464,Derby 001D,Violence and sexual offences,Unable to prosecute suspect,
,2021-06,Derbyshire Constabulary,Derbyshire Constabulary,-1.497960,52.953958,On or near Sheroside Close,E01013465,Derby 002A,Anti-social behaviour,,
,2021-06,Derbyshire Constabulary,Derbyshire Constabulary,-1.501479,52.950845,On or near Hardwick Avenue,E01013465,Derby 002A,Anti-social behaviour,,
,2021-06,Derbyshire Constabulary,Derbyshire Constabulary,-1.497960,52.953958,On or near Sheroside Close,E01013465,Derby 002A,Anti-social behaviour,,
,2021-06,Derbyshire Constabulary,Derbyshire Constabulary,-1.501341,52.949891,On or near Alton Close,E01013465,Derby 002A,Anti-social behaviour,,
,2021-06,Derbyshire Constabulary,Derbyshire Constabulary,-1.498812,52.954960,On or near Middlefield Close,E01013465,Derby 002A,Anti-social behaviour,,
,2021-06,Derbyshire Constabulary,Derbyshire Constabulary,-1.497960,52.953958,On or near Sheroside Close,E01013465,Derby 002A,Anti-social behaviour,,
,2021-06,Derbyshire Constabulary,Derbyshire Constabulary,-1.498812,52.954960,On or near Middlefield Close,E01013465,Derby 002A,Anti-social behaviour,,
02af724abd8a23beb55c98f68035579615b484c098693f3dc7cf93ca2b9fd663,2021-06,Derbyshire Constabulary,Derbyshire Constabulary,-1.505080,52.952271,On or near Askerfield Avenue,E01013465,Derby 002A,Criminal damage and arson,Investigation complete; no suspect identified,
991db405c11d927fefce5774395764a17a3f5270eb12a3c80e1a3cf77a649b7b,2021-06,Derbyshire Constabulary,Derbyshire Constabulary,-1.501479,52.950845,On or near Hardwick Avenue,E01013465,Derby 002A,Public order,Offender given a caution,
45887930c8140d29f561194752c9a188f4546d9b8185a7173f8958a61e22151f,2021-06,Derbyshire Constabulary,Derbyshire Constabulary,-1.506045,52.953713,On or near Crabtree Close,E01013465,Derby 002A,Public order,Unable to prosecute suspect,
d3e5079531841a579cd5bbe101025ae3bb965159c856ad483e303f5cd576aeab,2021-06,Derbyshire Constabulary,Derbyshire Constabulary,-1.497960,52.953958,On or near Sheroside Close,E01013465,Derby 002A,Violence and sexual offences,Unable to prosecute suspect,
71530b4448fecd9a0e8e93ed4b8fe5323696e241bbe4702cd332303d844c1815,2021-06,Derbyshire Constabulary,Derbyshire Constabulary,-1.505300,52.949872,On or near Quarn Drive,E01013466,Derby 002B,Other theft,Unable to prosecute suspect,
d386ca1edc636b7188ffb38920620e8f27ddfabc5ecacd4668168b0662ff2420,2021-06,Derbyshire Constabulary,Derbyshire Constabulary,-1.501212,52.945612,On or near Lawn Avenue,E01013466,Derby 002B,Vehicle crime,Investigation complete; no suspect identified,
a1d9796287cc957aaf01f477f53635d9daf7582d78b2bd7d21fad39c1f885411,2021-06,Derbyshire Constabulary,Derbyshire Constabulary,-1.487481,52.947675,On or near Chatsworth Crescent,E01013467,Derby 002C,Other theft,Investigation complete; no suspect identified,
cf6c4feda20b2815372051afd6fbf1155f47c4c43013a5d588a25b6d3af08517,2021-06,Derbyshire Constabulary,Derbyshire Constabulary,-1.490520,52.947436,On or near Cadgwith Drive,E01013467,Derby 002C,Violence and sexual offences,Unable to prosecute suspect,
,2021-06,Derbyshire Constabulary,Derbyshire Constabulary,-1.504151,52.929344,On or near Ashbourne Road,E01013468,Derby 002D,Anti-social behaviour,,
,2021-06,Derbyshire Constabulary,Derbyshire Constabulary,-1.504151,52.929344,On or near Ashbourne Road,E01013468,Derby 002D,Anti-social behaviour,,
,2021-06,Derbyshire Constabulary,Derbyshire Constabulary,-1.504151,52.929344,On or near Ashbourne Road,E01013468,Derby 002D,Anti-social behaviour,,
,2021-06,Derbyshire Constabulary,Derbyshire Constabulary,-1.498246,52.935684,On or near Maxwell Avenue,E01013468,Derby 002D,Anti-social behaviour,,
,2021-06,Derbyshire Constabulary,Derbyshire Constabulary,-1.498780,52.938419,On or near Sports/Recreation Area,E01013468,Derby 002D,Anti-social behaviour,,
b70e2715c539e3f5188b6130891680c61217c03229234a6c551246b792d347cc,2021-06,Derbyshire Constabulary,Derbyshire Constabulary,-1.500398,52.939999,On or near Edale Close,E01013468,Derby 002D,Burglary,Investigation complete; no suspect identified,
76edd57d1cbdc004c0c422a7f62659a76d155a98e6793e54bc35e1bfc26d2ab5,2021-06,Derbyshire Constabulary,Derbyshire Constabulary,-1.506490,52.936905,On or near Park/Open Space,E01013468,Derby 002D,Criminal damage and arson,Local resolution,
58a766709dff1df7dcd98b019c1852899189ed895c0bfb4ac48bc7bbe8a22be4,2021-06,Derbyshire Constabulary,Derbyshire Constabulary,-1.504326,52.941346,On or near Osiers Close,E01013468,Derby 002D,Other theft,Unable to prosecute suspect,
6361d12cd3f975d433752f5a24abebb5c160565598468eb9bcc0a84be05ab0c2,2021-06,Derbyshire Constabulary,Derbyshire Constabulary,-1.504151,52.929344,On or near Ashbourne Road,E01013468,Derby 002D,Other theft,Investigation complete; no suspect identified,
7fdae999d02b0d13354e828a15cd88fa124952ca96841ba753b317756fec965e,2021-06,Derbyshire Constabulary,Derbyshire Constabulary,-1.504151,52.929344,On or near Ashbourne Road,E01013468,Derby 002D,Other theft,Investigation complete; no suspect identified,
6f75ab6f9c92cb34f608d32e29181cba52bf82db826708a092940f1b3044a022,2021-06,Derbyshire Constabulary,Derbyshire Constabulary,-1.504151,52.929344,On or near Ashbourne Road,E01013468,Derby 002D,Robbery,Investigation complete; no suspect identified,
f6c588d4917b05a1a510226c9d320898f8d0fb01dbf9916d1c1b66409310fc47,2021-06,Derbyshire Constabulary,Derbyshire Constabulary,-1.506490,52.936905,On or near Park/Open Space,E01013468,Derby 002D,Violence and sexual offences,Unable to prosecute suspect,
4b1f83aec6f6087ae859cad7c22b8b94c68031ef7476192339e5d9fc32ba67c2,2021-06,Derbyshire Constabulary,Derbyshire Constabulary,-1.505435,52.931543,On or near Parking Area,E01013468,Derby 002D,Violence and sexual offences,Status update unavailable,
f706139f586d019f713be6ba2e3a3e8fd244fefef3c9e184b41cc0002d481a99,2021-06,Derbyshire Constabulary,Derbyshire Constabulary,-1.505435,52.931543,On or near Parking Area,E01013468,Derby 002D,Violence and sexual offences,Unable to prosecute suspect,
7cc19cc5c33aee3bd959f843e55876c8f831ad39754113030f133925e4d94788,2021-06,Derbyshire Constabulary,Derbyshire Constabulary,-1.505435,52.931543,On or near Parking Area,E01013468,Derby 002D,Violence and sexual offences,Investigation complete; no suspect identified,
,2021-06,Derbyshire Constabulary,Derbyshire Constabulary,-1.497511,52.943906,On or near Shopping Area,E01013469,Derby 002E,Anti-social behaviour,,
,2021-06,Derbyshire Constabulary,Derbyshire Constabulary,-1.492676,52.939939,On or near Queensway,E01013469,Derby 002E,Anti-social behaviour,,
9c71c29baca9ad12787b0fb98926a11332a34e1bec481783a352f30948567ea0,2021-06,Derbyshire Constabulary,Derbyshire Constabulary,-1.497511,52.943906,On or near Shopping Area,E01013469,Derby 002E,Criminal damage and arson,Awaiting court outcome,
884ab9954d1991b3cb410252524f2e089f6a8a65f045bb6fad2284a61ee3c61a,2021-06,Derbyshire Constabulary,Derbyshire Constabulary,-1.497511,52.943906,On or near Shopping Area,E01013469,Derby 002E,Criminal damage and arson,Status update unavailable,
78f7f2c31d327014aeea2dc3b002aaa84214a7c132e323ff138e8c8d8481b448,2021-06,Derbyshire Constabulary,Derbyshire Constabulary,-1.495819,52.943504,On or near Park Farm Drive,E01013469,Derby 002E,Other theft,Investigation complete; no suspect identified,
041b3a498bb8b2017fa7664a3e54c14c61b20ba184d6d2b645b64a695eea0e1c,2021-06,Derbyshire Constabulary,Derbyshire Constabulary,-1.490680,52.945253,On or near Ferrers Way,E01013469,Derby 002E,Public order,Investigation complete; no suspect identified,
813e8dce785a20f8c70a2d66b05de7b0ced843f893688946adfd23be1de9a4bb,2021-06,Derbyshire Constabulary,Derbyshire Constabulary,-1.497511,52.943906,On or near Shopping Area,E01013469,Derby 002E,Violence and sexual offences,Unable to prosecute suspect,
,2021-06,Derbyshire Constabulary,Derbyshire Constabulary,-1.436091,52.947739,On or near Primrose Close,E01013574,Derby 003A,Anti-social behaviour,,
,2021-06,Derbyshire Constabulary,Derbyshire Constabulary,-1.439663,52.947711,On or near Priory Gardens,E01013574,Derby 003A,Anti-social behaviour,,
,2021-06,Derbyshire Constabulary,Derbyshire Constabulary,-1.436091,52.947739,On or near Primrose Close,E01013574,Derby 003A,Anti-social behaviour,,
0a1b56ed986e185ca1291b40bc7babae61b809b62d4bb4fe4fda6898e06ba6c7,2021-06,Derbyshire Constabulary,Derbyshire Constabulary,-1.443661,52.949294,On or near Hill Top,E01013574,Derby 003A,Criminal damage and arson,Unable to prosecute suspect,
2d385ccdece318f1adead11c8301f6a99cfe74e05e6317e16fe8ae5b49ba8598,2021-06,Derbyshire Constabulary,Derbyshire Constabulary,-1.436091,52.947739,On or near Primrose Close,E01013574,Derby 003A,Public order,Unable to prosecute suspect,
1200f6876cadada563bc6a87eef5ad2197200bfa2d726718f584709983faac1f,2021-06,Derbyshire Constabulary,Derbyshire Constabulary,-1.443661,52.949294,On or near Hill Top,E01013574,Derby 003A,Violence and sexual offences,Unable to prosecute suspect,
76d8eda0420a42f00e6e326d01502359491d390b0463da49f3329cfef97ff23a,2021-06,Derbyshire Constabulary,Derbyshire Constabulary,-1.440526,52.946591,On or near Cardinal Close,E01013574,Derby 003A,Violence and sexual offences,Unable to prosecute suspect,
6744afda55967efec7b4ade33bf388d2fa3594a5911ad1a8cd9c3e747fbcab77,2021-06,Derbyshire Constabulary,Derbyshire Constabulary,-1.444738,52.947681,On or near Rye Close,E01013574,Derby 003A,Violence and sexual offences,Unable to prosecute suspect,
73de90fa283490be4b1e326c64ab58e35f914d8e1862fcba82f5a16689de8510,2021-06,Derbyshire Constabulary,Derbyshire Constabulary,-1.443661,52.949294,On or near Hill Top,E01013574,Derby 003A,Violence and sexual offences,Unable to prosecute suspect,
96db6b1f214f5385f91c97086910dde4edc0322d5440d604f6cdd414deec8541,2021-06,Derbyshire Constabulary,Derbyshire Constabulary,-1.443661,52.949294,On or near Hill Top,E01013574,Derby 003A,Violence and sexual offences,Unable to prosecute suspect,
a825e1c0b90e37f26c24880a2251b63a9de0ade8b07d613de3c76f63fd0140a7,2021-06,Derbyshire Constabulary,Derbyshire Constabulary,-1.436091,52.947739,On or near Primrose Close,E01013574,Derby 003A,Other crime,Unable to prosecute suspect,
,2021-06,Derbyshire Constabulary,Derbyshire Constabulary,-1.445625,52.944701,On or near Cringle Mews,E01013575,Derby 003B,Anti-social behaviour,,
,2021-06,Derbyshire Constabulary,Derbyshire Constabulary,-1.452389,52.945253,On or near Lychgate Close,E01013575,Derby 003B,Anti-social behaviour,,
,2021-06,Derbyshire Constabulary,Derbyshire Constabulary,-1.444512,52.945621,On or near Broadleaf Close,E01013575,Derby 003B,Anti-social behaviour,,
,2021-06,Derbyshire Constabulary,Derbyshire Constabulary,-1.447843,52.948127,On or near Hill Top,E01013575,Derby 003B,Anti-social behaviour,,
4bf0a4f17216234f0ad72b89b0c3fabbd8867d27c6f485614d5ac38904f18668,2021-06,Derbyshire Constabulary,Derbyshire Constabulary,-1.448924,52.946253,On or near Minster Road,E01013575,Derby 003B,Burglary,Investigation complete; no suspect identified,
210cb290fff6336eed88e19d08f7021dd6746f11cf3824bbdc7543db10c4e9be,2021-06,Derbyshire Constabulary,Derbyshire Constabulary,-1.452389,52.945253,On or near Lychgate Close,E01013575,Derby 003B,Criminal damage and arson,Investigation complete; no suspect identified,
1be6b1a52b96766cec097ef13bf78127655223f2431c2b66e7d373bb73108c1d,2021-06,Derbyshire Constabulary,Derbyshire Constabulary,-1.442632,52.943680,On or near Markham Court,E01013575,Derby 003B,Other theft,Investigation complete; no suspect identified,
257401eee8020a3c2159e1a2a004965119e23a9d484710c08c01be213d97ce14,2021-06,Derbyshire Constabulary,Derbyshire Constabulary,-1.452389,52.945253,On or near Lychgate Close,E01013575,Derby 003B,Public order,Investigation complete; no suspect identified,
7520aa1ea4d4d56cf1ee920ce3ef13e262438b329a8eaf8f37a23e2942966384,2021-06,Derbyshire Constabulary,Derbyshire Constabulary,-1.447675,52.947317,On or near Alder Close,E01013575,Derby 003B,Violence and sexual offences,Unable to prosecute suspect,
e751a909bb3d0c61403a1c0a7975a983f465be8bfd2232a55abb4e6969afd38a,2021-06,Derbyshire Constabulary,Derbyshire Constabulary,-1.452389,52.945253,On or near Lychgate Close,E01013575,Derby 003B,Violence and sexual offences,Unable to prosecute suspect,
dbdb1ae3bfd3d870fb69810b4569f607f6bbd3de6e0b2ced9622d3b29c446340,2021-06,Derbyshire Constabulary,Derbyshire Constabulary,-1.444714,52.942593,On or near Longstock Close,E01013575,Derby 003B,Violence and sexual offences,Unable to prosecute suspect,
b9e96b19947f1c786ba634b8e85d846224d9f81b2583149f84e2ecd766d68cfd,2021-06,Derbyshire Constabulary,Derbyshire Constabulary,-1.444232,52.943067,On or near Trowbridge Close,E01013575,Derby 003B,Violence and sexual offences,Unable to prosecute suspect,
ff3edc2aa0bf76b6213b3ae8cb856d4e4bc216674a2fce3a9b5994c54d08d368,2021-06,Derbyshire Constabulary,Derbyshire Constabulary,-1.452389,52.945253,On or near Lychgate Close,E01013575,Derby 003B,Violence and sexual offences,Unable to prosecute suspect,
b8a8db2fcd895f96c9b1b1ef51da4a076a43c3d3e95b4188db92d5703fc6ab06,2021-06,Derbyshire Constabulary,Derbyshire Constabulary,-1.444714,52.942593,On or near Longstock Close,E01013575,Derby 003B,Violence and sexual offences,Further investigation is not in the public interest,
b5aa004ea7b7bd4376cfe0e6e8c2aa130fa068dba431587961ffa706aa0ff2a5,2021-06,Derbyshire Constabulary,Derbyshire Constabulary,-1.419123,52.946731,On or near Lydstep Close,E01013576,Derby 003C,Violence and sexual offences,Status update unavailable,
78b15bcea4a006b2f04cc7e2749626b01ebabff1fe426889ae90497ae31e1ac3,2021-06,Derbyshire Constabulary,Derbyshire Constabulary,-1.426748,52.946319,On or near Sherston Close,E01013577,Derby 003D,Criminal damage and arson,Unable to prosecute suspect,
abc97d384a770d2a9783e54cb01c7fe1cba827f4f232e31ff4479ccef002953c,2021-06,Derbyshire Constabulary,Derbyshire Constabulary,-1.426748,52.946319,On or near Sherston Close,E01013577,Derby 003D,Criminal damage and arson,Action to be taken by another organisation,
b4518ef699bdd1471f2980289887419b82fe735f0587101ec552d05ffbce1029,2021-06,Derbyshire Constabulary,Derbyshire Constabulary,-1.426748,52.946319,On or near Sherston Close,E01013577,Derby 003D,Violence and sexual offences,Unable to prosecute suspect,
1e142c5c7043d964e40e5fbb3cf573657977a2c7bc7c41918c0b4a3dc23a1b74,2021-06,Derbyshire Constabulary,Derbyshire Constabulary,-1.426748,52.946319,On or near Sherston Close,E01013577,Derby 003D,Violence and sexual offences,Unable to prosecute suspect,
,2021-06,Derbyshire Constabulary,Derbyshire Constabulary,-1.431950,52.944564,On or near Pentland Close,E01013579,Derby 003F,Anti-social behaviour,,
,2021-06,Derbyshire Constabulary,Derbyshire Constabulary,-1.443133,52.942882,On or near Beardmore Close,E01013579,Derby 003F,Anti-social behaviour,,
,2021-06,Derbyshire Constabulary,Derbyshire Constabulary,-1.433006,52.943481,On or near Caldermill Drive,E01013579,Derby 003F,Anti-social behaviour,,
3cc4809427c579be039be0ea073164d820967c4fee4146f99ecf8f2a4e447f1e,2021-06,Derbyshire Constabulary,Derbyshire Constabulary,-1.433006,52.943481,On or near Caldermill Drive,E01013579,Derby 003F,Criminal damage and arson,Investigation complete; no suspect identified,
28a8040de6c72447b00c55773503030ddff9ea53b72801f95dcee2608b5ff2e4,2021-06,Derbyshire Constabulary,Derbyshire Constabulary,-1.443133,52.942882,On or near Beardmore Close,E01013579,Derby 003F,Public order,Local resolution,
ad9b500d2e6864d641f2717e56b53a7f059fc25a0985069c462e28fac85a8f8d,2021-06,Derbyshire Constabulary,Derbyshire Constabulary,-1.435595,52.943557,On or near Dunkery Court,E01013579,Derby 003F,Violence and sexual offences,Unable to prosecute suspect,
82b6eb326b1e4c2c41c9e20439b41518efc0ccc96fae8fb09aacb54603fbf3c3,2021-06,Derbyshire Constabulary,Derbyshire Constabulary,-1.431950,52.944564,On or near Pentland Close,E01013579,Derby 003F,Violence and sexual offences,Unable to prosecute suspect,
bdd89b2132a16080fe19cf2f3258c7152f7ba69f74c1236e8ce914ddc092519e,2021-06,Derbyshire Constabulary,Derbyshire Constabulary,-1.437265,52.943313,On or near Rutherford Rise,E01013579,Derby 003F,Violence and sexual offences,Unable to prosecute suspect,
609951d636f82d94d31ce151aa024690008c6bdfa155b941b69c444820dfb77c,2021-06,Derbyshire Constabulary,Derbyshire Constabulary,-1.437743,52.944304,On or near Bishop'S Drive,E01013579,Derby 003F,Violence and sexual offences,Unable to prosecute suspect,
2677a6cb907943f6d63468fa2f769e35ec61d107569d4e6c5a4b2a3f5f1e20f5,2021-06,Derbyshire Constabulary,Derbyshire Constabulary,-1.435595,52.943557,On or near Dunkery Court,E01013579,Derby 003F,Violence and sexual offences,Unable to prosecute suspect,
,2021-06,Derbyshire Constabulary,Derbyshire Constabulary,-1.430259,52.939666,On or near Danebridge Crescent,E01013580,Derby 003G,Anti-social behaviour,,
,2021-06,Derbyshire Constabulary,Derbyshire Constabulary,-1.430286,52.941023,On or near Meerbrook Close,E01013580,Derby 003G,Anti-social behaviour,,
,2021-06,Derbyshire Constabulary,Derbyshire Constabulary,-1.430259,52.939666,On or near Danebridge Crescent,E01013580,Derby 003G,Anti-social behaviour,,
00b94e9ba04411525424154192466cb6e8e26c280a3722e01a48d8ffd20b203b,2021-06,Derbyshire Constabulary,Derbyshire Constabulary,-1.426178,52.936581,On or near Seagrave Close,E01013580,Derby 003G,Other theft,Unable to prosecute suspect,
a257e1dd108b22cb6750e0fd428e1ffa91d13e03f70c6fc3c17b79dd0263e04c,2021-06,Derbyshire Constabulary,Derbyshire Constabulary,-1.425299,52.940046,On or near Bassingham Close,E01013580,Derby 003G,Violence and sexual offences,Unable to prosecute suspect,
0ac6e810ae3b2f92c17acf12e12896af1886d21e0672548ec4852cb96e9e979f,2021-06,Derbyshire Constabulary,Derbyshire Constabulary,-1.424610,52.935872,On or near Morley Gardens,E01013580,Derby 003G,Violence and sexual offences,Unable to prosecute suspect,
bfe02dc5788f0de91c0b06e150aead360c47f92fc1127bab233e1b93ee3333a6,2021-06,Derbyshire Constabulary,Derbyshire Constabulary,-1.426214,52.937192,On or near Sandfield Close,E01013580,Derby 003G,Violence and sexual offences,Awaiting court outcome,
3d4f5355c50d7b7fe70e5aabdfd97e60aef1700b0b9a4d90fe3574e6df9c50bf,2021-06,Derbyshire Constabulary,Derbyshire Constabulary,-1.424554,52.941247,On or near Ashcombe Gardens,E01013580,Derby 003G,Violence and sexual offences,Status update unavailable,
75bc91b4d353af536e936d15dbcc50151b085938977ecabb9003f0fdabd8a89e,2021-06,Derbyshire Constabulary,Derbyshire Constabulary,-1.425299,52.940046,On or near Bassingham Close,E01013580,Derby 003G,Violence and sexual offences,Unable to prosecute suspect,
,2021-06,Derbyshire Constabulary,Derbyshire Constabulary,-1.456882,52.942955,On or near Lime Avenue,E01013530,Derby 004A,Anti-social behaviour,,
,2021-06,Derbyshire Constabulary,Derbyshire Constabulary,-1.463445,52.944171,On or near Petrol Station,E01013530,Derby 004A,Anti-social behaviour,,
c416b722a46d30b5d1bd6d359bbc50a5ab0d6cce9c89952ae6e3b1a31402cea5,2021-06,Derbyshire Constabulary,Derbyshire Constabulary,-1.452407,52.937954,On or near Athlone Close,E01013530,Derby 004A,Burglary,Investigation complete; no suspect identified,
1d53ed924f93c5a9c4b150bdc04802327180caeaec5fa14b062ae0ffd2555661,2021-06,Derbyshire Constabulary,Derbyshire Constabulary,-1.450906,52.943682,On or near Fieldsway Drive,E01013530,Derby 004A,Criminal damage and arson,Awaiting court outcome,
ba0d1e18bbd06afebf0b968d760c7a9cf9f338cf148a7859afe0a09dc6d82a83,2021-06,Derbyshire Constabulary,Derbyshire Constabulary,-1.463445,52.944171,On or near Petrol Station,E01013530,Derby 004A,Criminal damage and arson,Investigation complete; no suspect identified,
872329f8656b280317a1af5b8d53a4d0f3bd3cc7b07b4f113cf97e012fcd2ea7,2021-06,Derbyshire Constabulary,Derbyshire Constabulary,-1.463445,52.944171,On or near Petrol Station,E01013530,Derby 004A,Criminal damage and arson,Investigation complete; no suspect identified,
3b9896e101923b7278c8f9ed6ccd382c4233c0c90117b9ce6262af521e592146,2021-06,Derbyshire Constabulary,Derbyshire Constabulary,-1.464094,52.940965,On or near Parking Area,E01013530,Derby 004A,Other theft,Investigation complete; no suspect identified,
861b80ef20ef23a7e651b4cadde91c4d60c56c6828be9780b2a98379b1079da7,2021-06,Derbyshire Constabulary,Derbyshire Constabulary,-1.465293,52.934264,On or near Petrol Station,E01013530,Derby 004A,Public order,Unable to prosecute suspect,
75b2e41ff50c12cb97c4f61832850d2a34be3d0b169e30d75c99f6c287d86813,2021-06,Derbyshire Constabulary,Derbyshire Constabulary,-1.464094,52.940965,On or near Parking Area,E01013530,Derby 004A,Robbery,Unable to prosecute suspect,
88561533a41c62d6bcc0e08504957cb4adfc138bea97fd0668f9095ce82abe69,2021-06,Derbyshire Constabulary,Derbyshire Constabulary,-1.464094,52.940965,On or near Parking Area,E01013530,Derby 004A,Shoplifting,Unable to prosecute suspect,
cc8c6f3d8afa874148dc64830bcae19b5f1de9ad09ceb383d0ed3b3f8a05e903,2021-06,Derbyshire Constabulary,Derbyshire Constabulary,-1.464094,52.940965,On or near Parking Area,E01013530,Derby 004A,Shoplifting,Unable to prosecute suspect,
ed6107172c30d34faf66b0faed5fa35fba144d71aa35afd3979e0373cec03f69,2021-06,Derbyshire Constabulary,Derbyshire Constabulary,-1.452030,52.944209,On or near Penrith Place,E01013530,Derby 004A,Violence and sexual offences,Further investigation is not in the public interest,
095de6f4dde832e6d5fb7c619695a080a00fd3efb667bfbad351d3a3d4bc2ffe,2021-06,Derbyshire Constabulary,Derbyshire Constabulary,-1.464094,52.940965,On or near Parking Area,E01013530,Derby 004A,Violence and sexual offences,Unable to prosecute suspect,
fa9d7680b37e46cb00c3065970022d48dc2685d40255349fe4546ab71f384c3b,2021-06,Derbyshire Constabulary,Derbyshire Constabulary,-1.464094,52.940965,On or near Parking Area,E01013530,Derby 004A,Violence and sexual offences,Investigation complete; no suspect identified,
48afeb77a62a01e45e4b93e153c889867e62150712ffc1eaa857354c0e6325ba,2021-06,Derbyshire Constabulary,Derbyshire Constabulary,-1.450906,52.943682,On or near Fieldsway Drive,E01013530,Derby 004A,Violence and sexual offences,Unable to prosecute suspect,
3fabe0c1fd90a9af92eaede4941af33fc8d37bcb8d9d64c9c17a16ab958e03cf,2021-06,Derbyshire Constabulary,Derbyshire Constabulary,-1.450906,52.943682,On or near Fieldsway Drive,E01013530,Derby 004A,Violence and sexual offences,Unable to prosecute suspect,
2d9dedcc6627b55e7ce9576cff87e4f4984b900bc61ea934ceb26d55329d06cc,2021-06,Derbyshire Constabulary,Derbyshire Constabulary,-1.465293,52.934264,On or near Petrol Station,E01013530,Derby 004A,Other crime,Unable to prosecute suspect,
4d1cbde036167a681f135ca98f9acea1664b4d811232d92662cdecd4bb3dc36f,2021-06,Derbyshire Constabulary,Derbyshire Constabulary,-1.465293,52.934264,On or near Petrol Station,E01013530,Derby 004A,Other crime,Unable to prosecute suspect,
,2021-06,Derbyshire Constabulary,Derbyshire Constabulary,-1.455500,52.939272,On or near Chatteris Drive,E01013531,Derby 004B,Anti-social behaviour,,
,2021-06,Derbyshire Constabulary,Derbyshire Constabulary,-1.452200,52.941324,On or near Welshpool Road,E01013531,Derby 004B,Anti-social behaviour,,
,2021-06,Derbyshire Constabulary,Derbyshire Constabulary,-1.456405,52.941883,On or near Scarborough Rise,E01013531,Derby 004B,Anti-social behaviour,,
,2021-06,Derbyshire Constabulary,Derbyshire Constabulary,-1.460057,52.940128,On or near Skipton Green,E01013531,Derby 004B,Anti-social behaviour,,
4a8db014dc575a7c54f5deadaa4b02d189a0a0cfb1059dc116565fb774580f8d,2021-06,Derbyshire Constabulary,Derbyshire Constabulary,-1.454127,52.940803,On or near Seascale Close,E01013531,Derby 004B,Criminal damage and arson,Unable to prosecute suspect,
141caa790e502e2b7128f15a9ae79fc8a56e9c3d0ad2645e2274d1c72d893e08,2021-06,Derbyshire Constabulary,Derbyshire Constabulary,-1.451439,52.940323,On or near Malvern Way,E01013531,Derby 004B,Public order,Unable to prosecute suspect,
2153d0adddbdddfd602197f3529050884f6edb4414fa02f367c49eb917c9247d,2021-06,Derbyshire Constabulary,Derbyshire Constabulary,-1.455418,52.942247,On or near Langdale Drive,E01013531,Derby 004B,Violence and sexual offences,Unable to prosecute suspect,
b917e02286019297ea0ce13e1c74f9ea9ed2eb0993e7f4c39aaa55cc70e5928a,2021-06,Derbyshire Constabulary,Derbyshire Constabulary,-1.457761,52.940540,On or near Blyth Place,E01013531,Derby 004B,Violence and sexual offences,Unable to prosecute suspect,
b481996d76127e9edb98fbb1339facb17f966b75888fb8b1342d469702e1e817,2021-06,Derbyshire Constabulary,Derbyshire Constabulary,-1.452200,52.941324,On or near Welshpool Road,E01013531,Derby 004B,Violence and sexual offences,Unable to prosecute suspect,
5dac59eaf17953905f8a59b2e9e300ca9b5053a03d0b14c8c3460f22669631ef,2021-06,Derbyshire Constabulary,Derbyshire Constabulary,-1.457761,52.940540,On or near Blyth Place,E01013531,Derby 004B,Violence and sexual offences,Unable to prosecute suspect,
60623852ecf3fd6b837835613e68779da9e4a61ae3f8f14f7af90c673a30d959,2021-06,Derbyshire Constabulary,Derbyshire Constabulary,-1.458521,52.941614,On or near Saltburn Close,E01013531,Derby 004B,Violence and sexual offences,Unable to prosecute suspect,
c59a392503451ca188d0286de02410c5f7ea761b3c81985bad9962b69fd3b58b,2021-06,Derbyshire Constabulary,Derbyshire Constabulary,-1.456405,52.941883,On or near Scarborough Rise,E01013531,Derby 004B,Violence and sexual offences,Unable to prosecute suspect,
e66a17c6f2fe64f4c9d730661f8af3699ff0195f13115048843eb22d2f72aea2,2021-06,Derbyshire Constabulary,Derbyshire Constabulary,-1.459375,52.941123,On or near Staithes Walk,E01013531,Derby 004B,Violence and sexual offences,Unable to prosecute suspect,
,2021-06,Derbyshire Constabulary,Derbyshire Constabulary,-1.444601,52.940947,On or near Sports/Recreation Area,E01013532,Derby 004C,Anti-social behaviour,,
,2021-06,Derbyshire Constabulary,Derbyshire Constabulary,-1.449471,52.935963,On or near Ringwood Close,E01013532,Derby 004C,Anti-social behaviour,,
,2021-06,Derbyshire Constabulary,Derbyshire Constabulary,-1.449471,52.935963,On or near Ringwood Close,E01013532,Derby 004C,Anti-social behaviour,,
8915d22146fedc99d899aab013e7f7317892f9d053dbb64d313e1b9be1b37520,2021-06,Derbyshire Constabulary,Derbyshire Constabulary,-1.449379,52.942030,On or near Hexham Walk,E01013532,Derby 004C,Burglary,Status update unavailable,
81b3fbcf03a10071e5076e6d28e7ad37987bd0495afa7682c2ecce7e412de8b1,2021-06,Derbyshire Constabulary,Derbyshire Constabulary,-1.446841,52.939214,On or near St Andrews View,E01013532,Derby 004C,Criminal damage and arson,Investigation complete; no suspect identified,
5e646c200e8544b50a43f05708e72de2c45b5b81b524029a819230c5fefa9ab2,2021-06,Derbyshire Constabulary,Derbyshire Constabulary,-1.449379,52.942030,On or near Hexham Walk,E01013532,Derby 004C,Criminal damage and arson,Unable to prosecute suspect,
ddad22812c9e87fc8b758c1711d023ac2e8a24554f7a42a7d21d0848a565e715,2021-06,Derbyshire Constabulary,Derbyshire Constabulary,-1.450058,52.941305,On or near Grantham Avenue,E01013532,Derby 004C,Criminal damage and arson,Investigation complete; no suspect identified,
a07867a61665e7032ebf660f6069adb73ef41ef8a304d5c07fa9ffd1140cb098,2021-06,Derbyshire Constabulary,Derbyshire Constabulary,-1.450312,52.938906,On or near Camborne Close,E01013532,Derby 004C,Public order,Status update unavailable,
7a9d1bfa4814046a2903d2a3283e4f8e6e16ed890e0649dbbd8c93c778f2f22f,2021-06,Derbyshire Constabulary,Derbyshire Constabulary,-1.450058,52.941305,On or near Grantham Avenue,E01013532,Derby 004C,Vehicle crime,Status update unavailable,
c17e4d6ceb8cd7cd3bef6b15a120f7b3d2b30080e8353f800f9454fb2a0838ec,2021-06,Derbyshire Constabulary,Derbyshire Constabulary,-1.449901,52.936100,On or near Winchester Crescent,E01013532,Derby 004C,Vehicle crime,Investigation complete; no suspect identified,
3d2d9a016345a3655dca786ed44c0ed51d96cc2e7656189d4dbac5bbcc255461,2021-06,Derbyshire Constabulary,Derbyshire Constabulary,-1.449471,52.935963,On or near Ringwood Close,E01013532,Derby 004C,Violence and sexual offences,Unable to prosecute suspect,
98eedc6ea38b382afd36f4389ebf91641ed8b6ce545488c80d4cd26f7e8ecf1c,2021-06,Derbyshire Constabulary,Derbyshire Constabulary,-1.450324,52.942646,On or near Radstock Gardens,E01013532,Derby 004C,Violence and sexual offences,Unable to prosecute suspect,
471164eaa7fbabcc820938b781b1c6192f0b98edfc6f6c5f368e9dafdfe259d7,2021-06,Derbyshire Constabulary,Derbyshire Constabulary,-1.449471,52.935963,On or near Ringwood Close,E01013532,Derby 004C,Violence and sexual offences,Unable to prosecute suspect,
314d03d63719e8340c555dab2d1f3b572abd12502ff8907f49f4c3e76fa083a8,2021-06,Derbyshire Constabulary,Derbyshire Constabulary,-1.451676,52.942778,On or near Barnard Road,E01013532,Derby 004C,Violence and sexual offences,Status update unavailable,
904a73b906bf5d2012ebd7008e92ae76156247931751147f07f0a8b531b77636,2021-06,Derbyshire Constabulary,Derbyshire Constabulary,-1.449901,52.936100,On or near Winchester Crescent,E01013532,Derby 004C,Violence and sexual offences,Unable to prosecute suspect,
609d3ce16245b7f89dd1459e292d4e88ca13143d47af04afbcea2549cd3df143,2021-06,Derbyshire Constabulary,Derbyshire Constabulary,-1.444601,52.940947,On or near Sports/Recreation Area,E01013532,Derby 004C,Violence and sexual offences,Status update unavailable,
58744d4b610a0b333ab29d20f05dd6f496a9988ebdae152216a58874cb6cad1a,2021-06,Derbyshire Constabulary,Derbyshire Constabulary,-1.449471,52.935963,On or near Ringwood Close,E01013532,Derby 004C,Violence and sexual offences,Unable to prosecute suspect,
b9c7bd48fd6af804051e9b265a25f29d08f60df555db79ba65b505116a32063f,2021-06,Derbyshire Constabulary,Derbyshire Constabulary,-1.444601,52.940947,On or near Sports/Recreation Area,E01013532,Derby 004C,Violence and sexual offences,Unable to prosecute suspect,
8730450b4ed2359204b38aaa733e737c7144d26bfe4562bea37742e4016e07f1,2021-06,Derbyshire Constabulary,Derbyshire Constabulary,-1.449471,52.935963,On or near Ringwood Close,E01013532,Derby 004C,Violence and sexual offences,Status update unavailable,
d3032cd73874a6f66d5cce37d71bb30047812e4974a74c34de800d5f2f1c1043,2021-06,Derbyshire Constabulary,Derbyshire Constabulary,-1.449379,52.942030,On or near Hexham Walk,E01013532,Derby 004C,Violence and sexual offences,Status update unavailable,
79fe3c366bb54f059204a4b23e078dc5710ada6fb452042518c0eb6e49d18c52,2021-06,Derbyshire Constabulary,Derbyshire Constabulary,-1.444601,52.940947,On or near Sports/Recreation Area,E01013532,Derby 004C,Violence and sexual offences,Status update unavailable,
,2021-06,Derbyshire Constabulary,Derbyshire Constabulary,-1.442587,52.939041,On or near Shirley Road,E01013581,Derby 004D,Anti-social behaviour,,
,2021-06,Derbyshire Constabulary,Derbyshire Constabulary,-1.441243,52.941776,On or near Beamwood Close,E01013581,Derby 004D,Anti-social behaviour,,
,2021-06,Derbyshire Constabulary,Derbyshire Constabulary,-1.438144,52.942032,On or near Fernilee Gardens,E01013581,Derby 004D,Anti-social behaviour,,
,2021-06,Derbyshire Constabulary,Derbyshire Constabulary,-1.441243,52.941776,On or near Beamwood Close,E01013581,Derby 004D,Anti-social behaviour,,
,2021-06,Derbyshire Constabulary,Derbyshire Constabulary,-1.442358,52.938321,On or near Taddington Road,E01013581,Derby 004D,Anti-social behaviour,,
,2021-06,Derbyshire Constabulary,Derbyshire Constabulary,-1.441243,52.941776,On or near Beamwood Close,E01013581,Derby 004D,Anti-social behaviour,,
,2021-06,Derbyshire Constabulary,Derbyshire Constabulary,-1.438144,52.942032,On or near Fernilee Gardens,E01013581,Derby 004D,Anti-social behaviour,,
35641472b558eca3cadd7c688569bfb34676abb3c313782653dcbef56f5bef3d,2021-06,Derbyshire Constabulary,Derbyshire Constabulary,-1.436676,52.939391,On or near Mapleton Avenue,E01013581,Derby 004D,Criminal damage and arson,Investigation complete; no suspect identified,
ea84ab6c3d99ed4af874c59c3356a8fc9de416b0e61fcba6bd25925d3d3986b8,2021-06,Derbyshire Constabulary,Derbyshire Constabulary,-1.441243,52.941776,On or near Beamwood Close,E01013581,Derby 004D,Public order,Status update unavailable,
0d157c2daf81adc66afb345bed78b07c960aa6cd364ec65ece19de642cbd6b44,2021-06,Derbyshire Constabulary,Derbyshire Constabulary,-1.441243,52.941776,On or near Beamwood Close,E01013581,Derby 004D,Public order,Investigation complete; no suspect identified,
466762fa5e88a3a5b79ebaff56aa0e177206c1ea52fa7e732a1b6dddb06ae182,2021-06,Derbyshire Constabulary,Derbyshire Constabulary,-1.441243,52.941776,On or near Beamwood Close,E01013581,Derby 004D,Robbery,Investigation complete; no suspect identified,
45f3bfb92603e1dcec0f38d779eaaca2334a8770a394928c56d6ae541640b673,2021-06,Derbyshire Constabulary,Derbyshire Constabulary,-1.439377,52.941058,On or near Birchover Rise,E01013581,Derby 004D,Violence and sexual offences,Unable to prosecute suspect,
2b84933a3af3bc4830e6f50b171da85e899c8857df48939d504792405b2d7d40,2021-06,Derbyshire Constabulary,Derbyshire Constabulary,-1.436676,52.939391,On or near Mapleton Avenue,E01013581,Derby 004D,Violence and sexual offences,Unable to prosecute suspect,
840b67255e8366d90515ffdd366ae66883b764d384a373fcb87882716a8626dd,2021-06,Derbyshire Constabulary,Derbyshire Constabulary,-1.436676,52.939391,On or near Mapleton Avenue,E01013581,Derby 004D,Violence and sexual offences,Unable to prosecute suspect,
b1a70483e7b70f0618a170eb1748001e833e033a7d1481318501bec33261a67f,2021-06,Derbyshire Constabulary,Derbyshire Constabulary,-1.436676,52.939391,On or near Mapleton Avenue,E01013581,Derby 004D,Violence and sexual offences,Unable to prosecute suspect,
c2f8dd778fc3fc0eb3fd84d2af9663b4a7ec058936f32f1dceab1a398779ce1e,2021-06,Derbyshire Constabulary,Derbyshire Constabulary,-1.439377,52.941058,On or near Birchover Rise,E01013581,Derby 004D,Violence and sexual offences,Unable to prosecute suspect,
fca489e08eaf8170e1ac123c50636fe8f2758daa565b83624ef65c5f65943118,2021-06,Derbyshire Constabulary,Derbyshire Constabulary,-1.436676,52.939391,On or near Mapleton Avenue,E01013581,Derby 004D,Violence and sexual offences,Unable to prosecute suspect,
7d06c8c6d118312989978a2e77855f7f48ce235887497d4b3887ba37f8cf2ade,2021-06,Derbyshire Constabulary,Derbyshire Constabulary,-1.438144,52.942032,On or near Fernilee Gardens,E01013581,Derby 004D,Violence and sexual offences,Unable to prosecute suspect,
c04f51b81f5f272e1782481f8db111cf3fe5345f51fa844a6d8fc10d50562707,2021-06,Derbyshire Constabulary,Derbyshire Constabulary,-1.436676,52.939391,On or near Mapleton Avenue,E01013581,Derby 004D,Violence and sexual offences,Unable to prosecute suspect,
dd831afeb2506bacf47ebb8e2af7dcff5cdb4d78c29db00e18b49d15d6d8e537,2021-06,Derbyshire Constabulary,Derbyshire Constabulary,-1.436676,52.939391,On or near Mapleton Avenue,E01013581,Derby 004D,Violence and sexual offences,Status update unavailable,
e69ee0eb52320154b1fcf24fa438340a9f94c23ade96c878ec2cdaae82cb9362,2021-06,Derbyshire Constabulary,Derbyshire Constabulary,-1.436676,52.939391,On or near Mapleton Avenue,E01013581,Derby 004D,Violence and sexual offences,Unable to prosecute suspect,
bdb63e0b13dc47c61b29c5104312d1640932afc0ee61aba9f3089bec506a3216,2021-06,Derbyshire Constabulary,Derbyshire Constabulary,-1.436676,52.939391,On or near Mapleton Avenue,E01013581,Derby 004D,Violence and sexual offences,Unable to prosecute suspect,
0249af9ba932996d4b255360f4330effd41bba815b9472722108fd080cd1f70c,2021-06,Derbyshire Constabulary,Derbyshire Constabulary,-1.442587,52.939041,On or near Shirley Road,E01013581,Derby 004D,Violence and sexual offences,Formal action is not in the public interest,
7153c9e2850f3d585ac91fae7992f107a866385de0403285cb2d3e5546e101d7,2021-06,Derbyshire Constabulary,Derbyshire Constabulary,-1.441243,52.941776,On or near Beamwood Close,E01013581,Derby 004D,Violence and sexual offences,Status update unavailable,
b4fa77fe3a89fd77eb545eab473c3341d1d00151139c0f969a7935a122f856b4,2021-06,Derbyshire Constabulary,Derbyshire Constabulary,-1.442936,52.942009,On or near Ingledew Close,E01013581,Derby 004D,Violence and sexual offences,Unable to prosecute suspect,
,2021-06,Derbyshire Constabulary,Derbyshire Constabulary,-1.475795,52.941808,On or near Sports/Recreation Area,E01013526,Derby 005A,Anti-social behaviour,,
c973ae61f3782f861d50fdbbb9d54ed0f7951c6fc25b7932e252e4e3c7d3e104,2021-06,Derbyshire Constabulary,Derbyshire Constabulary,-1.477669,52.941870,On or near The Hill,E01013526,Derby 005A,Criminal damage and arson,Investigation complete; no suspect identified,
36b291478b8958d67ad5fc4673cfe585413904ceeb33c55c0abd028ad0c2b6d3,2021-06,Derbyshire Constabulary,Derbyshire Constabulary,-1.474946,52.944303,On or near Theatre/Concert Hall,E01013526,Derby 005A,Other theft,Investigation complete; no suspect identified,
4d9e437cb6cb3d29457b4109f1f2db0dce0294e952432021a9d8a059c7db34c6,2021-06,Derbyshire Constabulary,Derbyshire Constabulary,-1.478443,52.941847,On or near New Road,E01013526,Derby 005A,Other theft,Investigation complete; no suspect identified,
a743937b79274836be2be5b7cca56155d918eb9f0efa9a3de61175f0a2a971f0,2021-06,Derbyshire Constabulary,Derbyshire Constabulary,-1.481498,52.948935,On or near Church Lane North,E01013526,Derby 005A,Other theft,Investigation complete; no suspect identified,
f731549450c8d4bf047f66d4d1b73645ce1332a1cc0e935bc4c6b33a8ac25635,2021-06,Derbyshire Constabulary,Derbyshire Constabulary,-1.479401,52.942633,On or near Abbey Lane,E01013526,Derby 005A,Shoplifting,Investigation complete; no suspect identified,
dc1a6eabfb8e42b2024d26e317c2f6a9392432b781f2b00ae540c7182d95ed15,2021-06,Derbyshire Constabulary,Derbyshire Constabulary,-1.480994,52.942613,On or near Coppice Close,E01013526,Derby 005A,Vehicle crime,Investigation complete; no suspect identified,
1b9bca74c664911019a736fcb21317105730e1f61d78d5c42a64d4eeb08d31a6,2021-06,Derbyshire Constabulary,Derbyshire Constabulary,-1.480129,52.943948,On or near Darley Abbey Drive,E01013526,Derby 005A,Vehicle crime,Investigation complete; no suspect identified,
942bd3413422c42407a8cfd0bc7aaaa51c51e90ad84cc518ecea792b63020506,2021-06,Derbyshire Constabulary,Derbyshire Constabulary,-1.481498,52.948935,On or near Church Lane North,E01013526,Derby 005A,Violence and sexual offences,Unable to prosecute suspect,
2e4ea9695fe96caa6150eb21ad2afdbf428b18b6ab24d712d91a592acc460029,2021-06,Derbyshire Constabulary,Derbyshire Constabulary,-1.481498,52.948935,On or near Church Lane North,E01013526,Derby 005A,Violence and sexual offences,Unable to prosecute suspect,
28348dec04dd03c45a2bc779ad8b75a8e78ac3906fe760c0fb619f7422ce5c2f,2021-06,Derbyshire Constabulary,Derbyshire Constabulary,-1.480994,52.942613,On or near Coppice Close,E01013526,Derby 005A,Violence and sexual offences,Unable to prosecute suspect,
5d2171bf7f51038b8d9d5c3278ed8484bd9e0ee29fdfc940fa53db39bc56a255,2021-06,Derbyshire Constabulary,Derbyshire Constabulary,-1.482043,52.943175,On or near Willow Close,E01013526,Derby 005A,Violence and sexual offences,Unable to prosecute suspect,
6f318ddea20213476ff1d4d4249c23c9aafeaa2bd38a946b37a56632a892d0e4,2021-06,Derbyshire Constabulary,Derbyshire Constabulary,-1.478146,52.944308,On or near Spinney Close,E01013526,Derby 005A,Violence and sexual offences,Unable to prosecute suspect,
8d2fd6d8d2eb53bcf6a3c4ab4e0cac989e984eab49de1bba20b813e20bdbb3f2,2021-06,Derbyshire Constabulary,Derbyshire Constabulary,-1.478146,52.944308,On or near Spinney Close,E01013526,Derby 005A,Violence and sexual offences,Unable to prosecute suspect,
,2021-06,Derbyshire Constabulary,Derbyshire Constabulary,-1.481308,52.938713,On or near Parking Area,E01013527,Derby 005B,Anti-social behaviour,,
28864654462810080c1b94a68223b3f65acfbebb4d8a9d9e60c98d5778a33dad,2021-06,Derbyshire Constabulary,Derbyshire Constabulary,-1.481308,52.938713,On or near Parking Area,E01013527,Derby 005B,Bicycle theft,Investigation complete; no suspect identified,
fe53c3f9d4b66d08302a43179af51b78dda011eb912fcb16ef5515890d6b9487,2021-06,Derbyshire Constabulary,Derbyshire Constabulary,-1.481308,52.938713,On or near Parking Area,E01013527,Derby 005B,Other theft,Investigation complete; no suspect identified,
5f70bdd45d8cfa7d7892b34569084cb4a349a3f59f536d1f2788fb3fce405d3c,2021-06,Derbyshire Constabulary,Derbyshire Constabulary,-1.481308,52.938713,On or near Parking Area,E01013527,Derby 005B,Public order,Unable to prosecute suspect,
2f9ab2b3ff9de33bbb2daa8582777f46beffdeb6843246208f697677559e05d1,2021-06,Derbyshire Constabulary,Derbyshire Constabulary,-1.481308,52.938713,On or near Parking Area,E01013527,Derby 005B,Public order,Investigation complete; no suspect identified,
692b641f8e417e0ce723b4706608b7250a1a2377cc2df63f97bb45138d1b455a,2021-06,Derbyshire Constabulary,Derbyshire Constabulary,-1.481308,52.938713,On or near Parking Area,E01013527,Derby 005B,Public order,Status update unavailable,
4a2786b466fd236ad3824153277737ff0afc85be5233b6385da6238de08690b3,2021-06,Derbyshire Constabulary,Derbyshire Constabulary,-1.488397,52.934348,On or near Parkfields Drive,E01013527,Derby 005B,Violence and sexual offences,Unable to prosecute suspect,
596b65548fccc118fafa3091ada152940d6cc3491a98f7315baa0aaa7a7b06cb,2021-06,Derbyshire Constabulary,Derbyshire Constabulary,-1.492121,52.935290,On or near West Park Road,E01013527,Derby 005B,Violence and sexual offences,Status update unavailable,
f07ca8189e6379136ee5956e28014c1bc247f3218a7dbda8b3a625d47af7fe35,2021-06,Derbyshire Constabulary,Derbyshire Constabulary,-1.481308,52.938713,On or near Parking Area,E01013527,Derby 005B,Violence and sexual offences,Unable to prosecute suspect,
a4c60343b6caa591214727c45d32c302724cbf2a70c0769f77a7932c1ecf8211,2021-06,Derbyshire Constabulary,Derbyshire Constabulary,-1.481308,52.938713,On or near Parking Area,E01013527,Derby 005B,Violence and sexual offences,Local resolution,
b06cca901d57ad7bcb8df35a2821c9b2502c1d25a8e1d79ade407861af8e4381,2021-06,Derbyshire Constabulary,Derbyshire Constabulary,-1.488397,52.934348,On or near Parkfields Drive,E01013527,Derby 005B,Violence and sexual offences,Unable to prosecute suspect,
ca610c036c6212f46f9c6090f770d34e2e1c4dc5115cbd8f4040748ee62ff121,2021-06,Derbyshire Constabulary,Derbyshire Constabulary,-1.483446,52.935360,On or near Conference/Exhibition Centre,E01013527,Derby 005B,Violence and sexual offences,Investigation complete; no suspect identified,
cf2af76be3c2fcf6d0d29c51e29e742b32ec75b9143a07b84a9a50281034585f,2021-06,Derbyshire Constabulary,Derbyshire Constabulary,-1.492121,52.935290,On or near West Park Road,E01013527,Derby 005B,Violence and sexual offences,Status update unavailable,
,2021-06,Derbyshire Constabulary,Derbyshire Constabulary,-1.480895,52.932212,On or near Kingston Street,E01013528,Derby 005C,Anti-social behaviour,,
5ea62ee8fd847d01e48057ce4710865027200cb5a20e196107b3a27a78a5a634,2021-06,Derbyshire Constabulary,Derbyshire Constabulary,-1.486377,52.930366,On or near Elms Street,E01013528,Derby 005C,Public order,Unable to prosecute suspect,
d3c356d236eff5e3bcd0d905bba5f0efb68d8131d8fde839af0c7e07e006c98c,2021-06,Derbyshire Constabulary,Derbyshire Constabulary,-1.484885,52.934485,On or near Burleigh Drive,E01013528,Derby 005C,Vehicle crime,Investigation complete; no suspect identified,
908c0b9935369ee99e4a7ea2655e8ee9fce4ec06fb953c6b6965e52795f17c59,2021-06,Derbyshire Constabulary,Derbyshire Constabulary,-1.486463,52.929305,On or near Parker Street,E01013528,Derby 005C,Violence and sexual offences,Unable to prosecute suspect,
7bf57018290f3617159ad898fc9838947e2ed750bbb47664d1b82ff52eb23737,2021-06,Derbyshire Constabulary,Derbyshire Constabulary,-1.487539,52.932744,On or near Arthur Hind Close,E01013528,Derby 005C,Violence and sexual offences,Unable to prosecute suspect,
645898410389bac7868050cf3fb91417d501e37af49f275830ac7425e9dddb51,2021-06,Derbyshire Constabulary,Derbyshire Constabulary,-1.480895,52.932212,On or near Kingston Street,E01013528,Derby 005C,Violence and sexual offences,Unable to prosecute suspect,
6631c45cb5ffca583e96a87501346518fd783e4dc02081e6ad5dac524437ba49,2021-06,Derbyshire Constabulary,Derbyshire Constabulary,-1.487539,52.932744,On or near Arthur Hind Close,E01013528,Derby 005C,Violence and sexual offences,Unable to prosecute suspect,
1f79c16693da2c13e0ba37eb661a741c38346bb24963e022ebeb19a584f7732c,2021-06,Derbyshire Constabulary,Derbyshire Constabulary,-1.487539,52.932744,On or near Arthur Hind Close,E01013528,Derby 005C,Violence and sexual offences,Unable to prosecute suspect,
,2021-06,Derbyshire Constabulary,Derbyshire Constabulary,-1.490130,52.933771,On or near Park Grove,E01013529,Derby 005D,Anti-social behaviour,,
,2021-06,Derbyshire Constabulary,Derbyshire Constabulary,-1.490700,52.932092,On or near Kedleston Road,E01013529,Derby 005D,Anti-social behaviour,,
,2021-06,Derbyshire Constabulary,Derbyshire Constabulary,-1.495115,52.936255,On or near Broadway Park Close,E01013529,Derby 005D,Anti-social behaviour,,
,2021-06,Derbyshire Constabulary,Derbyshire Constabulary,-1.492348,52.940073,On or near Queensway,E01013529,Derby 005D,Anti-social behaviour,,
,2021-06,Derbyshire Constabulary,Derbyshire Constabulary,-1.490700,52.932092,On or near Kedleston Road,E01013529,Derby 005D,Anti-social behaviour,,
a551d03ad16087a9f349b40a7d3e0ccb32367a5210c4f86d39af94de45cf60a5,2021-06,Derbyshire Constabulary,Derbyshire Constabulary,-1.494913,52.935670,On or near Broad Bank,E01013529,Derby 005D,Burglary,Status update unavailable,
e04cee9e08b91ae8f47349993bb152e9a9a5082c6e7a9f1e3120c3ac2a6c269c,2021-06,Derbyshire Constabulary,Derbyshire Constabulary,-1.493056,52.931689,On or near Brookside Close,E01013529,Derby 005D,Criminal damage and arson,Investigation complete; no suspect identified,
55beec145d3d4d48d53afffc18663ab6496d2442b87d0de2099470ae8aea8bc5,2021-06,Derbyshire Constabulary,Derbyshire Constabulary,-1.495131,52.934898,On or near Longford Street,E01013529,Derby 005D,Criminal damage and arson,Local resolution,
2a71aa37f495e3f7c90b15664e8b7d1529443edc8c1d62008219f1bf7ce55f6e,2021-06,Derbyshire Constabulary,Derbyshire Constabulary,-1.494079,52.928079,On or near Further/Higher Educational Building,E01013529,Derby 005D,Criminal damage and arson,Investigation complete; no suspect identified,
6fa9fac0f64bbe25a720d4d3e54deda59098179dbc0a6d11c17466d6aec2c3a3,2021-06,Derbyshire Constabulary,Derbyshire Constabulary,-1.494174,52.934004,On or near Cedar Street,E01013529,Derby 005D,Public order,Investigation complete; no suspect identified,
8b767beac52b1cdc0f8c39a6c24abef7d7e7959d9e01f7f27a958a1e1e4abb5c,2021-06,Derbyshire Constabulary,Derbyshire Constabulary,-1.489231,52.939367,On or near Highfields Park Drive,E01013529,Derby 005D,Public order,Investigation complete; no suspect identified,
f9625dc26d363c7d5a75a8ba42ca974ac7d109f57bc1f2b0ecb9183e5649bcbe,2021-06,Derbyshire Constabulary,Derbyshire Constabulary,-1.490130,52.933771,On or near Park Grove,E01013529,Derby 005D,Vehicle crime,Investigation complete; no suspect identified,
3fd1989c6c7e904e9b6462c3d644936b66d1b1807fc631cee5df624c4055ea28,2021-06,Derbyshire Constabulary,Derbyshire Constabulary,-1.490130,52.933771,On or near Park Grove,E01013529,Derby 005D,Violence and sexual offences,Unable to prosecute suspect,
28fa045206bef8109115d9f30e8fbbdef02b181acd261074e91a44f9004f10de,2021-06,Derbyshire Constabulary,Derbyshire Constabulary,-1.492348,52.940073,On or near Queensway,E01013529,Derby 005D,Violence and sexual offences,Unable to prosecute suspect,
a22f3d6968a1e6d21dc9534bfcc70e6b0b9c84c7cfbf51dddd2f4a9cb7e6235c,2021-06,Derbyshire Constabulary,Derbyshire Constabulary,-1.495131,52.934898,On or near Longford Street,E01013529,Derby 005D,Violence and sexual offences,Unable to prosecute suspect,
9a0d39086310ca373ebb24a9fb3bee6244bc5e35ca616b8274f1b3d790757b59,2021-06,Derbyshire Constabulary,Derbyshire Constabulary,-1.494689,52.934545,On or near Sherwin Street,E01013529,Derby 005D,Violence and sexual offences,Unable to prosecute suspect,
feb1a150eb9608a523bd4171439f610dcc39405b71fda8cfbb9934fa4b912a67,2021-06,Derbyshire Constabulary,Derbyshire Constabulary,-1.494689,52.934545,On or near Sherwin Street,E01013529,Derby 005D,Violence and sexual offences,Status update unavailable,
cf18154cd9a31f82c59d7401f208dbcf1251fc7b9811292b02d17efdddd48a62,2021-06,Derbyshire Constabulary,Derbyshire Constabulary,-1.489231,52.939367,On or near Highfields Park Drive,E01013529,Derby 005D,Violence and sexual offences,Unable to prosecute suspect,
14c066e4ea665e638e5735876cc8c730b8b5d1a056287cf9f21579e384e69418,2021-06,Derbyshire Constabulary,Derbyshire Constabulary,-1.492348,52.940073,On or near Queensway,E01013529,Derby 005D,Violence and sexual offences,Unable to prosecute suspect,
cf2af76be3c2fcf6d0d29c51e29e742b32ec75b9143a07b84a9a50281034585f,2021-06,Derbyshire Constabulary,Derbyshire Constabulary,-1.494689,52.934545,On or near Sherwin Street,E01013529,Derby 005D,Violence and sexual offences,Status update unavailable,
e62a2d24640d6ea5d51c52e70b067409ab5dad7c33244f4b9d2a2399471ea4c3,2021-06,Derbyshire Constabulary,Derbyshire Constabulary,-1.495115,52.936255,On or near Broadway Park Close,E01013529,Derby 005D,Violence and sexual offences,Unable to prosecute suspect,
febeec2b02a0523cfc3b83ed247686df5870c97884328df02dd75970b9b89c18,2021-06,Derbyshire Constabulary,Derbyshire Constabulary,-1.492348,52.940073,On or near Queensway,E01013529,Derby 005D,Violence and sexual offences,Status update unavailable,
8ce0871433797b67686a943d4a9a136150df9e8dce4d50c4cfd7dd61a6bccd7f,2021-06,Derbyshire Constabulary,Derbyshire Constabulary,-1.492348,52.940073,On or near Queensway,E01013529,Derby 005D,Violence and sexual offences,Unable to prosecute suspect,
e2fcb527fa7f34007bffe9f9a661498e873124a7e3e40466d3716825f7233a40,2021-06,Derbyshire Constabulary,Derbyshire Constabulary,-1.492348,52.940073,On or near Queensway,E01013529,Derby 005D,Violence and sexual offences,Unable to prosecute suspect,
a996c8cb450f0a411491668175587c7a446d4a208be7b6666e9f7f65c6eac2b9,2021-06,Derbyshire Constabulary,Derbyshire Constabulary,-1.494689,52.934545,On or near Sherwin Street,E01013529,Derby 005D,Other crime,Status update unavailable,
d79f6b42b448326bb3584faf22549486821d438ca3674d7b5ef6036c8384d0c6,2021-06,Derbyshire Constabulary,Derbyshire Constabulary,-1.491478,52.930442,On or near Watson Street,E01013529,Derby 005D,Other crime,Investigation complete; no suspect identified,
,2021-06,Derbyshire Constabulary,Derbyshire Constabulary,-1.438050,52.933204,On or near Spring Gardens,E01013505,Derby 006A,Anti-social behaviour,,
bba97238f7cb64389817c59b67698c7d9bd3efdcc444e0a77b5cc5f0077956b9,2021-06,Derbyshire Constabulary,Derbyshire Constabulary,-1.436707,52.931264,On or near Wilsthorpe Road,E01013505,Derby 006A,Criminal damage and arson,Investigation complete; no suspect identified,
13548cd1d6eefedda2a238d4dde04fc36ff1c0aa0db95b0711be5eea51ec74c7,2021-06,Derbyshire Constabulary,Derbyshire Constabulary,-1.437238,52.930413,On or near Reginald Road North,E01013505,Derby 006A,Other theft,Unable to prosecute suspect,
22f04dad8cf991eeee96320d138746f060921f90ad4eb044779c54ed37bd83f3,2021-06,Derbyshire Constabulary,Derbyshire Constabulary,-1.438050,52.933204,On or near Spring Gardens,E01013505,Derby 006A,Other theft,Investigation complete; no suspect identified,
047993215377dfc472e9a11d2e8948f089262b5c9a874e06504faab21ffe3c5b,2021-06,Derbyshire Constabulary,Derbyshire Constabulary,-1.438050,52.933204,On or near Spring Gardens,E01013505,Derby 006A,Possession of weapons,Unable to prosecute suspect,
7ceb601449fa165f277a37832bbce1ff0c679392885585daf226a88f68f8b9d9,2021-06,Derbyshire Constabulary,Derbyshire Constabulary,-1.441527,52.930074,On or near Chaddesden Park Road,E01013505,Derby 006A,Public order,Investigation complete; no suspect identified,
67dd0e10c040087d1d8a17f79705a0848c8044c977539ec73bcc1cb3cfd9e4f6,2021-06,Derbyshire Constabulary,Derbyshire Constabulary,-1.441527,52.930074,On or near Chaddesden Park Road,E01013505,Derby 006A,Public order,Investigation complete; no suspect identified,
7c6b279b0e561e63388526df1c7eafe2066bf053997630f9b19844cf145023b0,2021-06,Derbyshire Constabulary,Derbyshire Constabulary,-1.438050,52.933204,On or near Spring Gardens,E01013505,Derby 006A,Public order,Unable to prosecute suspect,
f2807316913496da403ccf870bd551735a3f1c23a17fb225e6e2c203d5b7f455,2021-06,Derbyshire Constabulary,Derbyshire Constabulary,-1.434629,52.934320,On or near Gertrude Road,E01013505,Derby 006A,Violence and sexual offences,Status update unavailable,
,2021-06,Derbyshire Constabulary,Derbyshire Constabulary,-1.432366,52.928727,On or near Rainier Drive,E01013506,Derby 006B,Anti-social behaviour,,
,2021-06,Derbyshire Constabulary,Derbyshire Constabulary,-1.434292,52.931640,On or near Field Lane,E01013506,Derby 006B,Anti-social behaviour,,
,2021-06,Derbyshire Constabulary,Derbyshire Constabulary,-1.432366,52.928727,On or near Rainier Drive,E01013506,Derby 006B,Anti-social behaviour,,
,2021-06,Derbyshire Constabulary,Derbyshire Constabulary,-1.432366,52.928727,On or near Rainier Drive,E01013506,Derby 006B,Anti-social behaviour,,
,2021-06,Derbyshire Constabulary,Derbyshire Constabulary,-1.434292,52.931640,On or near Field Lane,E01013506,Derby 006B,Anti-social behaviour,,
,2021-06,Derbyshire Constabulary,Derbyshire Constabulary,-1.434292,52.931640,On or near Field Lane,E01013506,Derby 006B,Anti-social behaviour,,
2fd3d529cc334a63f2cf877d5b9809d0f5d6af6e00abb2f1f99c4fc32d1e072a,2021-06,Derbyshire Constabulary,Derbyshire Constabulary,-1.434292,52.931640,On or near Field Lane,E01013506,Derby 006B,Other theft,Unable to prosecute suspect,
3187cb1a5d12987f53254146806cb435cf92f5d1cb42a8a09b8474a067b64798,2021-06,Derbyshire Constabulary,Derbyshire Constabulary,-1.432366,52.928727,On or near Rainier Drive,E01013506,Derby 006B,Other theft,Investigation complete; no suspect identified,
62fcbaff74ed54b3e7f7156ccb7d940c9bfa46b92b9efbda22637025429d0d1c,2021-06,Derbyshire Constabulary,Derbyshire Constabulary,-1.432553,52.930364,On or near Sports/Recreation Area,E01013506,Derby 006B,Public order,Investigation complete; no suspect identified,
e86fc62d7cd9c0b1471cfe3f35a4a761ee9215f77143b4e74d30792072f94961,2021-06,Derbyshire Constabulary,Derbyshire Constabulary,-1.434292,52.931640,On or near Field Lane,E01013506,Derby 006B,Violence and sexual offences,Unable to prosecute suspect,
0a0759d25369868ebdebceeb3ed787af901f307312769a9abee14b2eedc380db,2021-06,Derbyshire Constabulary,Derbyshire Constabulary,-1.426240,52.934163,On or near Brookfield Avenue,E01013506,Derby 006B,Violence and sexual offences,Unable to prosecute suspect,
bd5ba1ed52883f80421e13c932d74ddf14f98f77e19bda197c7051f7cb670c31,2021-06,Derbyshire Constabulary,Derbyshire Constabulary,-1.426655,52.934264,On or near Kevin Close,E01013506,Derby 006B,Violence and sexual offences,Unable to prosecute suspect,
138e3e8e86db5a20637cae39cd5a020e6011fdd3d43f42b153800c8cdbcd583d,2021-06,Derbyshire Constabulary,Derbyshire Constabulary,-1.430248,52.932582,On or near Moira Close,E01013506,Derby 006B,Violence and sexual offences,Unable to prosecute suspect,
34f60317ac5f35d0325a44d97963984a7b5ba13171fa663acfa5d6145f212191,2021-06,Derbyshire Constabulary,Derbyshire Constabulary,-1.432366,52.928727,On or near Rainier Drive,E01013506,Derby 006B,Violence and sexual offences,Unable to prosecute suspect,
,2021-06,Derbyshire Constabulary,Derbyshire Constabulary,-1.434313,52.935703,On or near Matlock Road,E01013513,Derby 006C,Anti-social behaviour,,
,2021-06,Derbyshire Constabulary,Derbyshire Constabulary,-1.434313,52.935703,On or near Matlock Road,E01013513,Derby 006C,Anti-social behaviour,,
20a70f23dfd41a437abe8e6835d497bda224cdf275d4468ffce348191cf1f7b3,2021-06,Derbyshire Constabulary,Derbyshire Constabulary,-1.431161,52.933234,On or near Willetts Road,E01013513,Derby 006C,Other theft,Investigation complete; no suspect identified,
9e121d00a16b1b4c5421c42b45535cb07ed3b431f2b9b6494c36accea925b729,2021-06,Derbyshire Constabulary,Derbyshire Constabulary,-1.434436,52.935407,On or near Hassop Road,E01013513,Derby 006C,Violence and sexual offences,Unable to prosecute suspect,
b7a5d99c0e3fea2c0b284d8344199a3b9e7ad5fc54652d9fde17bebb4c1183da,2021-06,Derbyshire Constabulary,Derbyshire Constabulary,-1.434264,52.937195,On or near Grindlow Road,E01013513,Derby 006C,Violence and sexual offences,Unable to prosecute suspect,
3fb2d34a8359ab0ee7740dfb15de1869b4ce1e8eb8d495807a0cb31657027031,2021-06,Derbyshire Constabulary,Derbyshire Constabulary,-1.434313,52.935703,On or near Matlock Road,E01013513,Derby 006C,Violence and sexual offences,Further investigation is not in the public interest,
0b8b7a57768896e46cc9bf5dea1ac9605d9d9c74e7827d6c3d3f88828c84c725,2021-06,Derbyshire Constabulary,Derbyshire Constabulary,-1.434631,52.936414,On or near Monyash Close,E01013513,Derby 006C,Violence and sexual offences,Unable to prosecute suspect,
0f8a59456e82377b877461e3410343fc9c2f0896daffb12a3603a9ac8fa0be69,2021-06,Derbyshire Constabulary,Derbyshire Constabulary,-1.434436,52.935407,On or near Hassop Road,E01013513,Derby 006C,Violence and sexual offences,Unable to prosecute suspect,
27ed1418fc60f09149ed6ab07bd64bec2907bc641587ab61c339d73e36fdb28e,2021-06,Derbyshire Constabulary,Derbyshire Constabulary,-1.437254,52.934926,On or near Buxton Road,E01013513,Derby 006C,Other crime,Further investigation is not in the public interest,
,2021-06,Derbyshire Constabulary,Derbyshire Constabulary,-1.441870,52.936970,On or near Greenwood Avenue,E01013534,Derby 006D,Anti-social behaviour,,
,2021-06,Derbyshire Constabulary,Derbyshire Constabulary,-1.443704,52.937860,On or near Ashover Road,E01013534,Derby 006D,Anti-social behaviour,,
,2021-06,Derbyshire Constabulary,Derbyshire Constabulary,-1.440373,52.936541,On or near Wollaton Road,E01013534,Derby 006D,Anti-social behaviour,,
,2021-06,Derbyshire Constabulary,Derbyshire Constabulary,-1.443321,52.937489,On or near Brailsford Road,E01013534,Derby 006D,Anti-social behaviour,,
c106b60435899e163d31b9d726624fc5c8b6c52726dfb49cf2b5f7d22c2048f2,2021-06,Derbyshire Constabulary,Derbyshire Constabulary,-1.443215,52.937705,On or near Ashover Close,E01013534,Derby 006D,Burglary,Investigation complete; no suspect identified,
3466ec17b332fea2651dcf32fb843c55c74b8a54bb39ace44e27e28af2127747,2021-06,Derbyshire Constabulary,Derbyshire Constabulary,-1.441270,52.935044,On or near Marjorie Road,E01013534,Derby 006D,Criminal damage and arson,Investigation complete; no suspect identified,
5f12c0f8f798d55e787b2becb62422c6bf783d9305a9dea6a8408856e637ecc4,2021-06,Derbyshire Constabulary,Derbyshire Constabulary,-1.439184,52.932975,On or near Chaddesden Park Road,E01013534,Derby 006D,Criminal damage and arson,Investigation complete; no suspect identified,
01bfe8d7936fea0c1926bff7924983ab03b6a64a8ca0083f300c1350ef6ff264,2021-06,Derbyshire Constabulary,Derbyshire Constabulary,-1.439674,52.933067,On or near Alison Close,E01013534,Derby 006D,Vehicle crime,Investigation complete; no suspect identified,
8a5ad4f15ed195c1c215ce031e6c272c9a18827a09ccfec1fa2729cd8c727dd1,2021-06,Derbyshire Constabulary,Derbyshire Constabulary,-1.440044,52.937806,On or near Mercaston Road,E01013534,Derby 006D,Violence and sexual offences,Status update unavailable,
7aaec87372c8a92ee844d3ef2041bb4cfb10cae99cda030855e1d505089144fd,2021-06,Derbyshire Constabulary,Derbyshire Constabulary,-1.443215,52.937705,On or near Ashover Close,E01013534,Derby 006D,Violence and sexual offences,Unable to prosecute suspect,
360781068dca49874bb082686eeee03f8e8935b5187fa482000491156dc6b79f,2021-06,Derbyshire Constabulary,Derbyshire Constabulary,-1.443704,52.937860,On or near Ashover Road,E01013534,Derby 006D,Violence and sexual offences,Unable to prosecute suspect,
9895368648d61c58231a2c87963e2c0e321deb45e39d4bc0ddeba1e71876b3ca,2021-06,Derbyshire Constabulary,Derbyshire Constabulary,-1.439674,52.933067,On or near Alison Close,E01013534,Derby 006D,Violence and sexual offences,Unable to prosecute suspect,
,2021-06,Derbyshire Constabulary,Derbyshire Constabulary,-1.433253,52.939410,On or near Broadstone Close,E01013582,Derby 006E,Anti-social behaviour,,
,2021-06,Derbyshire Constabulary,Derbyshire Constabulary,-1.434547,52.938302,On or near Fritchley Close,E01013582,Derby 006E,Anti-social behaviour,,
,2021-06,Derbyshire Constabulary,Derbyshire Constabulary,-1.434095,52.941041,On or near Anstey Court,E01013582,Derby 006E,Anti-social behaviour,,
,2021-06,Derbyshire Constabulary,Derbyshire Constabulary,-1.431370,52.938880,On or near Sandbach Close,E01013582,Derby 006E,Anti-social behaviour,,
,2021-06,Derbyshire Constabulary,Derbyshire Constabulary,-1.436977,52.937918,On or near Chelmorton Place,E01013582,Derby 006E,Anti-social behaviour,,
,2021-06,Derbyshire Constabulary,Derbyshire Constabulary,-1.436056,52.940107,On or near Wingfield Drive,E01013582,Derby 006E,Anti-social behaviour,,
54ab6d1afc3545d701f21437d5c7d6dbee2ab0ec9abbb167e0573339e006522b,2021-06,Derbyshire Constabulary,Derbyshire Constabulary,-1.436977,52.937918,On or near Chelmorton Place,E01013582,Derby 006E,Criminal damage and arson,Investigation complete; no suspect identified,
db5283a7f0c2fc8b54898c4cbbe27842d96735eae3000f5019400dfb45650ad3,2021-06,Derbyshire Constabulary,Derbyshire Constabulary,-1.434095,52.941041,On or near Anstey Court,E01013582,Derby 006E,Criminal damage and arson,Status update unavailable,
b09841148917c0ff41b03b62a6f41d9bfc2c43339f2b5571e49cce60836ef1d2,2021-06,Derbyshire Constabulary,Derbyshire Constabulary,-1.434095,52.941041,On or near Anstey Court,E01013582,Derby 006E,Criminal damage and arson,Investigation complete; no suspect identified,
e6ab34b8594a6c06e346f6d70990b059ff656a2c51d7e28040b6ebb307a9fc17,2021-06,Derbyshire Constabulary,Derbyshire Constabulary,-1.434095,52.941041,On or near Anstey Court,E01013582,Derby 006E,Criminal damage and arson,Investigation complete; no suspect identified,
2f24cfa28f8f264a60ba87fc6e5a69fe0d623791488f9343c6dbd6e94e79c636,2021-06,Derbyshire Constabulary,Derbyshire Constabulary,-1.434095,52.941041,On or near Anstey Court,E01013582,Derby 006E,Criminal damage and arson,Investigation complete; no suspect identified,
288383667ae4b35f7e237e48a2d584786a0372f9bcf337c932ef029866eaaecb,2021-06,Derbyshire Constabulary,Derbyshire Constabulary,-1.434095,52.941041,On or near Anstey Court,E01013582,Derby 006E,Criminal damage and arson,Investigation complete; no suspect identified,
a13f661ba6f10ccfdece3d965baed63120e8ca09d05a32a7defd3324ea782679,2021-06,Derbyshire Constabulary,Derbyshire Constabulary,-1.434547,52.938302,On or near Fritchley Close,E01013582,Derby 006E,Criminal damage and arson,Investigation complete; no suspect identified,
8472dfdcc14aaf7d688478ce69e6b0c3f510930e6588eba6de3719940feed5e6,2021-06,Derbyshire Constabulary,Derbyshire Constabulary,-1.434095,52.941041,On or near Anstey Court,E01013582,Derby 006E,Drugs,Status update unavailable,
3827c26581a1c4f6c6f0bd950403601f3b34e118084a1ebff7c6c26fb24926b4,2021-06,Derbyshire Constabulary,Derbyshire Constabulary,-1.430276,52.938371,On or near Gleadmoss Lane,E01013582,Derby 006E,Other theft,Status update unavailable,
f691b48602458a739b5357bd4b8e561d15fbdffbbb615b9edd9466888853bd1e,2021-06,Derbyshire Constabulary,Derbyshire Constabulary,-1.436056,52.940107,On or near Wingfield Drive,E01013582,Derby 006E,Violence and sexual offences,Awaiting court outcome,
83d36f0bf0081af986106cb13e98c4ba4e3baa88469bb14ad52466d1e0d461ec,2021-06,Derbyshire Constabulary,Derbyshire Constabulary,-1.433520,52.940643,On or near Thurlow Court,E01013582,Derby 006E,Violence and sexual offences,Unable to prosecute suspect,
b2ff364c080b3c208aa25480be0b27167c809e02cdab5e051a69d2b94c498eb0,2021-06,Derbyshire Constabulary,Derbyshire Constabulary,-1.434547,52.938302,On or near Fritchley Close,E01013582,Derby 006E,Violence and sexual offences,Unable to prosecute suspect,
9ce05c7448b260fcc9d65dfd959eade5eaf060b1c585f704dac66c21fa719a16,2021-06,Derbyshire Constabulary,Derbyshire Constabulary,-1.436056,52.940107,On or near Wingfield Drive,E01013582,Derby 006E,Violence and sexual offences,Status update unavailable,
8f5be3f518e812fe3939b4d528798e5539553ae66f9c921589911136bc4bfc03,2021-06,Derbyshire Constabulary,Derbyshire Constabulary,-1.436056,52.940107,On or near Wingfield Drive,E01013582,Derby 006E,Violence and sexual offences,Status update unavailable,
0881d54490be51f0e5c29f969176751ba1428b2e70397d470a3a8f1564cd00c0,2021-06,Derbyshire Constabulary,Derbyshire Constabulary,-1.436056,52.940107,On or near Wingfield Drive,E01013582,Derby 006E,Violence and sexual offences,Status update unavailable,
,2021-06,Derbyshire Constabulary,Derbyshire Constabulary,-1.450164,52.931777,On or near Selkirk Street,E01013533,Derby 007A,Anti-social behaviour,,
,2021-06,Derbyshire Constabulary,Derbyshire Constabulary,-1.450805,52.934045,On or near Supermarket,E01013533,Derby 007A,Anti-social behaviour,,
,2021-06,Derbyshire Constabulary,Derbyshire Constabulary,-1.452816,52.931448,On or near Hill Crest Road,E01013533,Derby 007A,Anti-social behaviour,,
,2021-06,Derbyshire Constabulary,Derbyshire Constabulary,-1.450164,52.931777,On or near Selkirk Street,E01013533,Derby 007A,Anti-social behaviour,,
,2021-06,Derbyshire Constabulary,Derbyshire Constabulary,-1.450164,52.931777,On or near Selkirk Street,E01013533,Derby 007A,Anti-social behaviour,,
,2021-06,Derbyshire Constabulary,Derbyshire Constabulary,-1.451848,52.933879,On or near Buckingham Avenue,E01013533,Derby 007A,Anti-social behaviour,,
,2021-06,Derbyshire Constabulary,Derbyshire Constabulary,-1.451069,52.933156,On or near Norwich Street,E01013533,Derby 007A,Anti-social behaviour,,
bb406651dca480cd0f798c7f9b250ec3cc7b994b939247de11f6d0a2ea470e9f,2021-06,Derbyshire Constabulary,Derbyshire Constabulary,-1.446740,52.934278,On or near Peterborough Street,E01013533,Derby 007A,Criminal damage and arson,Further investigation is not in the public interest,
79f2d8040360b3a0a40988946f30997c0c8f4496ef1e07f7681f4ed55b9380f0,2021-06,Derbyshire Constabulary,Derbyshire Constabulary,-1.452816,52.931448,On or near Hill Crest Road,E01013533,Derby 007A,Criminal damage and arson,Offender given a caution,
b911e3b74e4a66ef6f0bc17bfbd795d630901b8650d0a6d0e70a1b8cd6e2341a,2021-06,Derbyshire Constabulary,Derbyshire Constabulary,-1.451069,52.933156,On or near Norwich Street,E01013533,Derby 007A,Criminal damage and arson,Further investigation is not in the public interest,
486e01c42179234435b9cf7b6fb33709f285299e18a185c218812f8870d095f4,2021-06,Derbyshire Constabulary,Derbyshire Constabulary,-1.449430,52.934470,On or near Sussex Circus,E01013533,Derby 007A,Criminal damage and arson,Status update unavailable,
058e477927760b5e439f3ac0a7b59ff4ee8cff68f05f40d22a024be8cc168a24,2021-06,Derbyshire Constabulary,Derbyshire Constabulary,-1.451069,52.933156,On or near Norwich Street,E01013533,Derby 007A,Criminal damage and arson,Unable to prosecute suspect,
598da7f16266534bceb601465dd8e8b58fc57f8a34aabb43363ed106db696e9a,2021-06,Derbyshire Constabulary,Derbyshire Constabulary,-1.452816,52.931448,On or near Hill Crest Road,E01013533,Derby 007A,Other theft,Investigation complete; no suspect identified,
04ce807008b2f3a6de697c6cfff76a512432e15838f298603bf2f924fee26bd3,2021-06,Derbyshire Constabulary,Derbyshire Constabulary,-1.443644,52.934389,On or near Max Road,E01013533,Derby 007A,Possession of weapons,Awaiting court outcome,
0ab28c178e801a0fd9e3dd223b41899197d29edb72b6677249adad2128960e8e,2021-06,Derbyshire Constabulary,Derbyshire Constabulary,-1.449412,52.932385,On or near Lanark Street,E01013533,Derby 007A,Public order,Unable to prosecute suspect,
b3e51317f9667c30e8e269ff080f98d20cb003c69978bb1c092d073c15040b24,2021-06,Derbyshire Constabulary,Derbyshire Constabulary,-1.443644,52.934389,On or near Max Road,E01013533,Derby 007A,Public order,Awaiting court outcome,
3189987d3b6cc6f821d4c430a5db6cee3d06699fbec7f3dcdd0eb50fd06e7e6c,2021-06,Derbyshire Constabulary,Derbyshire Constabulary,-1.449412,52.932385,On or near Lanark Street,E01013533,Derby 007A,Public order,Awaiting court outcome,
f65d3b159ddaa2846beec6af1f9bfc86e6eaebe12c448b65251fe71bbd5993ad,2021-06,Derbyshire Constabulary,Derbyshire Constabulary,-1.449412,52.932385,On or near Lanark Street,E01013533,Derby 007A,Robbery,Investigation complete; no suspect identified,
6f4924162e176144a55bfb37e28e33f4234b7940cfa7558fd1ba8bdf6d2457be,2021-06,Derbyshire Constabulary,Derbyshire Constabulary,-1.450805,52.934045,On or near Supermarket,E01013533,Derby 007A,Shoplifting,Awaiting court outcome,
95832d74b748400e33b7eb84e260ab67ef973cede19e52bf08acb6c33ea0c64e,2021-06,Derbyshire Constabulary,Derbyshire Constabulary,-1.451993,52.934203,On or near Berkshire Street,E01013533,Derby 007A,Vehicle crime,Investigation complete; no suspect identified,
71d167da5b91b6ba68fb3d69fc92740d3a7784c16dc93d2ad8477d3df5113d05,2021-06,Derbyshire Constabulary,Derbyshire Constabulary,-1.452816,52.931448,On or near Hill Crest Road,E01013533,Derby 007A,Vehicle crime,Investigation complete; no suspect identified,
6567b01ce20f21abe45a4c877584cae2cde3486bbf5afc00b4f71ed95f11beff,2021-06,Derbyshire Constabulary,Derbyshire Constabulary,-1.446740,52.934278,On or near Peterborough Street,E01013533,Derby 007A,Violence and sexual offences,Further investigation is not in the public interest,
311bc2a8aa95a226c80f4f5255599ac1602d9958dcaaec6e01096feb2b2ff9ef,2021-06,Derbyshire Constabulary,Derbyshire Constabulary,-1.446740,52.934278,On or near Peterborough Street,E01013533,Derby 007A,Violence and sexual offences,Further investigation is not in the public interest,
8c818f775651a1487631e26976e567556c411687635dc23dc3c6e75e9436dac1,2021-06,Derbyshire Constabulary,Derbyshire Constabulary,-1.446740,52.934278,On or near Peterborough Street,E01013533,Derby 007A,Violence and sexual offences,Unable to prosecute suspect,
61af282ec188b54f2faf3d1bea2fa169f1bcfc48e6df6fd683b9ecccc2e5d749,2021-06,Derbyshire Constabulary,Derbyshire Constabulary,-1.449412,52.932385,On or near Lanark Street,E01013533,Derby 007A,Violence and sexual offences,Unable to prosecute suspect,
6b88c5a2ecb17086cb2d087b180cfadf3e9c75b273315e5f90348b05322c7a6e,2021-06,Derbyshire Constabulary,Derbyshire Constabulary,-1.449412,52.932385,On or near Lanark Street,E01013533,Derby 007A,Violence and sexual offences,Status update unavailable,
1549b12af965687a68b2ee3ed5aa5fafb4c7ffde2c3baaf392ae9cf6f5462308,2021-06,Derbyshire Constabulary,Derbyshire Constabulary,-1.450164,52.931777,On or near Selkirk Street,E01013533,Derby 007A,Violence and sexual offences,Unable to prosecute suspect,
d1d3b5c3ceaf7e40ca564df21450ee0988b23b7f121ee2d082fc26cf6be94d08,2021-06,Derbyshire Constabulary,Derbyshire Constabulary,-1.446923,52.933919,On or near Bangor Street,E01013533,Derby 007A,Violence and sexual offences,Unable to prosecute suspect,
314d03d63719e8340c555dab2d1f3b572abd12502ff8907f49f4c3e76fa083a8,2021-06,Derbyshire Constabulary,Derbyshire Constabulary,-1.449430,52.934470,On or near Sussex Circus,E01013533,Derby 007A,Violence and sexual offences,Unable to prosecute suspect,
ddcab5596b795c2c9b64eadda0efeeea8ea001c412001c68b17ea5a524241468,2021-06,Derbyshire Constabulary,Derbyshire Constabulary,-1.449412,52.932385,On or near Lanark Street,E01013533,Derby 007A,Violence and sexual offences,Unable to prosecute suspect,
52d11a9717683fbfd5e0d563ae0f2b2bb6a332f63a917206312663db7a20d0a4,2021-06,Derbyshire Constabulary,Derbyshire Constabulary,-1.446740,52.934278,On or near Peterborough Street,E01013533,Derby 007A,Violence and sexual offences,Further investigation is not in the public interest,
7b7ad376ad6492439b2c3380694a89d77b8dee6926c6b6d8dcddb720a19509b1,2021-06,Derbyshire Constabulary,Derbyshire Constabulary,-1.446740,52.934278,On or near Peterborough Street,E01013533,Derby 007A,Violence and sexual offences,Further investigation is not in the public interest,
acfbe3446f73272980c8e7ef840bebee8ea3885160e951da8378c6dc532262b5,2021-06,Derbyshire Constabulary,Derbyshire Constabulary,-1.446923,52.933919,On or near Bangor Street,E01013533,Derby 007A,Violence and sexual offences,Unable to prosecute suspect,
107ab5e7e53d9672b9ca37beca47ecad44b195870afb03dc14788210c05b4fc6,2021-06,Derbyshire Constabulary,Derbyshire Constabulary,-1.450805,52.934045,On or near Supermarket,E01013533,Derby 007A,Violence and sexual offences,Unable to prosecute suspect,
ed23d36138525479d3da608ab0f847278f9faaf0483e105769fb6b2870e41958,2021-06,Derbyshire Constabulary,Derbyshire Constabulary,-1.449412,52.932385,On or near Lanark Street,E01013533,Derby 007A,Violence and sexual offences,Unable to prosecute suspect,
a114517fa38b6e7cfc0a6f77d93c52a1b4e9d34c75c093c75b96edcd61c66076,2021-06,Derbyshire Constabulary,Derbyshire Constabulary,-1.446740,52.934278,On or near Peterborough Street,E01013533,Derby 007A,Violence and sexual offences,Unable to prosecute suspect,
92727f9dbd9fdf78fcc21da341e3125569a479b9de47205ad511498af0098a47,2021-06,Derbyshire Constabulary,Derbyshire Constabulary,-1.451993,52.934203,On or near Berkshire Street,E01013533,Derby 007A,Violence and sexual offences,Further investigation is not in the public interest,
1138625eef84ec04f10ecb8757e4d2c485c921b8a369c36afd7577ac597dd540,2021-06,Derbyshire Constabulary,Derbyshire Constabulary,-1.446740,52.934278,On or near Peterborough Street,E01013533,Derby 007A,Violence and sexual offences,Unable to prosecute suspect,
c059111d9c0fb74cd28ae3d3b835b16f512e885e93b1fe88296a4c525fbe3938,2021-06,Derbyshire Constabulary,Derbyshire Constabulary,-1.451848,52.933879,On or near Buckingham Avenue,E01013533,Derby 007A,Violence and sexual offences,Unable to prosecute suspect,
04f00dadef8380bb4e221c9cd6ecfefaf5b8e6e495586d04c74eb406988783a5,2021-06,Derbyshire Constabulary,Derbyshire Constabulary,-1.446740,52.934278,On or near Peterborough Street,E01013533,Derby 007A,Violence and sexual offences,Unable to prosecute suspect,
79fe3c366bb54f059204a4b23e078dc5710ada6fb452042518c0eb6e49d18c52,2021-06,Derbyshire Constabulary,Derbyshire Constabulary,-1.449430,52.934470,On or near Sussex Circus,E01013533,Derby 007A,Violence and sexual offences,Unable to prosecute suspect,
24fee684220752884dd45be8835e3159414459735c6ca2371f0142d949bf6f2e,2021-06,Derbyshire Constabulary,Derbyshire Constabulary,-1.446740,52.934278,On or near Peterborough Street,E01013533,Derby 007A,Violence and sexual offences,Further investigation is not in the public interest,
36b7402964daafbfce7e2434eb7a76a6d217acf26692447034da98fce8d07736,2021-06,Derbyshire Constabulary,Derbyshire Constabulary,-1.451848,52.933879,On or near Buckingham Avenue,E01013533,Derby 007A,Violence and sexual offences,Investigation complete; no suspect identified,
338435e21ff94f75b0e2eee6391d97ada2878e9b730e1d93be4bd3741323a528,2021-06,Derbyshire Constabulary,Derbyshire Constabulary,-1.446740,52.934278,On or near Peterborough Street,E01013533,Derby 007A,Violence and sexual offences,Further investigation is not in the public interest,
29f577cf9f43d7a85154bc70abe980ab954944260a5507c28041ba377034da40,2021-06,Derbyshire Constabulary,Derbyshire Constabulary,-1.449412,52.932385,On or near Lanark Street,E01013533,Derby 007A,Violence and sexual offences,Status update unavailable,
59820992bbfde7e2e5b632654e051498addab18b7e95ab5bc646b410fe9fb320,2021-06,Derbyshire Constabulary,Derbyshire Constabulary,-1.446740,52.934278,On or near Peterborough Street,E01013533,Derby 007A,Violence and sexual offences,Further investigation is not in the public interest,
290c4d1f0c708f7ae2ff02aabaac662b2ace057640949ebabe04942a15a430c4,2021-06,Derbyshire Constabulary,Derbyshire Constabulary,-1.446740,52.934278,On or near Peterborough Street,E01013533,Derby 007A,Violence and sexual offences,Further investigation is not in the public interest,
0b1ef911150fb8cab46f2f6b2b543885ab2c9a9f4a63467b8cf39e3e6494a54d,2021-06,Derbyshire Constabulary,Derbyshire Constabulary,-1.446740,52.934278,On or near Peterborough Street,E01013533,Derby 007A,Violence and sexual offences,Further investigation is not in the public interest,
60ac6cf0d4ec4bfca18b0b698fbe8a6236dcab454f51fac16b07de9611e22e9c,2021-06,Derbyshire Constabulary,Derbyshire Constabulary,-1.450805,52.934045,On or near Supermarket,E01013533,Derby 007A,Violence and sexual offences,Unable to prosecute suspect,
abb0df243539a3abe8173f80091dc0d5ce8a56c5f055aa6a761a08553de446c1,2021-06,Derbyshire Constabulary,Derbyshire Constabulary,-1.446740,52.934278,On or near Peterborough Street,E01013533,Derby 007A,Violence and sexual offences,Unable to prosecute suspect,
398dde29333212abc375ee622f099c78348e416d9c4bb0009de47adeb9e00b6a,2021-06,Derbyshire Constabulary,Derbyshire Constabulary,-1.450805,52.934045,On or near Supermarket,E01013533,Derby 007A,Violence and sexual offences,Local resolution,
a739ecd61a6ffdaa198a468bc7c56c403c97233b9b1b389491f0787646fd5304,2021-06,Derbyshire Constabulary,Derbyshire Constabulary,-1.449430,52.934470,On or near Sussex Circus,E01013533,Derby 007A,Violence and sexual offences,Unable to prosecute suspect,
5d7925bd7ea784809992c0ab72ef37c09bfefb68d16553e779d68ca1ca1ad6e7,2021-06,Derbyshire Constabulary,Derbyshire Constabulary,-1.451993,52.934203,On or near Berkshire Street,E01013533,Derby 007A,Other crime,Further investigation is not in the public interest,
,2021-06,Derbyshire Constabulary,Derbyshire Constabulary,-1.455519,52.929410,On or near Kent Street,E01013535,Derby 007B,Anti-social behaviour,,
,2021-06,Derbyshire Constabulary,Derbyshire Constabulary,-1.452683,52.934935,On or near Hereford Road,E01013535,Derby 007B,Anti-social behaviour,,
,2021-06,Derbyshire Constabulary,Derbyshire Constabulary,-1.454705,52.929110,On or near Kerry Street,E01013535,Derby 007B,Anti-social behaviour,,
,2021-06,Derbyshire Constabulary,Derbyshire Constabulary,-1.455748,52.931353,On or near Somerset Street,E01013535,Derby 007B,Anti-social behaviour,,
,2021-06,Derbyshire Constabulary,Derbyshire Constabulary,-1.454705,52.929110,On or near Kerry Street,E01013535,Derby 007B,Anti-social behaviour,,
,2021-06,Derbyshire Constabulary,Derbyshire Constabulary,-1.452683,52.934935,On or near Hereford Road,E01013535,Derby 007B,Anti-social behaviour,,
,2021-06,Derbyshire Constabulary,Derbyshire Constabulary,-1.452683,52.934935,On or near Hereford Road,E01013535,Derby 007B,Anti-social behaviour,,
,2021-06,Derbyshire Constabulary,Derbyshire Constabulary,-1.455856,52.928675,On or near Dorset Street,E01013535,Derby 007B,Anti-social behaviour,,
,2021-06,Derbyshire Constabulary,Derbyshire Constabulary,-1.456543,52.930799,On or near Beaufort Street,E01013535,Derby 007B,Anti-social behaviour,,
,2021-06,Derbyshire Constabulary,Derbyshire Constabulary,-1.453982,52.931030,On or near Cardigan Street,E01013535,Derby 007B,Anti-social behaviour,,
,2021-06,Derbyshire Constabulary,Derbyshire Constabulary,-1.454331,52.931661,On or near Cowsley Road,E01013535,Derby 007B,Anti-social behaviour,,
97386af657fd1e97efd64599d3937c6ae84309e915da6112980dce7883fd1e40,2021-06,Derbyshire Constabulary,Derbyshire Constabulary,-1.454331,52.931661,On or near Cowsley Road,E01013535,Derby 007B,Criminal damage and arson,Investigation complete; no suspect identified,
9469003106a4d5f104f266a4b599cfbea50f45543fe51538c918a1f97dc568b6,2021-06,Derbyshire Constabulary,Derbyshire Constabulary,-1.455748,52.931353,On or near Somerset Street,E01013535,Derby 007B,Criminal damage and arson,Unable to prosecute suspect,
610c3622a3ba6d650a8b93213fee38405c0e161e06dfa25ce87f8fc360546d3d,2021-06,Derbyshire Constabulary,Derbyshire Constabulary,-1.455856,52.928675,On or near Dorset Street,E01013535,Derby 007B,Drugs,Awaiting court outcome,
2f2b9d4b1d43e820e3f9f40ccea8598fb60b88e936cba3cd3650ddd418828812,2021-06,Derbyshire Constabulary,Derbyshire Constabulary,-1.455856,52.928675,On or near Dorset Street,E01013535,Derby 007B,Drugs,Offender given penalty notice,
07f94dbf362533cba8316f5efd420fdd210ac951e151879a85fc67e1e772ba3f,2021-06,Derbyshire Constabulary,Derbyshire Constabulary,-1.455748,52.931353,On or near Somerset Street,E01013535,Derby 007B,Other theft,Investigation complete; no suspect identified,
93151a36c03524f31742cee6a2efe908cbbf358320c250b9e90298366536ddb6,2021-06,Derbyshire Constabulary,Derbyshire Constabulary,-1.455748,52.931353,On or near Somerset Street,E01013535,Derby 007B,Public order,Unable to prosecute suspect,
78c3caff791c303b2a5770536b2580fc8615d68ec99ebb1767e59a714fb45407,2021-06,Derbyshire Constabulary,Derbyshire Constabulary,-1.456543,52.930799,On or near Beaufort Street,E01013535,Derby 007B,Public order,Unable to prosecute suspect,
fdfceb72dbc9363f4ef88e135bad9f572ecc54cf4eba38f03b7a450327c3b1e9,2021-06,Derbyshire Constabulary,Derbyshire Constabulary,-1.456543,52.930799,On or near Beaufort Street,E01013535,Derby 007B,Public order,Awaiting court outcome,
8ef00868f50b4c1f6a1a3adc6df73d9f6da2468ea5dafb0439ad861c5a24158e,2021-06,Derbyshire Constabulary,Derbyshire Constabulary,-1.455748,52.931353,On or near Somerset Street,E01013535,Derby 007B,Public order,Unable to prosecute suspect,
92cb5f589bf1c3c7f70f6cece4a9906e38cc362150d4617077d652cf5f7e929f,2021-06,Derbyshire Constabulary,Derbyshire Constabulary,-1.455519,52.929410,On or near Kent Street,E01013535,Derby 007B,Public order,Unable to prosecute suspect,
6558b34f2e592cbe5974fbb4bcd142439533f674e1c277c66756015dec36f58c,2021-06,Derbyshire Constabulary,Derbyshire Constabulary,-1.453982,52.931030,On or near Cardigan Street,E01013535,Derby 007B,Vehicle crime,Investigation complete; no suspect identified,
d698f82d1a1288f58bd9656f47767a8aa49def3182985239eaa78f232c3f1057,2021-06,Derbyshire Constabulary,Derbyshire Constabulary,-1.453982,52.931030,On or near Cardigan Street,E01013535,Derby 007B,Violence and sexual offences,Unable to prosecute suspect,
5bed307400f643e6a191bf874e1b4d033e3f760a64fccf2a76503cc5a7531b6f,2021-06,Derbyshire Constabulary,Derbyshire Constabulary,-1.454705,52.929110,On or near Kerry Street,E01013535,Derby 007B,Violence and sexual offences,Unable to prosecute suspect,
4ea7552c061c2dbba5336a37f645a7976184a8c8fc924d9e98566b7f947ff79d,2021-06,Derbyshire Constabulary,Derbyshire Constabulary,-1.455748,52.931353,On or near Somerset Street,E01013535,Derby 007B,Violence and sexual offences,Unable to prosecute suspect,
c1461f725c27074f93cf82ed10541c30ad07073f157d64ee99640525c3f917ce,2021-06,Derbyshire Constabulary,Derbyshire Constabulary,-1.456543,52.930799,On or near Beaufort Street,E01013535,Derby 007B,Violence and sexual offences,Unable to prosecute suspect,
609d3ce16245b7f89dd1459e292d4e88ca13143d47af04afbcea2549cd3df143,2021-06,Derbyshire Constabulary,Derbyshire Constabulary,-1.455519,52.929410,On or near Kent Street,E01013535,Derby 007B,Violence and sexual offences,Unable to prosecute suspect,
b1d0b18d7f2f80fa19b1eadc13a163d95942385cd1502daa1b29d5990341161b,2021-06,Derbyshire Constabulary,Derbyshire Constabulary,-1.455748,52.931353,On or near Somerset Street,E01013535,Derby 007B,Violence and sexual offences,Unable to prosecute suspect,
6ce584e0c1e0b8b223ae4c8ad8ef0a7bbced22490bdf43870d2e75f346c0295e,2021-06,Derbyshire Constabulary,Derbyshire Constabulary,-1.456543,52.930799,On or near Beaufort Street,E01013535,Derby 007B,Violence and sexual offences,Unable to prosecute suspect,
e259fe71a47679e6d17c9f91fe24c49b30f0e7d528841aac5f32a83a33cd88d4,2021-06,Derbyshire Constabulary,Derbyshire Constabulary,-1.456543,52.930799,On or near Beaufort Street,E01013535,Derby 007B,Violence and sexual offences,Awaiting court outcome,
af290d7bd87c0e332ac4b1b81eed8e20d6724de1d0312510129f28a379b78ade,2021-06,Derbyshire Constabulary,Derbyshire Constabulary,-1.455856,52.928675,On or near Dorset Street,E01013535,Derby 007B,Violence and sexual offences,Investigation complete; no suspect identified,
7a7f9a73dac247d3b9b37874f0e42ff5e8e89d2977bd3cb00be66feb4132b818,2021-06,Derbyshire Constabulary,Derbyshire Constabulary,-1.456543,52.930799,On or near Beaufort Street,E01013535,Derby 007B,Violence and sexual offences,Unable to prosecute suspect,
2954e7f4c62d721a2850042bd8d9c13bc63fd1ce1fef1448dc16c2f6ee44bdc3,2021-06,Derbyshire Constabulary,Derbyshire Constabulary,-1.454331,52.931661,On or near Cowsley Road,E01013535,Derby 007B,Violence and sexual offences,Unable to prosecute suspect,
539f0ff4488375c26b69ee38b9c96c3a98699821148886e642fdef77eed708e0,2021-06,Derbyshire Constabulary,Derbyshire Constabulary,-1.454705,52.929110,On or near Kerry Street,E01013535,Derby 007B,Violence and sexual offences,Unable to prosecute suspect,
71020463b37b6054615991f95dc7d7abc8e9a383eff74df9a5d91c74560856c4,2021-06,Derbyshire Constabulary,Derbyshire Constabulary,-1.455519,52.929410,On or near Kent Street,E01013535,Derby 007B,Violence and sexual offences,Status update unavailable,
d1d3b5c3ceaf7e40ca564df21450ee0988b23b7f121ee2d082fc26cf6be94d08,2021-06,Derbyshire Constabulary,Derbyshire Constabulary,-1.454331,52.931661,On or near Cowsley Road,E01013535,Derby 007B,Violence and sexual offences,Status update unavailable,
863520fa41e3308b0840bbce36afee35e0ff5c108335c485a1fed38454863d4c,2021-06,Derbyshire Constabulary,Derbyshire Constabulary,-1.455856,52.928675,On or near Dorset Street,E01013535,Derby 007B,Violence and sexual offences,Investigation complete; no suspect identified,
d3ac98435b55a3dfab51471f6a295e4521d5c7c55e5a9986ce4fe718493f7533,2021-06,Derbyshire Constabulary,Derbyshire Constabulary,-1.456543,52.930799,On or near Beaufort Street,E01013535,Derby 007B,Violence and sexual offences,Unable to prosecute suspect,
f74d8febbcc2ba93cc348758e141f33514f2e3b8e3302ca561a103dd09882a1b,2021-06,Derbyshire Constabulary,Derbyshire Constabulary,-1.455856,52.928675,On or near Dorset Street,E01013535,Derby 007B,Violence and sexual offences,Investigation complete; no suspect identified,
9f0a9612427b9a3f72a2dc87438b664321d38a998e4af48fe359095c22b9baaf,2021-06,Derbyshire Constabulary,Derbyshire Constabulary,-1.454705,52.929110,On or near Kerry Street,E01013535,Derby 007B,Violence and sexual offences,Unable to prosecute suspect,
6d364d7a7aedcb597f0b9cef2302f6201c602089537164f6452038fe846709a7,2021-06,Derbyshire Constabulary,Derbyshire Constabulary,-1.452683,52.934935,On or near Hereford Road,E01013535,Derby 007B,Violence and sexual offences,Unable to prosecute suspect,
033f4ba10fbb6b0a21dbd9c71216cd698bdc7d76f12c8d6fe309052c2c18d44f,2021-06,Derbyshire Constabulary,Derbyshire Constabulary,-1.455748,52.931353,On or near Somerset Street,E01013535,Derby 007B,Violence and sexual offences,Unable to prosecute suspect,
becca5ded19cc7023dbbfd97f2b94e55ad7685a8e9072faef2ecd587971129c3,2021-06,Derbyshire Constabulary,Derbyshire Constabulary,-1.454705,52.929110,On or near Kerry Street,E01013535,Derby 007B,Violence and sexual offences,Status update unavailable,
dece49c0bc7b6364bbff8974e346edcc6303d8a954ed1931c312d464342cef53,2021-06,Derbyshire Constabulary,Derbyshire Constabulary,-1.454705,52.929110,On or near Kerry Street,E01013535,Derby 007B,Violence and sexual offences,Status update unavailable,
03aa2753c19199007b32dba18cd92ee8c175cca7001a8073d6df607f1b131e2a,2021-06,Derbyshire Constabulary,Derbyshire Constabulary,-1.455748,52.931353,On or near Somerset Street,E01013535,Derby 007B,Violence and sexual offences,Unable to prosecute suspect,
af73971d9dd9848310942587daebd0a4b4cb0956087e4912e85dc8adb8493d5f,2021-06,Derbyshire Constabulary,Derbyshire Constabulary,-1.455856,52.928675,On or near Dorset Street,E01013535,Derby 007B,Violence and sexual offences,Investigation complete; no suspect identified,
03ff714d05bd1492b4a55d9cd535274f20d8061004819b1412ed5cef3ded1e67,2021-06,Derbyshire Constabulary,Derbyshire Constabulary,-1.454705,52.929110,On or near Kerry Street,E01013535,Derby 007B,Other crime,Unable to prosecute suspect,
8779bd30d384637356093f27afdea350938d1e856c00bb0e50a39c1973f19491,2021-06,Derbyshire Constabulary,Derbyshire Constabulary,-1.456543,52.930799,On or near Beaufort Street,E01013535,Derby 007B,Other crime,Unable to prosecute suspect,
,2021-06,Derbyshire Constabulary,Derbyshire Constabulary,-1.457911,52.932064,On or near Nairn Avenue,E01013536,Derby 007C,Anti-social behaviour,,
,2021-06,Derbyshire Constabulary,Derbyshire Constabulary,-1.458683,52.931025,On or near Berwick Avenue,E01013536,Derby 007C,Anti-social behaviour,,
,2021-06,Derbyshire Constabulary,Derbyshire Constabulary,-1.458683,52.931025,On or near Berwick Avenue,E01013536,Derby 007C,Anti-social behaviour,,
,2021-06,Derbyshire Constabulary,Derbyshire Constabulary,-1.464251,52.924641,On or near Eastgate,E01013536,Derby 007C,Anti-social behaviour,,
,2021-06,Derbyshire Constabulary,Derbyshire Constabulary,-1.464474,52.922269,On or near Dunton Close,E01013536,Derby 007C,Anti-social behaviour,,
,2021-06,Derbyshire Constabulary,Derbyshire Constabulary,-1.458093,52.928200,On or near St Mark'S Road,E01013536,Derby 007C,Anti-social behaviour,,
,2021-06,Derbyshire Constabulary,Derbyshire Constabulary,-1.456610,52.936211,On or near Ramsdean Close,E01013536,Derby 007C,Anti-social behaviour,,
,2021-06,Derbyshire Constabulary,Derbyshire Constabulary,-1.455549,52.934157,On or near Anglesey Street,E01013536,Derby 007C,Anti-social behaviour,,
,2021-06,Derbyshire Constabulary,Derbyshire Constabulary,-1.456610,52.936211,On or near Ramsdean Close,E01013536,Derby 007C,Anti-social behaviour,,
,2021-06,Derbyshire Constabulary,Derbyshire Constabulary,-1.458683,52.931025,On or near Berwick Avenue,E01013536,Derby 007C,Anti-social behaviour,,
,2021-06,Derbyshire Constabulary,Derbyshire Constabulary,-1.464251,52.924641,On or near Eastgate,E01013536,Derby 007C,Anti-social behaviour,,
,2021-06,Derbyshire Constabulary,Derbyshire Constabulary,-1.464251,52.924641,On or near Eastgate,E01013536,Derby 007C,Anti-social behaviour,,
,2021-06,Derbyshire Constabulary,Derbyshire Constabulary,-1.458683,52.931025,On or near Berwick Avenue,E01013536,Derby 007C,Anti-social behaviour,,
e14b3ac16b68b8555856493dff940c0a4611b5ece84c921aa728ccb7823be098,2021-06,Derbyshire Constabulary,Derbyshire Constabulary,-1.458683,52.931025,On or near Berwick Avenue,E01013536,Derby 007C,Burglary,Awaiting court outcome,
91dd783683136a6396d2a6f1ad2eaeb3c1b7c1f6ab90f63e8feb3d71c449d3a0,2021-06,Derbyshire Constabulary,Derbyshire Constabulary,-1.464474,52.922269,On or near Dunton Close,E01013536,Derby 007C,Criminal damage and arson,Investigation complete; no suspect identified,
c69dc08b756f9b84af1f7315fcbf22d29913c61f688ab96e9ab2a466753025d5,2021-06,Derbyshire Constabulary,Derbyshire Constabulary,-1.456820,52.933650,On or near Pembroke Street,E01013536,Derby 007C,Criminal damage and arson,Investigation complete; no suspect identified,
2c5aab6ba882b4e05054019d2d4420ff8e8180950be283f7bcf6a8a15ee8c9da,2021-06,Derbyshire Constabulary,Derbyshire Constabulary,-1.456610,52.936211,On or near Ramsdean Close,E01013536,Derby 007C,Criminal damage and arson,Unable to prosecute suspect,
8a802f63d76f943ee196306d8a5abb6c07da2dc48c6121552982ae0e0e9309e6,2021-06,Derbyshire Constabulary,Derbyshire Constabulary,-1.463999,52.923390,On or near Cranmer Road,E01013536,Derby 007C,Other theft,Unable to prosecute suspect,
4d2b3656973355aa34334d975f25db9d90924e3a8470bcb887127b0480b335c1,2021-06,Derbyshire Constabulary,Derbyshire Constabulary,-1.457634,52.929276,On or near Lothian Place,E01013536,Derby 007C,Public order,Unable to prosecute suspect,
ecc3a5656aed7e551b63226d74b26e2926193c23fdc48e302f51bd269de55412,2021-06,Derbyshire Constabulary,Derbyshire Constabulary,-1.459011,52.926172,On or near Huntingdon Green,E01013536,Derby 007C,Public order,Awaiting court outcome,
1bfa5491345af47d1913811cec0f2bf5e222e0d6bdc3e8999f916d760bcedb6b,2021-06,Derbyshire Constabulary,Derbyshire Constabulary,-1.459011,52.926172,On or near Huntingdon Green,E01013536,Derby 007C,Public order,Further investigation is not in the public interest,
95c10ce2e56dc94211e5f7d4dabc13c8843151ad1f7d20723b25e1db10843e24,2021-06,Derbyshire Constabulary,Derbyshire Constabulary,-1.457911,52.932064,On or near Nairn Avenue,E01013536,Derby 007C,Public order,Unable to prosecute suspect,
68478ded646df9ffd0fd1a58b715280f18008f014f729890570618010a87ef70,2021-06,Derbyshire Constabulary,Derbyshire Constabulary,-1.464251,52.924641,On or near Eastgate,E01013536,Derby 007C,Vehicle crime,Investigation complete; no suspect identified,
b843b59753912787b9d44215dd7f9ea5f0bb4e67d12c37413f006629df93abb0,2021-06,Derbyshire Constabulary,Derbyshire Constabulary,-1.456227,52.933468,On or near Radnor Street,E01013536,Derby 007C,Violence and sexual offences,Unable to prosecute suspect,
d7d0d91796a0d364fce242a66f82a45fcca1abed84a19067a7fb844674085602,2021-06,Derbyshire Constabulary,Derbyshire Constabulary,-1.455549,52.934157,On or near Anglesey Street,E01013536,Derby 007C,Violence and sexual offences,Unable to prosecute suspect,
28d2b121be7ddd56cd713591a3526d12a190d8401c858e50f2622e987c8a98b3,2021-06,Derbyshire Constabulary,Derbyshire Constabulary,-1.456610,52.936211,On or near Ramsdean Close,E01013536,Derby 007C,Violence and sexual offences,Unable to prosecute suspect,
cdbbb3233feacfd76352a4407f670eb39e2e44c226d8474a716cc911c28baffe,2021-06,Derbyshire Constabulary,Derbyshire Constabulary,-1.458093,52.928200,On or near St Mark'S Road,E01013536,Derby 007C,Violence and sexual offences,Unable to prosecute suspect,
d55e363a8e77c9d6e36a9ae2844df53d0c25e05634de5e1fa545ada3da162c09,2021-06,Derbyshire Constabulary,Derbyshire Constabulary,-1.456610,52.936211,On or near Ramsdean Close,E01013536,Derby 007C,Violence and sexual offences,Unable to prosecute suspect,
7520aa1ea4d4d56cf1ee920ce3ef13e262438b329a8eaf8f37a23e2942966384,2021-06,Derbyshire Constabulary,Derbyshire Constabulary,-1.464251,52.924641,On or near Eastgate,E01013536,Derby 007C,Violence and sexual offences,Status update unavailable,
a273d550b1a010800a9a598d93f52eff839b309bdb4e0945ab3c5c655311cdb1,2021-06,Derbyshire Constabulary,Derbyshire Constabulary,-1.455549,52.934157,On or near Anglesey Street,E01013536,Derby 007C,Violence and sexual offences,Unable to prosecute suspect,
ae846c41ce96cab680d109539d82b99a8b35e1412f182101eb405d6d7175b774,2021-06,Derbyshire Constabulary,Derbyshire Constabulary,-1.458683,52.931025,On or near Berwick Avenue,E01013536,Derby 007C,Violence and sexual offences,Unable to prosecute suspect,
70071ca8043598e69adac3bff3858072c462a30b6f14240bd2e9d2c363e94b91,2021-06,Derbyshire Constabulary,Derbyshire Constabulary,-1.458093,52.928200,On or near St Mark'S Road,E01013536,Derby 007C,Violence and sexual offences,Unable to prosecute suspect,
2954e7f4c62d721a2850042bd8d9c13bc63fd1ce1fef1448dc16c2f6ee44bdc3,2021-06,Derbyshire Constabulary,Derbyshire Constabulary,-1.455549,52.934157,On or near Anglesey Street,E01013536,Derby 007C,Violence and sexual offences,Status update unavailable,
45e6fa14e25a21b9e8d8fd3520fd8929b743fb9931c9629ea4fd8b6d75685431,2021-06,Derbyshire Constabulary,Derbyshire Constabulary,-1.458683,52.931025,On or near Berwick Avenue,E01013536,Derby 007C,Violence and sexual offences,Unable to prosecute suspect,
27d0373b3ba037bb1f17a0c27367ed2a3ec81f1024e1ca653a78be2bbd8c5528,2021-06,Derbyshire Constabulary,Derbyshire Constabulary,-1.456610,52.936211,On or near Ramsdean Close,E01013536,Derby 007C,Violence and sexual offences,Unable to prosecute suspect,
52f6a1bf0b993440f1a511fc3eebfcf975ae21bcffe75aa4d048d05acee6c415,2021-06,Derbyshire Constabulary,Derbyshire Constabulary,-1.456820,52.933650,On or near Pembroke Street,E01013536,Derby 007C,Violence and sexual offences,Unable to prosecute suspect,
bb7de87e76c7a991f7d3f363dd46d94e3b4b0dbbe05f2cbff862e0287399cbef,2021-06,Derbyshire Constabulary,Derbyshire Constabulary,-1.456820,52.933650,On or near Pembroke Street,E01013536,Derby 007C,Violence and sexual offences,Unable to prosecute suspect,
5f308bf145f1293b5bbaddedfb188785ee6b96ae378d1f68dcc5eefaea2e383f,2021-06,Derbyshire Constabulary,Derbyshire Constabulary,-1.458683,52.931025,On or near Berwick Avenue,E01013536,Derby 007C,Violence and sexual offences,Unable to prosecute suspect,
1741a7853240d073303c771a994b4d3bffa112e275794a819941ef514bc9df76,2021-06,Derbyshire Constabulary,Derbyshire Constabulary,-1.455549,52.934157,On or near Anglesey Street,E01013536,Derby 007C,Violence and sexual offences,Further investigation is not in the public interest,
fb61f22ac9bdd0615bb99a03988d2dfc5a2b7ede0b8edafe40a08d732695ffc7,2021-06,Derbyshire Constabulary,Derbyshire Constabulary,-1.464251,52.924641,On or near Eastgate,E01013536,Derby 007C,Violence and sexual offences,Investigation complete; no suspect identified,
b90a4098ca2c7cf2853b6d0074cc863ac9ceed64fcbed1c2f36633dacec473ed,2021-06,Derbyshire Constabulary,Derbyshire Constabulary,-1.457911,52.932064,On or near Nairn Avenue,E01013536,Derby 007C,Violence and sexual offences,Unable to prosecute suspect,
20b9429b651e9d5794c17e02d8446531c99804d2d27283206ad820d6c1431b99,2021-06,Derbyshire Constabulary,Derbyshire Constabulary,-1.456820,52.933650,On or near Pembroke Street,E01013536,Derby 007C,Violence and sexual offences,Unable to prosecute suspect,
eca454d5e4ba15e74382321ee62a2e54d96d4f9b70d542e7745030fc191cea47,2021-06,Derbyshire Constabulary,Derbyshire Constabulary,-1.458093,52.928200,On or near St Mark'S Road,E01013536,Derby 007C,Violence and sexual offences,Unable to prosecute suspect,
15b7da24aac21d5aba3af1ef11623341c81e33564e043ed05f929a059240c2ed,2021-06,Derbyshire Constabulary,Derbyshire Constabulary,-1.459419,52.932862,On or near Shetland Close,E01013536,Derby 007C,Violence and sexual offences,Investigation complete; no suspect identified,
746ea0d02d3519f3ab3c95dd6ca8aac66d6e694e89ecf9e491a97fb463de034d,2021-06,Derbyshire Constabulary,Derbyshire Constabulary,-1.456227,52.933468,On or near Radnor Street,E01013536,Derby 007C,Violence and sexual offences,Unable to prosecute suspect,
0ccd580ab179a6338855361892479ce9c02e848c0fce00a2a99c49ae6c958de7,2021-06,Derbyshire Constabulary,Derbyshire Constabulary,-1.457911,52.932064,On or near Nairn Avenue,E01013536,Derby 007C,Violence and sexual offences,Investigation complete; no suspect identified,
d944456d9dc8cc524cf39d678c7b0b0bf811634417350b6bb5b3e518cd7c1e5d,2021-06,Derbyshire Constabulary,Derbyshire Constabulary,-1.458683,52.931025,On or near Berwick Avenue,E01013536,Derby 007C,Violence and sexual offences,Unable to prosecute suspect,
086ef6493a0731c1a2d4e255fe310eb6b0dc8ea5dee45e780dc8424ec1ceddac,2021-06,Derbyshire Constabulary,Derbyshire Constabulary,-1.455549,52.934157,On or near Anglesey Street,E01013536,Derby 007C,Violence and sexual offences,Unable to prosecute suspect,
,2021-06,Derbyshire Constabulary,Derbyshire Constabulary,-1.443666,52.933832,On or near Liverpool Street,E01013537,Derby 007D,Anti-social behaviour,,
,2021-06,Derbyshire Constabulary,Derbyshire Constabulary,-1.445430,52.933130,On or near Renfrew Street,E01013537,Derby 007D,Anti-social behaviour,,
,2021-06,Derbyshire Constabulary,Derbyshire Constabulary,-1.443666,52.933832,On or near Liverpool Street,E01013537,Derby 007D,Anti-social behaviour,,
,2021-06,Derbyshire Constabulary,Derbyshire Constabulary,-1.443666,52.933832,On or near Liverpool Street,E01013537,Derby 007D,Anti-social behaviour,,
,2021-06,Derbyshire Constabulary,Derbyshire Constabulary,-1.447280,52.929255,On or near Shropshire Avenue,E01013537,Derby 007D,Anti-social behaviour,,
,2021-06,Derbyshire Constabulary,Derbyshire Constabulary,-1.445430,52.933130,On or near Renfrew Street,E01013537,Derby 007D,Anti-social behaviour,,
3a37e722b5949e25a40cac20a5e517f2387d1c62ec95bb9cd6f13dfb5f008461,2021-06,Derbyshire Constabulary,Derbyshire Constabulary,-1.446656,52.931500,On or near Hollington Close,E01013537,Derby 007D,Burglary,Investigation complete; no suspect identified,
676103a7e2c4f45ec7f016a80fb361088eab19d30a37c8a4c714cdd3e3d1f708,2021-06,Derbyshire Constabulary,Derbyshire Constabulary,-1.451671,52.929069,On or near Devon Close,E01013537,Derby 007D,Criminal damage and arson,Investigation complete; no suspect identified,
fbcc5b3f32f4758e68a993ece0929f19f5c2ac16bcb7d4b92e1fc1f3d1bef2d0,2021-06,Derbyshire Constabulary,Derbyshire Constabulary,-1.446656,52.931500,On or near Hollington Close,E01013537,Derby 007D,Criminal damage and arson,Status update unavailable,
5cd739862c56729d3ac1362b0879f407304506a567bf38682200425d94290cdf,2021-06,Derbyshire Constabulary,Derbyshire Constabulary,-1.446656,52.931500,On or near Hollington Close,E01013537,Derby 007D,Criminal damage and arson,Further investigation is not in the public interest,
9d6094543e1c3b719818f7d5851994cd380624020c548ec0c906c2733839e059,2021-06,Derbyshire Constabulary,Derbyshire Constabulary,-1.443666,52.933832,On or near Liverpool Street,E01013537,Derby 007D,Possession of weapons,Formal action is not in the public interest,
5a445203e6c472cb522367a8eadb52e123ea542890f61e9c91e807a5b26080d6,2021-06,Derbyshire Constabulary,Derbyshire Constabulary,-1.443666,52.933832,On or near Liverpool Street,E01013537,Derby 007D,Public order,Investigation complete; no suspect identified,
520ded16ee3169d3322af6f9eee4020b53c646acdf601e27b3659f124b872b95,2021-06,Derbyshire Constabulary,Derbyshire Constabulary,-1.446656,52.931500,On or near Hollington Close,E01013537,Derby 007D,Public order,Unable to prosecute suspect,
59ca249ee75c2e9ae3efb867556a5eb20db81526e4bee70d7935e9fc891e1783,2021-06,Derbyshire Constabulary,Derbyshire Constabulary,-1.446560,52.929684,On or near Suffolk Avenue,E01013537,Derby 007D,Vehicle crime,Unable to prosecute suspect,
323a596fe7a2024e8063c52a78ca49cd332f66ef6995af9bd8fbd04dc86b7964,2021-06,Derbyshire Constabulary,Derbyshire Constabulary,-1.445808,52.928053,On or near Durham Avenue,E01013537,Derby 007D,Violence and sexual offences,Investigation complete; no suspect identified,
41f00c980b6590fb93cdcd879eb18cbe59334af1de45aace0c8a4f7316d250d9,2021-06,Derbyshire Constabulary,Derbyshire Constabulary,-1.446656,52.931500,On or near Hollington Close,E01013537,Derby 007D,Violence and sexual offences,Unable to prosecute suspect,
e979de95489f7c876d8df3b84aacaee4c543ea0b142cba473a074e801208f8c0,2021-06,Derbyshire Constabulary,Derbyshire Constabulary,-1.451671,52.929069,On or near Devon Close,E01013537,Derby 007D,Violence and sexual offences,Unable to prosecute suspect,
f8305a9516021dbecfcaf722b4902714460d6e16824875c547d01c4d8e96536f,2021-06,Derbyshire Constabulary,Derbyshire Constabulary,-1.446656,52.931500,On or near Hollington Close,E01013537,Derby 007D,Violence and sexual offences,Unable to prosecute suspect,
80124769b3b9927be82b54ec89d25d93c0d60ce2e5099c5bda1217fb4bfaf067,2021-06,Derbyshire Constabulary,Derbyshire Constabulary,-1.445430,52.933130,On or near Renfrew Street,E01013537,Derby 007D,Violence and sexual offences,Unable to prosecute suspect,
802d6c71962c078dc16810e0f79ab9d952f55b599a3d8eeb646b4cd397b1d831,2021-06,Derbyshire Constabulary,Derbyshire Constabulary,-1.445430,52.933130,On or near Renfrew Street,E01013537,Derby 007D,Violence and sexual offences,Unable to prosecute suspect,
da67d4b738e62adae932d0112e78c92f3925956a2afabddd47b275dd19b609a1,2021-06,Derbyshire Constabulary,Derbyshire Constabulary,-1.443666,52.933832,On or near Liverpool Street,E01013537,Derby 007D,Violence and sexual offences,Unable to prosecute suspect,
,2021-06,Derbyshire Constabulary,Derbyshire Constabulary,-1.442636,52.922492,On or near Highfield Lane,E01013538,Derby 007E,Anti-social behaviour,,
,2021-06,Derbyshire Constabulary,Derbyshire Constabulary,-1.450314,52.926995,On or near Lindsey Close,E01013538,Derby 007E,Anti-social behaviour,,
,2021-06,Derbyshire Constabulary,Derbyshire Constabulary,-1.451188,52.921381,On or near Downing Road,E01013538,Derby 007E,Anti-social behaviour,,
,2021-06,Derbyshire Constabulary,Derbyshire Constabulary,-1.459175,52.923791,On or near Chartwell Drive,E01013538,Derby 007E,Anti-social behaviour,,
,2021-06,Derbyshire Constabulary,Derbyshire Constabulary,-1.461227,52.927405,On or near Sports/Recreation Area,E01013538,Derby 007E,Anti-social behaviour,,
,2021-06,Derbyshire Constabulary,Derbyshire Constabulary,-1.459175,52.923791,On or near Chartwell Drive,E01013538,Derby 007E,Anti-social behaviour,,
,2021-06,Derbyshire Constabulary,Derbyshire Constabulary,-1.448695,52.927950,On or near Cumberland Avenue,E01013538,Derby 007E,Anti-social behaviour,,
255c7b81ca8c625f3aa9346158ce202da3f560386710ebdd3afe68b856f5d048,2021-06,Derbyshire Constabulary,Derbyshire Constabulary,-1.454255,52.924658,On or near Chequers Lane,E01013538,Derby 007E,Bicycle theft,Investigation complete; no suspect identified,
c392b3f2bcab73daadac36d5e755fc4636afe657212fac22af6f4ec53abeb4ec,2021-06,Derbyshire Constabulary,Derbyshire Constabulary,-1.458533,52.927509,On or near Grandstand Road,E01013538,Derby 007E,Burglary,Unable to prosecute suspect,
d2f1a62576e6bb9fec8794b0dd9c6e0bdc65a90dc493421990ed98a48ff906c5,2021-06,Derbyshire Constabulary,Derbyshire Constabulary,-1.454289,52.926735,On or near Francis Street,E01013538,Derby 007E,Criminal damage and arson,Investigation complete; no suspect identified,
ce1faab8f94c7182217368672f44011170145c799b42157c84059caacfe39b13,2021-06,Derbyshire Constabulary,Derbyshire Constabulary,-1.448695,52.927950,On or near Cumberland Avenue,E01013538,Derby 007E,Criminal damage and arson,Investigation complete; no suspect identified,
b677647c38c054e9a7ac575a1b2b4f821d4a731068e1b6d6eadb1e384aeecc8a,2021-06,Derbyshire Constabulary,Derbyshire Constabulary,-1.454061,52.925934,On or near Nottingham Road,E01013538,Derby 007E,Criminal damage and arson,Unable to prosecute suspect,
5379ca882fbe2cd3bab97f136c5d7166d5af985478c504574ef893f893a75acb,2021-06,Derbyshire Constabulary,Derbyshire Constabulary,-1.442636,52.922492,On or near Highfield Lane,E01013538,Derby 007E,Other theft,Unable to prosecute suspect,
c70a5a301c13af8312294b84c4c963da69f52742c639dc2f10a6d40bb0f26c76,2021-06,Derbyshire Constabulary,Derbyshire Constabulary,-1.442636,52.922492,On or near Highfield Lane,E01013538,Derby 007E,Other theft,Unable to prosecute suspect,
97db462b127143c23960493a9fe55a5df34be040e4af9cc419d0a805e401de30,2021-06,Derbyshire Constabulary,Derbyshire Constabulary,-1.442636,52.922492,On or near Highfield Lane,E01013538,Derby 007E,Other theft,Unable to prosecute suspect,
d635539d324a26ed73d234e5c4e7dd826371d15d7b698a774a415abc21fba6b0,2021-06,Derbyshire Constabulary,Derbyshire Constabulary,-1.459175,52.923791,On or near Chartwell Drive,E01013538,Derby 007E,Other theft,Investigation complete; no suspect identified,
810e5bc6cbdbfe5e3e0b7e0b54247d80d848d0adba7e47e7a4df22185745715b,2021-06,Derbyshire Constabulary,Derbyshire Constabulary,-1.442636,52.922492,On or near Highfield Lane,E01013538,Derby 007E,Other theft,Unable to prosecute suspect,
69ca8233d85e6eb98f1824f24ef88e28a185913b8a12c9cfe785f24932a20b30,2021-06,Derbyshire Constabulary,Derbyshire Constabulary,-1.442636,52.922492,On or near Highfield Lane,E01013538,Derby 007E,Other theft,Unable to prosecute suspect,
62c0c83fd77640a98f0ea9cbd508be54a9f2fc4b75a60716616b2b131eb9a990,2021-06,Derbyshire Constabulary,Derbyshire Constabulary,-1.442636,52.922492,On or near Highfield Lane,E01013538,Derby 007E,Other theft,Unable to prosecute suspect,
3b2cce2b4e2b8434cbaea2a09b3da8fed549c27f585ddffa38104c6faacb3c50,2021-06,Derbyshire Constabulary,Derbyshire Constabulary,-1.442636,52.922492,On or near Highfield Lane,E01013538,Derby 007E,Other theft,Unable to prosecute suspect,
ac21493910310f9b873f367f427e98f4b9ccc4178a835942a2b67a1ddd7788d4,2021-06,Derbyshire Constabulary,Derbyshire Constabulary,-1.442636,52.922492,On or near Highfield Lane,E01013538,Derby 007E,Other theft,Unable to prosecute suspect,
8064ae67499712a3f7926e8c6e5137b986f4d7f8a8725848bee924fd006baca8,2021-06,Derbyshire Constabulary,Derbyshire Constabulary,-1.442636,52.922492,On or near Highfield Lane,E01013538,Derby 007E,Public order,Unable to prosecute suspect,
1b76c1122231484dbd8adad04de06a7bf8c66304b4b7a6481ad0d8d28c6ce4e4,2021-06,Derbyshire Constabulary,Derbyshire Constabulary,-1.459175,52.923791,On or near Chartwell Drive,E01013538,Derby 007E,Public order,Investigation complete; no suspect identified,
3a4f7f21bb852399894b7248f1aa66a26015220dd938a745133d47d9a677aec2,2021-06,Derbyshire Constabulary,Derbyshire Constabulary,-1.454289,52.926735,On or near Francis Street,E01013538,Derby 007E,Robbery,Status update unavailable,
8ca7d3afdcafad6b27c47589d67c33a87e32e5252bd1d24ec63f52c714afd832,2021-06,Derbyshire Constabulary,Derbyshire Constabulary,-1.459175,52.923791,On or near Chartwell Drive,E01013538,Derby 007E,Shoplifting,Investigation complete; no suspect identified,
8a8160bfd9eb1e7da0d0f7a254bc1d4febec883012dcc88a3b10f22422056e82,2021-06,Derbyshire Constabulary,Derbyshire Constabulary,-1.448695,52.927950,On or near Cumberland Avenue,E01013538,Derby 007E,Violence and sexual offences,Unable to prosecute suspect,
a1f96f2f6dbcbbee1bd8fc1888331cc9eb65e4df5c64e05f23031a2e5b49721e,2021-06,Derbyshire Constabulary,Derbyshire Constabulary,-1.458533,52.927509,On or near Grandstand Road,E01013538,Derby 007E,Violence and sexual offences,Unable to prosecute suspect,
45edb4aaa076e950a0ecb17cda9d11a0664b06982d6e079010e246b73cbe77e7,2021-06,Derbyshire Constabulary,Derbyshire Constabulary,-1.451569,52.926561,On or near Clinton Street,E01013538,Derby 007E,Violence and sexual offences,Offender given a caution,
e7710875584bb936c3e8785bc8e6a91e275b2f9384b39ee29d4bf6d5f0357a17,2021-06,Derbyshire Constabulary,Derbyshire Constabulary,-1.454472,52.927500,On or near Essex Street,E01013538,Derby 007E,Violence and sexual offences,Status update unavailable,
0913c1db46ae553b262ca2fa736bf43674092025dd9b10bac5cf066a9f739afc,2021-06,Derbyshire Constabulary,Derbyshire Constabulary,-1.453140,52.928141,On or near Cornwall Road,E01013538,Derby 007E,Violence and sexual offences,Unable to prosecute suspect,
5096d11946ad7e83173bc88cb01d25babb5b661f0d44e113e517571addec1686,2021-06,Derbyshire Constabulary,Derbyshire Constabulary,-1.454472,52.927500,On or near Essex Street,E01013538,Derby 007E,Violence and sexual offences,Unable to prosecute suspect,
78a89dcadf51e18f075cbead1958a1aeb9f0c03d3ac75e6d11fb97c9e23df880,2021-06,Derbyshire Constabulary,Derbyshire Constabulary,-1.458554,52.927015,On or near Westmorland Close,E01013538,Derby 007E,Violence and sexual offences,Unable to prosecute suspect,
36e87efdc2944fb2ae61f9a907002c2e07afebbb5f3386e3d88bc138d823529b,2021-06,Derbyshire Constabulary,Derbyshire Constabulary,-1.454061,52.925934,On or near Nottingham Road,E01013538,Derby 007E,Violence and sexual offences,Unable to prosecute suspect,
,2021-06,Derbyshire Constabulary,Derbyshire Constabulary,-1.488068,52.929465,On or near Quarn Street,E01013522,Derby 008A,Anti-social behaviour,,
,2021-06,Derbyshire Constabulary,Derbyshire Constabulary,-1.488068,52.929465,On or near Quarn Street,E01013522,Derby 008A,Anti-social behaviour,,
,2021-06,Derbyshire Constabulary,Derbyshire Constabulary,-1.488885,52.928354,On or near Leaper Street,E01013522,Derby 008A,Anti-social behaviour,,
,2021-06,Derbyshire Constabulary,Derbyshire Constabulary,-1.497845,52.929174,On or near Further/Higher Educational Building,E01013522,Derby 008A,Anti-social behaviour,,
,2021-06,Derbyshire Constabulary,Derbyshire Constabulary,-1.490035,52.930435,On or near Walter Street,E01013522,Derby 008A,Anti-social behaviour,,
,2021-06,Derbyshire Constabulary,Derbyshire Constabulary,-1.488885,52.928354,On or near Leaper Street,E01013522,Derby 008A,Anti-social behaviour,,
,2021-06,Derbyshire Constabulary,Derbyshire Constabulary,-1.498177,52.927531,On or near Chandos Pole Street,E01013522,Derby 008A,Anti-social behaviour,,
,2021-06,Derbyshire Constabulary,Derbyshire Constabulary,-1.488885,52.928354,On or near Leaper Street,E01013522,Derby 008A,Anti-social behaviour,,
,2021-06,Derbyshire Constabulary,Derbyshire Constabulary,-1.489687,52.930973,On or near Leyland Street,E01013522,Derby 008A,Anti-social behaviour,,
,2021-06,Derbyshire Constabulary,Derbyshire Constabulary,-1.491988,52.926309,On or near Buckland Close,E01013522,Derby 008A,Anti-social behaviour,,
,2021-06,Derbyshire Constabulary,Derbyshire Constabulary,-1.487725,52.928259,On or near William Street,E01013522,Derby 008A,Anti-social behaviour,,
,2021-06,Derbyshire Constabulary,Derbyshire Constabulary,-1.488068,52.929465,On or near Quarn Street,E01013522,Derby 008A,Anti-social behaviour,,
,2021-06,Derbyshire Constabulary,Derbyshire Constabulary,-1.488068,52.929465,On or near Quarn Street,E01013522,Derby 008A,Anti-social behaviour,,
,2021-06,Derbyshire Constabulary,Derbyshire Constabulary,-1.488885,52.928354,On or near Leaper Street,E01013522,Derby 008A,Anti-social behaviour,,
,2021-06,Derbyshire Constabulary,Derbyshire Constabulary,-1.488068,52.929465,On or near Quarn Street,E01013522,Derby 008A,Anti-social behaviour,,
,2021-06,Derbyshire Constabulary,Derbyshire Constabulary,-1.488068,52.929465,On or near Quarn Street,E01013522,Derby 008A,Anti-social behaviour,,
,2021-06,Derbyshire Constabulary,Derbyshire Constabulary,-1.490115,52.927478,On or near Eaton Court,E01013522,Derby 008A,Anti-social behaviour,,
,2021-06,Derbyshire Constabulary,Derbyshire Constabulary,-1.490115,52.927478,On or near Eaton Court,E01013522,Derby 008A,Anti-social behaviour,,
,2021-06,Derbyshire Constabulary,Derbyshire Constabulary,-1.487725,52.928259,On or near William Street,E01013522,Derby 008A,Anti-social behaviour,,
,2021-06,Derbyshire Constabulary,Derbyshire Constabulary,-1.491988,52.926309,On or near Buckland Close,E01013522,Derby 008A,Anti-social behaviour,,
fddf8ea60fd8ae38381532ea3d8e7579471726bad3928d9615366ad29e579318,2021-06,Derbyshire Constabulary,Derbyshire Constabulary,-1.487725,52.928259,On or near William Street,E01013522,Derby 008A,Burglary,Unable to prosecute suspect,
85d7859e44b11bb968b5d87d0a7f9fc37bb0c7d8723639d28f8c47ea21373610,2021-06,Derbyshire Constabulary,Derbyshire Constabulary,-1.488068,52.929465,On or near Quarn Street,E01013522,Derby 008A,Criminal damage and arson,Investigation complete; no suspect identified,
9c47e09c1fd9cefc5f3c06ff425016f27daf6ede1f085a400882107ee3bc6e63,2021-06,Derbyshire Constabulary,Derbyshire Constabulary,-1.497845,52.929174,On or near Further/Higher Educational Building,E01013522,Derby 008A,Criminal damage and arson,Investigation complete; no suspect identified,
2c294efe8d5fa8db159326f57cf7130ab9c2225ab6beb35f03a10d1e408671cc,2021-06,Derbyshire Constabulary,Derbyshire Constabulary,-1.488885,52.928354,On or near Leaper Street,E01013522,Derby 008A,Criminal damage and arson,Status update unavailable,
d59b71fa92bb12ed7b8c49d2c42b45d9d9ff45531e64aa4f60655e4eb5aa5816,2021-06,Derbyshire Constabulary,Derbyshire Constabulary,-1.488885,52.928354,On or near Leaper Street,E01013522,Derby 008A,Drugs,Awaiting court outcome,
bc167725a38a8247565f35bd09d52bcc13b8ca4a0b4adb713e83985b13912082,2021-06,Derbyshire Constabulary,Derbyshire Constabulary,-1.488885,52.928354,On or near Leaper Street,E01013522,Derby 008A,Public order,Unable to prosecute suspect,
b488de79a6c4c0443982db96578033c8636d98337f104dc04ece3b67a45dafd4,2021-06,Derbyshire Constabulary,Derbyshire Constabulary,-1.490035,52.930435,On or near Walter Street,E01013522,Derby 008A,Public order,Unable to prosecute suspect,
d4f8c35dbe2ae7697fdd40de1a4bad42b62167b091316d590e5f8a2e4bb251d6,2021-06,Derbyshire Constabulary,Derbyshire Constabulary,-1.488885,52.928354,On or near Leaper Street,E01013522,Derby 008A,Public order,Unable to prosecute suspect,
f2204fe3afe983860a6e1995b97feed95e2429fa6b021a4ebe0f11f66d2371e6,2021-06,Derbyshire Constabulary,Derbyshire Constabulary,-1.494260,52.927865,On or near Markeaton Street,E01013522,Derby 008A,Public order,Unable to prosecute suspect,
f4fdffbc28dd8ad269903d912f9a089f6929c0585c3ea270e4fe3d669118a2a8,2021-06,Derbyshire Constabulary,Derbyshire Constabulary,-1.488885,52.928354,On or near Leaper Street,E01013522,Derby 008A,Public order,Status update unavailable,
067f712fbdd7fb2bcdca17849d4d212f3776b574179b7842d4fbf43ea3a3c330,2021-06,Derbyshire Constabulary,Derbyshire Constabulary,-1.501198,52.929961,On or near Queensway,E01013522,Derby 008A,Vehicle crime,Investigation complete; no suspect identified,
d8942abaa0d6f6e45daa210faad9bc7fc5f2b0ad9d092e4a21e7f9bee361ade3,2021-06,Derbyshire Constabulary,Derbyshire Constabulary,-1.487725,52.928259,On or near William Street,E01013522,Derby 008A,Violence and sexual offences,Unable to prosecute suspect,
02bf37f159985347aec359eddc3dfac764bf1ecfc162ea6fc3f2fc673bcfcfdd,2021-06,Derbyshire Constabulary,Derbyshire Constabulary,-1.490035,52.930435,On or near Walter Street,E01013522,Derby 008A,Violence and sexual offences,Investigation complete; no suspect identified,
8a50c05cfcbb35878517bb39b9fda7e9c2e919a272158345fe5c7e65bdb39bff,2021-06,Derbyshire Constabulary,Derbyshire Constabulary,-1.490035,52.930435,On or near Walter Street,E01013522,Derby 008A,Violence and sexual offences,Unable to prosecute suspect,
bf68f02d18b52b5998c880d96964c78e5d6eb197be90efad9bc18743301da769,2021-06,Derbyshire Constabulary,Derbyshire Constabulary,-1.490035,52.930435,On or near Walter Street,E01013522,Derby 008A,Violence and sexual offences,Unable to prosecute suspect,
d3cca6df7522a02959fd3fd2fcc4970cb2fb04a241e4ab45ca71cb234fdae118,2021-06,Derbyshire Constabulary,Derbyshire Constabulary,-1.490115,52.927478,On or near Eaton Court,E01013522,Derby 008A,Violence and sexual offences,Unable to prosecute suspect,
0319a623a634354b5a2dbdb28ca6dfcd8dd0e0218dc7812c2550bb7572cb44d7,2021-06,Derbyshire Constabulary,Derbyshire Constabulary,-1.490035,52.930435,On or near Walter Street,E01013522,Derby 008A,Violence and sexual offences,Unable to prosecute suspect,
43191c8123cfe0cda3b5b44e8299793cfd9a89d6ca045c5f81cf754e289b34a6,2021-06,Derbyshire Constabulary,Derbyshire Constabulary,-1.488068,52.929465,On or near Quarn Street,E01013522,Derby 008A,Violence and sexual offences,Unable to prosecute suspect,
43fe22cdbaeea5ad738cda195d696ce5b2e9f142de1376a09265f598d68f457d,2021-06,Derbyshire Constabulary,Derbyshire Constabulary,-1.488068,52.929465,On or near Quarn Street,E01013522,Derby 008A,Violence and sexual offences,Unable to prosecute suspect,
64219aebed31ee9e98135388b3712a78eef407ae9f7c930cccbf9c9884c406a0,2021-06,Derbyshire Constabulary,Derbyshire Constabulary,-1.491988,52.926309,On or near Buckland Close,E01013522,Derby 008A,Violence and sexual offences,Unable to prosecute suspect,
37c66224bafc2bb8aac3d57e4b8471365e52c21dc6a688eb659ff9912a4bc786,2021-06,Derbyshire Constabulary,Derbyshire Constabulary,-1.488068,52.929465,On or near Quarn Street,E01013522,Derby 008A,Violence and sexual offences,Unable to prosecute suspect,
7b030990936db4c751d985f393d847781be6d6328712467266f0bf505b7879da,2021-06,Derbyshire Constabulary,Derbyshire Constabulary,-1.497095,52.927202,On or near Noel Street,E01013522,Derby 008A,Violence and sexual offences,Unable to prosecute suspect,
2c0170b7288591270d3ffe6e52c58ef815c802f608f0c4c23e8cacc162dd7e10,2021-06,Derbyshire Constabulary,Derbyshire Constabulary,-1.488068,52.929465,On or near Quarn Street,E01013522,Derby 008A,Violence and sexual offences,Status update unavailable,
ba078dba0eda3fbcaa4631a130d42b0ef266e1a3426febc18dc965612282f272,2021-06,Derbyshire Constabulary,Derbyshire Constabulary,-1.490115,52.927478,On or near Eaton Court,E01013522,Derby 008A,Violence and sexual offences,Status update unavailable,
9830ad1cd6b4d314ca5d589b497349978b1fa9a280c72b65c03801b81fbb9d3f,2021-06,Derbyshire Constabulary,Derbyshire Constabulary,-1.490115,52.927478,On or near Eaton Court,E01013522,Derby 008A,Violence and sexual offences,Unable to prosecute suspect,
7756240392a9bfb265f37ecf97a58d0b64a18274ac6eb295e90235b4feb77b43,2021-06,Derbyshire Constabulary,Derbyshire Constabulary,-1.490035,52.930435,On or near Walter Street,E01013522,Derby 008A,Violence and sexual offences,Unable to prosecute suspect,
553d85bbfb09bf50b485b397a81fc0510513145f92159a06acdc40829f663127,2021-06,Derbyshire Constabulary,Derbyshire Constabulary,-1.490035,52.930435,On or near Walter Street,E01013522,Derby 008A,Violence and sexual offences,Unable to prosecute suspect,
78ea5b0b69324f68eb85433a4be18a4d4a0e83601bbcba280396c72d314b6bad,2021-06,Derbyshire Constabulary,Derbyshire Constabulary,-1.487725,52.928259,On or near William Street,E01013522,Derby 008A,Violence and sexual offences,Unable to prosecute suspect,
c7e6bf56eb07ad05daa6292c5f8abe768f5d6f375414c8408ac66835c42efc29,2021-06,Derbyshire Constabulary,Derbyshire Constabulary,-1.491988,52.926309,On or near Buckland Close,E01013522,Derby 008A,Violence and sexual offences,Status update unavailable,
f138ed8c62483512f981cf5f51d27bdf7c4b21b00c9bab61a753e1a87a70b153,2021-06,Derbyshire Constabulary,Derbyshire Constabulary,-1.487725,52.928259,On or near William Street,E01013522,Derby 008A,Violence and sexual offences,Unable to prosecute suspect,
bfccd3010188d86aed889a381e67c87da061771a1bd1f9c43f5f4c3377da2a2d,2021-06,Derbyshire Constabulary,Derbyshire Constabulary,-1.498796,52.927974,On or near Pybus Street,E01013522,Derby 008A,Violence and sexual offences,Unable to prosecute suspect,
9ff58f416323376438eb823dda70408733a91e81ab17d1092ce7d730eb339ea1,2021-06,Derbyshire Constabulary,Derbyshire Constabulary,-1.488364,52.928316,On or near Gisborne Green,E01013522,Derby 008A,Violence and sexual offences,Unable to prosecute suspect,
9ab84a8efc493238d0e75cebc158fc1e288afdd0972500309318a9896120ac4e,2021-06,Derbyshire Constabulary,Derbyshire Constabulary,-1.488364,52.928316,On or near Gisborne Green,E01013522,Derby 008A,Other crime,Investigation complete; no suspect identified,
,2021-06,Derbyshire Constabulary,Derbyshire Constabulary,-1.482603,52.928722,On or near Supermarket,E01013523,Derby 008B,Anti-social behaviour,,
,2021-06,Derbyshire Constabulary,Derbyshire Constabulary,-1.478073,52.929296,On or near Bath Street,E01013523,Derby 008B,Anti-social behaviour,,
,2021-06,Derbyshire Constabulary,Derbyshire Constabulary,-1.481057,52.928572,On or near Henry Street,E01013523,Derby 008B,Anti-social behaviour,,
,2021-06,Derbyshire Constabulary,Derbyshire Constabulary,-1.482796,52.927456,On or near Lodge Lane,E01013523,Derby 008B,Anti-social behaviour,,
,2021-06,Derbyshire Constabulary,Derbyshire Constabulary,-1.476994,52.927529,On or near St Mary'S Court,E01013523,Derby 008B,Anti-social behaviour,,
,2021-06,Derbyshire Constabulary,Derbyshire Constabulary,-1.482691,52.928831,On or near Petrol Station,E01013523,Derby 008B,Anti-social behaviour,,
,2021-06,Derbyshire Constabulary,Derbyshire Constabulary,-1.482691,52.928831,On or near Petrol Station,E01013523,Derby 008B,Anti-social behaviour,,
,2021-06,Derbyshire Constabulary,Derbyshire Constabulary,-1.476994,52.927529,On or near St Mary'S Court,E01013523,Derby 008B,Anti-social behaviour,,
,2021-06,Derbyshire Constabulary,Derbyshire Constabulary,-1.482603,52.928722,On or near Supermarket,E01013523,Derby 008B,Anti-social behaviour,,
,2021-06,Derbyshire Constabulary,Derbyshire Constabulary,-1.478073,52.929296,On or near Bath Street,E01013523,Derby 008B,Anti-social behaviour,,
,2021-06,Derbyshire Constabulary,Derbyshire Constabulary,-1.474039,52.929539,On or near Mansfield Street,E01013523,Derby 008B,Anti-social behaviour,,
,2021-06,Derbyshire Constabulary,Derbyshire Constabulary,-1.474039,52.929539,On or near Mansfield Street,E01013523,Derby 008B,Anti-social behaviour,,
,2021-06,Derbyshire Constabulary,Derbyshire Constabulary,-1.478073,52.929296,On or near Bath Street,E01013523,Derby 008B,Anti-social behaviour,,
,2021-06,Derbyshire Constabulary,Derbyshire Constabulary,-1.482603,52.928722,On or near Supermarket,E01013523,Derby 008B,Anti-social behaviour,,
,2021-06,Derbyshire Constabulary,Derbyshire Constabulary,-1.477622,52.928440,On or near River Street,E01013523,Derby 008B,Anti-social behaviour,,
,2021-06,Derbyshire Constabulary,Derbyshire Constabulary,-1.482603,52.928722,On or near Supermarket,E01013523,Derby 008B,Anti-social behaviour,,
,2021-06,Derbyshire Constabulary,Derbyshire Constabulary,-1.482603,52.928722,On or near Supermarket,E01013523,Derby 008B,Anti-social behaviour,,
,2021-06,Derbyshire Constabulary,Derbyshire Constabulary,-1.482691,52.928831,On or near Petrol Station,E01013523,Derby 008B,Anti-social behaviour,,
,2021-06,Derbyshire Constabulary,Derbyshire Constabulary,-1.470885,52.925875,On or near Nottingham Road,E01013523,Derby 008B,Anti-social behaviour,,
,2021-06,Derbyshire Constabulary,Derbyshire Constabulary,-1.478849,52.929155,On or near North Parade,E01013523,Derby 008B,Anti-social behaviour,,
,2021-06,Derbyshire Constabulary,Derbyshire Constabulary,-1.482603,52.928722,On or near Supermarket,E01013523,Derby 008B,Anti-social behaviour,,
,2021-06,Derbyshire Constabulary,Derbyshire Constabulary,-1.482603,52.928722,On or near Supermarket,E01013523,Derby 008B,Anti-social behaviour,,
,2021-06,Derbyshire Constabulary,Derbyshire Constabulary,-1.482603,52.928722,On or near Supermarket,E01013523,Derby 008B,Anti-social behaviour,,
bf2a0e0f5c4e0e1c1cb50185554d757009fb075fb6d0862a67f56b5509928ce1,2021-06,Derbyshire Constabulary,Derbyshire Constabulary,-1.469846,52.928154,On or near D Division Police Headquarters,E01013523,Derby 008B,Criminal damage and arson,Unable to prosecute suspect,
284be280daa5e6d6d6430f3c82abe9cb7cfd35fbac505f74a1ae9f09a9231a8e,2021-06,Derbyshire Constabulary,Derbyshire Constabulary,-1.469846,52.928154,On or near D Division Police Headquarters,E01013523,Derby 008B,Criminal damage and arson,Awaiting court outcome,
18ad4add779bc6666eb9fdc0cb5661e7795a3d8b59ba822ca6d8a3729bb1d6f0,2021-06,Derbyshire Constabulary,Derbyshire Constabulary,-1.469846,52.928154,On or near D Division Police Headquarters,E01013523,Derby 008B,Criminal damage and arson,Awaiting court outcome,
7fe9dc501ce3490aa9b52acca8d829059f4755ada158c6b37aa5100bf4a59f68,2021-06,Derbyshire Constabulary,Derbyshire Constabulary,-1.476391,52.928201,On or near Duke Street,E01013523,Derby 008B,Criminal damage and arson,Unable to prosecute suspect,
11b32c04bf7adbc98550ad196c51eaa56aae82c58daf9e1d08ad45b3c6e91d96,2021-06,Derbyshire Constabulary,Derbyshire Constabulary,-1.478657,52.927761,On or near Darley Lane,E01013523,Derby 008B,Criminal damage and arson,Investigation complete; no suspect identified,
f72c0bb9f5df07e7bcd373704f1d1b6216c82b090594df4ed242ee5730ec59ff,2021-06,Derbyshire Constabulary,Derbyshire Constabulary,-1.483049,52.928706,On or near Garden Street,E01013523,Derby 008B,Criminal damage and arson,Investigation complete; no suspect identified,
73f527ddae816f7b4a61b3a1877b7e9438287525d9c51ec2ade8a1628e4d195a,2021-06,Derbyshire Constabulary,Derbyshire Constabulary,-1.478073,52.929296,On or near Bath Street,E01013523,Derby 008B,Criminal damage and arson,Status update unavailable,
a36f6a125d1b16c769c91b43274af9a4d4452e8fe471ae9759ca96e3f767edfc,2021-06,Derbyshire Constabulary,Derbyshire Constabulary,-1.477451,52.927819,On or near Handyside Street,E01013523,Derby 008B,Criminal damage and arson,Status update unavailable,
f15aec89a8fc9abf6d87cda1092fdfc1552e02245d964257b8bb2cf4c9e48330,2021-06,Derbyshire Constabulary,Derbyshire Constabulary,-1.469846,52.928154,On or near D Division Police Headquarters,E01013523,Derby 008B,Drugs,Unable to prosecute suspect,
67d96da822bcf6b3786e2a94ea8d33f08f060052e6026e71737d33332315ada3,2021-06,Derbyshire Constabulary,Derbyshire Constabulary,-1.469846,52.928154,On or near D Division Police Headquarters,E01013523,Derby 008B,Drugs,Further investigation is not in the public interest,
e6bc987c0b6ad3c09c349ab1f74087be3a2a6376a78b0750f7ba48f34ba64b8f,2021-06,Derbyshire Constabulary,Derbyshire Constabulary,-1.469846,52.928154,On or near D Division Police Headquarters,E01013523,Derby 008B,Drugs,Unable to prosecute suspect,
f945889cc5f904d4bea15da19a31024fb87d2839025e9848472ec023875b563d,2021-06,Derbyshire Constabulary,Derbyshire Constabulary,-1.469846,52.928154,On or near D Division Police Headquarters,E01013523,Derby 008B,Drugs,Formal action is not in the public interest,
0300c89f889149d8df6fcf45144b74f133adeb5b9fadead8cae9ce3824e7efe1,2021-06,Derbyshire Constabulary,Derbyshire Constabulary,-1.469846,52.928154,On or near D Division Police Headquarters,E01013523,Derby 008B,Drugs,Offender given a drugs possession warning,
b14e53b0d5f40a1a99ba3fcd18a036fb23afa24963ea5eef48efee21f4fd9cdf,2021-06,Derbyshire Constabulary,Derbyshire Constabulary,-1.470867,52.929785,On or near Charing Court,E01013523,Derby 008B,Drugs,Status update unavailable,
3517f69d6ba2aa9c594ad1ad37018321745809609ef2e7b0d0903f50ea49b823,2021-06,Derbyshire Constabulary,Derbyshire Constabulary,-1.469846,52.928154,On or near D Division Police Headquarters,E01013523,Derby 008B,Drugs,Further investigation is not in the public interest,
6807587a47cf898ee611ac6f208e511b49b8250805faa88a6dfe92bb8af2db1a,2021-06,Derbyshire Constabulary,Derbyshire Constabulary,-1.469846,52.928154,On or near D Division Police Headquarters,E01013523,Derby 008B,Drugs,Further investigation is not in the public interest,
4c7667cc6c253b07a4fff1cdb33b370359bc712c89dbdc2f1d79a43396a4d87a,2021-06,Derbyshire Constabulary,Derbyshire Constabulary,-1.469846,52.928154,On or near D Division Police Headquarters,E01013523,Derby 008B,Drugs,Unable to prosecute suspect,
ce245d384230a720bdd6e6fbcc080632501b50867d84298f4ee9ef9a6d94bea0,2021-06,Derbyshire Constabulary,Derbyshire Constabulary,-1.469846,52.928154,On or near D Division Police Headquarters,E01013523,Derby 008B,Drugs,Unable to prosecute suspect,
cd4b39a94e0a075a5fcb24ee0d391beb716796877b93121d975bf909a155a185,2021-06,Derbyshire Constabulary,Derbyshire Constabulary,-1.469846,52.928154,On or near D Division Police Headquarters,E01013523,Derby 008B,Drugs,Further investigation is not in the public interest,
afaa08fb90e96fb8a30638eaf8e51b1f61b08937ce661aaa054a44dac0b73796,2021-06,Derbyshire Constabulary,Derbyshire Constabulary,-1.469846,52.928154,On or near D Division Police Headquarters,E01013523,Derby 008B,Drugs,Further investigation is not in the public interest,
16a54a808c3e073f45e9cd5e183ddbaaeeeb6484b49d7f534a2ba2d8da41326c,2021-06,Derbyshire Constabulary,Derbyshire Constabulary,-1.469846,52.928154,On or near D Division Police Headquarters,E01013523,Derby 008B,Drugs,Unable to prosecute suspect,
7ea102c8be54d93dcd7926c0d729b0a45e9b4203fd6a25ab3242769d2fd9ec23,2021-06,Derbyshire Constabulary,Derbyshire Constabulary,-1.482796,52.927456,On or near Lodge Lane,E01013523,Derby 008B,Drugs,Status update unavailable,
67d105331036cf579e9997cc6fa799b646bb017d3aa49d730d3152a035e0cd39,2021-06,Derbyshire Constabulary,Derbyshire Constabulary,-1.479336,52.926991,On or near St Helen'S Street,E01013523,Derby 008B,Other theft,Investigation complete; no suspect identified,
5d8cf14ffe0b4b1c294b197db09460f166bdc7add20c440e93015ea481cfb306,2021-06,Derbyshire Constabulary,Derbyshire Constabulary,-1.480601,52.926952,On or near King Street,E01013523,Derby 008B,Other theft,Investigation complete; no suspect identified,
b10250a76b0f5a2d4ed10e327a0ab235e264c95912517ca657b26b2e67ae73a6,2021-06,Derbyshire Constabulary,Derbyshire Constabulary,-1.480241,52.929683,On or near Arthur Street,E01013523,Derby 008B,Other theft,Investigation complete; no suspect identified,
a0ee9a49179f0e025aa76af135081b489af79b97a1d75431f947976326a3695a,2021-06,Derbyshire Constabulary,Derbyshire Constabulary,-1.469846,52.928154,On or near D Division Police Headquarters,E01013523,Derby 008B,Possession of weapons,Awaiting court outcome,
0d7fff68f35741bd7eb618ef07799c575597ec6322f8b7df29c3e5c6ea019646,2021-06,Derbyshire Constabulary,Derbyshire Constabulary,-1.481057,52.928572,On or near Henry Street,E01013523,Derby 008B,Public order,Unable to prosecute suspect,
91e3ba21961dd85ae3cc1a4df263c4d33fe2561716bf02f4e0dee5e2a1d4ebdd,2021-06,Derbyshire Constabulary,Derbyshire Constabulary,-1.469846,52.928154,On or near D Division Police Headquarters,E01013523,Derby 008B,Public order,Awaiting court outcome,
615212062be69f103e9ca43fa287d8147f340114efee318805cb8782f15d1aba,2021-06,Derbyshire Constabulary,Derbyshire Constabulary,-1.469846,52.928154,On or near D Division Police Headquarters,E01013523,Derby 008B,Public order,Awaiting court outcome,
bfc0a6d32ad9afd3b28423dc4fc4ddd2d3c052304e7212808f4030147b74beb9,2021-06,Derbyshire Constabulary,Derbyshire Constabulary,-1.469846,52.928154,On or near D Division Police Headquarters,E01013523,Derby 008B,Public order,Further investigation is not in the public interest,
7aa2d3bfb58afa69fa4afa663e1e8262bbbdf70f34d9e3f3f2324453d64ac6d5,2021-06,Derbyshire Constabulary,Derbyshire Constabulary,-1.469846,52.928154,On or near D Division Police Headquarters,E01013523,Derby 008B,Public order,Local resolution,
de1b68e4f1d1742a690ffed976096b2e65e0992c87f5e6601655901968eadb1c,2021-06,Derbyshire Constabulary,Derbyshire Constabulary,-1.480601,52.926952,On or near King Street,E01013523,Derby 008B,Public order,Investigation complete; no suspect identified,
08056eb4c35f7504f5bde4e9afe0e1c3bd95736696e849b90f480ff31dce00c1,2021-06,Derbyshire Constabulary,Derbyshire Constabulary,-1.482603,52.928722,On or near Supermarket,E01013523,Derby 008B,Public order,Action to be taken by another organisation,
42c01289c73352bd8dbc66d2141af9be3b8c234fe768855be572eaa919ff2360,2021-06,Derbyshire Constabulary,Derbyshire Constabulary,-1.469846,52.928154,On or near D Division Police Headquarters,E01013523,Derby 008B,Public order,Offender given a caution,
73a93fca915e3fb088e09f79efdc7661dadcb72acf79e5bfcd3a5390e557c762,2021-06,Derbyshire Constabulary,Derbyshire Constabulary,-1.469846,52.928154,On or near D Division Police Headquarters,E01013523,Derby 008B,Public order,Further investigation is not in the public interest,
a50b5dbed399c4fee321daba0ce65cefb7401345ee08b3da2a2bd73bedd926c3,2021-06,Derbyshire Constabulary,Derbyshire Constabulary,-1.469846,52.928154,On or near D Division Police Headquarters,E01013523,Derby 008B,Public order,Offender given a caution,
b08b823bcea7efa8cdb7b0f65ae61172c950b2b25f873ba67775fbe629542668,2021-06,Derbyshire Constabulary,Derbyshire Constabulary,-1.481057,52.928572,On or near Henry Street,E01013523,Derby 008B,Public order,Investigation complete; no suspect identified,
1091c3643f127dba3a5f5fe42e21a7bbcc10437edf50322ed869c26b48c77ad8,2021-06,Derbyshire Constabulary,Derbyshire Constabulary,-1.482603,52.928722,On or near Supermarket,E01013523,Derby 008B,Public order,Awaiting court outcome,
f50c494d628d19c0a7d61fae2c66b5eebe0f8cb3590e762f09613add6aac3ca3,2021-06,Derbyshire Constabulary,Derbyshire Constabulary,-1.469846,52.928154,On or near D Division Police Headquarters,E01013523,Derby 008B,Public order,Awaiting court outcome,
a43a2f62f73ed17dc5d465ff74949429e3a67c5053124eec8265ed377023332e,2021-06,Derbyshire Constabulary,Derbyshire Constabulary,-1.482691,52.928831,On or near Petrol Station,E01013523,Derby 008B,Robbery,Investigation complete; no suspect identified,
bc9f063ce645a162f4eeaacead86ac17bb28f744d80504e6874b7ea921b3c490,2021-06,Derbyshire Constabulary,Derbyshire Constabulary,-1.469846,52.928154,On or near D Division Police Headquarters,E01013523,Derby 008B,Robbery,Status update unavailable,
53b1a993c0b3d53ce298f95c7535124b1b08d9cd241bbc8ad5b438e4a5cd134c,2021-06,Derbyshire Constabulary,Derbyshire Constabulary,-1.481057,52.928572,On or near Henry Street,E01013523,Derby 008B,Shoplifting,Investigation complete; no suspect identified,
7ce35f27a370a39ef0461cf8abf27f99e1fee13d857c8a6fe58b27c566b97484,2021-06,Derbyshire Constabulary,Derbyshire Constabulary,-1.482603,52.928722,On or near Supermarket,E01013523,Derby 008B,Shoplifting,Investigation complete; no suspect identified,
0be07a9f218e4ff266e07387bd36682539f699c1b334632c0df1e7730678dc6d,2021-06,Derbyshire Constabulary,Derbyshire Constabulary,-1.481057,52.928572,On or near Henry Street,E01013523,Derby 008B,Shoplifting,Investigation complete; no suspect identified,
27c311395085b3e14346b60639963f486c1172ab48d3134c1e57d03461828cc9,2021-06,Derbyshire Constabulary,Derbyshire Constabulary,-1.482603,52.928722,On or near Supermarket,E01013523,Derby 008B,Shoplifting,Investigation complete; no suspect identified,
9e0341c9ec7a786ab64f80a26f95f84001d5bacfc213967bb6f39de8adc038fb,2021-06,Derbyshire Constabulary,Derbyshire Constabulary,-1.482603,52.928722,On or near Supermarket,E01013523,Derby 008B,Shoplifting,Investigation complete; no suspect identified,
faca04d21c870d9cbf53c1e7bf7dbe42a87475a7313a076f4dd6d4b8a30e76cc,2021-06,Derbyshire Constabulary,Derbyshire Constabulary,-1.482603,52.928722,On or near Supermarket,E01013523,Derby 008B,Shoplifting,Investigation complete; no suspect identified,
10d0dbce050c943af9fe2ed6c742420a414ef1b91f5f41fd17457a4c9ed9d2fb,2021-06,Derbyshire Constabulary,Derbyshire Constabulary,-1.481057,52.928572,On or near Henry Street,E01013523,Derby 008B,Shoplifting,Investigation complete; no suspect identified,
5c3d97644a89aa9cb87a68745c448aa89a43be2c3d3e97f13c87c1a0537faabd,2021-06,Derbyshire Constabulary,Derbyshire Constabulary,-1.481057,52.928572,On or near Henry Street,E01013523,Derby 008B,Shoplifting,Investigation complete; no suspect identified,
ac0146948b5cfe4573b0645186f2f2814f60b21d0ded776233e1aa593764a719,2021-06,Derbyshire Constabulary,Derbyshire Constabulary,-1.482603,52.928722,On or near Supermarket,E01013523,Derby 008B,Shoplifting,Awaiting court outcome,
5e17a5bd2454e1a6f99649d9f16502aa5b69f593b813d3d6d6f69aef0554817c,2021-06,Derbyshire Constabulary,Derbyshire Constabulary,-1.481057,52.928572,On or near Henry Street,E01013523,Derby 008B,Shoplifting,Investigation complete; no suspect identified,
e505add2f40b71d3d6140d62dcf49552776fa225ba76123d43cab838295e03c9,2021-06,Derbyshire Constabulary,Derbyshire Constabulary,-1.481057,52.928572,On or near Henry Street,E01013523,Derby 008B,Shoplifting,Investigation complete; no suspect identified,
adfc955afa9d43ad8a1791c4963d6d49387d8ed4a806a86c10cf8af59b998399,2021-06,Derbyshire Constabulary,Derbyshire Constabulary,-1.481057,52.928572,On or near Henry Street,E01013523,Derby 008B,Shoplifting,Investigation complete; no suspect identified,
7a9d1bfa4814046a2903d2a3283e4f8e6e16ed890e0649dbbd8c93c778f2f22f,2021-06,Derbyshire Constabulary,Derbyshire Constabulary,-1.469846,52.928154,On or near D Division Police Headquarters,E01013523,Derby 008B,Vehicle crime,Status update unavailable,
5d6ddcf1fb34f3c099862d21112d234a77a3e72fdc4364e26e790b24c64eb466,2021-06,Derbyshire Constabulary,Derbyshire Constabulary,-1.482691,52.928831,On or near Petrol Station,E01013523,Derby 008B,Violence and sexual offences,Unable to prosecute suspect,
344b3be5a82fedb53aa6ee2f82b4dfc8323a83a10f3cae5214f3522dd56aee17,2021-06,Derbyshire Constabulary,Derbyshire Constabulary,-1.481057,52.928572,On or near Henry Street,E01013523,Derby 008B,Violence and sexual offences,Unable to prosecute suspect,
454d371b55ca2ec90357662d2a9629b20fc0bcafbf40d110b2f1d9b4726da36e,2021-06,Derbyshire Constabulary,Derbyshire Constabulary,-1.477622,52.928440,On or near River Street,E01013523,Derby 008B,Violence and sexual offences,Investigation complete; no suspect identified,
c8ca2ed74dd9bb897058c238209397101945e0a7b7c680256ed2fc660ea5b065,2021-06,Derbyshire Constabulary,Derbyshire Constabulary,-1.482691,52.928831,On or near Petrol Station,E01013523,Derby 008B,Violence and sexual offences,Investigation complete; no suspect identified,
30b1aa258e4f5cf01dc9673b7fe4426ba603ceb7bb9670a15d5d0ef94b1d5bbe,2021-06,Derbyshire Constabulary,Derbyshire Constabulary,-1.476994,52.927529,On or near St Mary'S Court,E01013523,Derby 008B,Violence and sexual offences,Unable to prosecute suspect,
72bdb4121df3f4010c21127c9877a7581514b3d2cab2932e42861b87be62be6b,2021-06,Derbyshire Constabulary,Derbyshire Constabulary,-1.474039,52.929539,On or near Mansfield Street,E01013523,Derby 008B,Violence and sexual offences,Status update unavailable,
d3a68d3a98f67e8c832394c17241a304350eb999979a1ef66bef02853033166a,2021-06,Derbyshire Constabulary,Derbyshire Constabulary,-1.469846,52.928154,On or near D Division Police Headquarters,E01013523,Derby 008B,Violence and sexual offences,Awaiting court outcome,
6e7ed0e596684f3a3224ec5ad9ddde92c25098dc7f94b9dcab62badadd370fea,2021-06,Derbyshire Constabulary,Derbyshire Constabulary,-1.474162,52.929207,On or near Maplebeck Court,E01013523,Derby 008B,Violence and sexual offences,Status update unavailable,
c8c5878eb661965725438d9764405a5dcd1df241a385bac42748874bba20aa35,2021-06,Derbyshire Constabulary,Derbyshire Constabulary,-1.469846,52.928154,On or near D Division Police Headquarters,E01013523,Derby 008B,Violence and sexual offences,Unable to prosecute suspect,
9c7cd18bbf6cfa35301987528209a549dc50a2535b07ba630d176375b922fc6c,2021-06,Derbyshire Constabulary,Derbyshire Constabulary,-1.478073,52.929296,On or near Bath Street,E01013523,Derby 008B,Violence and sexual offences,Unable to prosecute suspect,
298a6f13e5c3d18081e5035cd0080c9a165f3b57f4d6b474a1eca60c328a0b28,2021-06,Derbyshire Constabulary,Derbyshire Constabulary,-1.469846,52.928154,On or near D Division Police Headquarters,E01013523,Derby 008B,Violence and sexual offences,Awaiting court outcome,
51054e280ec39eb0eaaade459f56bcf4e29e93b7375ffe8163973c0ee3ef41c5,2021-06,Derbyshire Constabulary,Derbyshire Constabulary,-1.478073,52.929296,On or near Bath Street,E01013523,Derby 008B,Violence and sexual offences,Unable to prosecute suspect,
ba78e27754156441ed2a6426167c1562985fc69d2f5d3adcc576c1b7f873ccb9,2021-06,Derbyshire Constabulary,Derbyshire Constabulary,-1.481057,52.928572,On or near Henry Street,E01013523,Derby 008B,Violence and sexual offences,Unable to prosecute suspect,
dea919c7f6229321203e77a27bbcc01f8a9d39449edb8d977ef1328283824757,2021-06,Derbyshire Constabulary,Derbyshire Constabulary,-1.480779,52.929442,On or near North Street,E01013523,Derby 008B,Violence and sexual offences,Unable to prosecute suspect,
ba78e27754156441ed2a6426167c1562985fc69d2f5d3adcc576c1b7f873ccb9,2021-06,Derbyshire Constabulary,Derbyshire Constabulary,-1.480779,52.929442,On or near North Street,E01013523,Derby 008B,Violence and sexual offences,Status update unavailable,
caff5fc10c5b4c0319b2f965afd00114d1b3c9262b64da55fee5320895206fab,2021-06,Derbyshire Constabulary,Derbyshire Constabulary,-1.469846,52.928154,On or near D Division Police Headquarters,E01013523,Derby 008B,Violence and sexual offences,Status update unavailable,
1d2b7ade76f7ae1cac25090f2d9adae01e80a3d3f4b14c2b80188f556c01c40b,2021-06,Derbyshire Constabulary,Derbyshire Constabulary,-1.470867,52.929785,On or near Charing Court,E01013523,Derby 008B,Violence and sexual offences,Investigation complete; no suspect identified,
7cbf5e6524a92a9eac5ad2d70cdce48d5b9107d0ca2bf82df7926b7dba7e2905,2021-06,Derbyshire Constabulary,Derbyshire Constabulary,-1.469846,52.928154,On or near D Division Police Headquarters,E01013523,Derby 008B,Violence and sexual offences,Status update unavailable,
6146ebadfaec67453e43f0148ef5fcf69b6dd1444669cf52f6bdfff3e1226892,2021-06,Derbyshire Constabulary,Derbyshire Constabulary,-1.477622,52.928440,On or near River Street,E01013523,Derby 008B,Violence and sexual offences,Unable to prosecute suspect,
afb9dc1712c9f1193f21a0fc8ecf45fcae289f3bbbe1280d965048e1bcead9f9,2021-06,Derbyshire Constabulary,Derbyshire Constabulary,-1.482796,52.927456,On or near Lodge Lane,E01013523,Derby 008B,Violence and sexual offences,Unable to prosecute suspect,
d494fc979bfdb4339aba2380f45a0db30396464fe48f2fbc60a7b8f366a7fdbf,2021-06,Derbyshire Constabulary,Derbyshire Constabulary,-1.469846,52.928154,On or near D Division Police Headquarters,E01013523,Derby 008B,Violence and sexual offences,Status update unavailable,
6153486b24edebf85b39b526b28cdd089d6e3dea0e91a8a3bfd8d0ca7b746c4d,2021-06,Derbyshire Constabulary,Derbyshire Constabulary,-1.469846,52.928154,On or near D Division Police Headquarters,E01013523,Derby 008B,Violence and sexual offences,Unable to prosecute suspect,
970fd2d2c7ca85700284f94af526a2ae86626803d8280854fdd3caa40cee0d91,2021-06,Derbyshire Constabulary,Derbyshire Constabulary,-1.482603,52.928722,On or near Supermarket,E01013523,Derby 008B,Violence and sexual offences,Unable to prosecute suspect,
f1d78169727c521323f8423a4c107aa56df16fbc2a82e4e037ce0f2e2519277b,2021-06,Derbyshire Constabulary,Derbyshire Constabulary,-1.478073,52.929296,On or near Bath Street,E01013523,Derby 008B,Violence and sexual offences,Unable to prosecute suspect,
4f81bca9f9a676940de020c7db1a0aca7e3232a83972731951f688544be0c19a,2021-06,Derbyshire Constabulary,Derbyshire Constabulary,-1.482603,52.928722,On or near Supermarket,E01013523,Derby 008B,Violence and sexual offences,Unable to prosecute suspect,
dfffd999894fe2257669dd948bf4f170ec3aadd23a6cc3317e0daca065bd25fd,2021-06,Derbyshire Constabulary,Derbyshire Constabulary,-1.478073,52.929296,On or near Bath Street,E01013523,Derby 008B,Violence and sexual offences,Status update unavailable,
ac25ab88bb0f1951ac01cb8c116fd4aba5a4d1a96c5a045e8105d77fefac8c08,2021-06,Derbyshire Constabulary,Derbyshire Constabulary,-1.469846,52.928154,On or near D Division Police Headquarters,E01013523,Derby 008B,Violence and sexual offences,Investigation complete; no suspect identified,
8ab98f3b3d2e7bcd274bda7d7570a3cfc071a64b07bfdae65549581a5e7ba760,2021-06,Derbyshire Constabulary,Derbyshire Constabulary,-1.480779,52.929442,On or near North Street,E01013523,Derby 008B,Violence and sexual offences,Status update unavailable,
ba02ce70d83f576ab0e738682b13c3eaba28d7b5e0b6c4aaea5525e81d3e53d0,2021-06,Derbyshire Constabulary,Derbyshire Constabulary,-1.477622,52.928440,On or near River Street,E01013523,Derby 008B,Violence and sexual offences,Unable to prosecute suspect,
570334ed6c97ff3f9871f83da2c1826fd78f97b18ef3f33217e3fefc2101e8e3,2021-06,Derbyshire Constabulary,Derbyshire Constabulary,-1.470867,52.929785,On or near Charing Court,E01013523,Derby 008B,Violence and sexual offences,Unable to prosecute suspect,
646940c64993eb90f0ec963a1a91bd3523b294cb517e1fb82b384f015ee8c477,2021-06,Derbyshire Constabulary,Derbyshire Constabulary,-1.469846,52.928154,On or near D Division Police Headquarters,E01013523,Derby 008B,Violence and sexual offences,Status update unavailable,
4915598890d265fde5a85a6b892697a43915c06b277de848e8125a8665d78f16,2021-06,Derbyshire Constabulary,Derbyshire Constabulary,-1.476994,52.927529,On or near St Mary'S Court,E01013523,Derby 008B,Other crime,Awaiting court outcome,
f9416a8d2063f18b83d71f699353aff1996354d404649b0c0019381ba60ab4b5,2021-06,Derbyshire Constabulary,Derbyshire Constabulary,-1.478073,52.929296,On or near Bath Street,E01013523,Derby 008B,Other crime,Status update unavailable,
,2021-06,Derbyshire Constabulary,Derbyshire Constabulary,-1.488208,52.925196,On or near Bridge Street,E01013524,Derby 008C,Anti-social behaviour,,
,2021-06,Derbyshire Constabulary,Derbyshire Constabulary,-1.484393,52.928299,On or near Parker Close,E01013524,Derby 008C,Anti-social behaviour,,
,2021-06,Derbyshire Constabulary,Derbyshire Constabulary,-1.488208,52.925196,On or near Bridge Street,E01013524,Derby 008C,Anti-social behaviour,,
,2021-06,Derbyshire Constabulary,Derbyshire Constabulary,-1.488493,52.927498,On or near Mundy Close,E01013524,Derby 008C,Anti-social behaviour,,
,2021-06,Derbyshire Constabulary,Derbyshire Constabulary,-1.490154,52.925420,On or near Brick Street,E01013524,Derby 008C,Anti-social behaviour,,
,2021-06,Derbyshire Constabulary,Derbyshire Constabulary,-1.490154,52.925420,On or near Brick Street,E01013524,Derby 008C,Anti-social behaviour,,
,2021-06,Derbyshire Constabulary,Derbyshire Constabulary,-1.486738,52.928722,On or near Quarn Way,E01013524,Derby 008C,Anti-social behaviour,,
,2021-06,Derbyshire Constabulary,Derbyshire Constabulary,-1.488872,52.925666,On or near Mill Street,E01013524,Derby 008C,Anti-social behaviour,,
,2021-06,Derbyshire Constabulary,Derbyshire Constabulary,-1.488733,52.927328,On or near Mundy Street,E01013524,Derby 008C,Anti-social behaviour,,
,2021-06,Derbyshire Constabulary,Derbyshire Constabulary,-1.488493,52.927498,On or near Mundy Close,E01013524,Derby 008C,Anti-social behaviour,,
,2021-06,Derbyshire Constabulary,Derbyshire Constabulary,-1.483524,52.926263,On or near Willow Row,E01013524,Derby 008C,Anti-social behaviour,,
,2021-06,Derbyshire Constabulary,Derbyshire Constabulary,-1.486738,52.928722,On or near Quarn Way,E01013524,Derby 008C,Anti-social behaviour,,
,2021-06,Derbyshire Constabulary,Derbyshire Constabulary,-1.483524,52.926263,On or near Willow Row,E01013524,Derby 008C,Anti-social behaviour,,
,2021-06,Derbyshire Constabulary,Derbyshire Constabulary,-1.488872,52.925666,On or near Mill Street,E01013524,Derby 008C,Anti-social behaviour,,
,2021-06,Derbyshire Constabulary,Derbyshire Constabulary,-1.488493,52.927498,On or near Mundy Close,E01013524,Derby 008C,Anti-social behaviour,,
,2021-06,Derbyshire Constabulary,Derbyshire Constabulary,-1.485646,52.926740,On or near Bridge Street,E01013524,Derby 008C,Anti-social behaviour,,
,2021-06,Derbyshire Constabulary,Derbyshire Constabulary,-1.484393,52.928299,On or near Parker Close,E01013524,Derby 008C,Anti-social behaviour,,
,2021-06,Derbyshire Constabulary,Derbyshire Constabulary,-1.488872,52.925666,On or near Mill Street,E01013524,Derby 008C,Anti-social behaviour,,
5f93f73eb6fb38ee7fdc9ec212833161a5fec9bd15e77f948717fa3d6d0d42dc,2021-06,Derbyshire Constabulary,Derbyshire Constabulary,-1.483602,52.925976,On or near Parking Area,E01013524,Derby 008C,Bicycle theft,Investigation complete; no suspect identified,
b956d2204875ea2d8f5c1ebefb054b4d1b533a3de41da70917837ebb4d0e8af0,2021-06,Derbyshire Constabulary,Derbyshire Constabulary,-1.488493,52.927498,On or near Mundy Close,E01013524,Derby 008C,Criminal damage and arson,Unable to prosecute suspect,
0c8779f57267330e09b9a28d6e1e3aab5b54b7698caabb86e2c4cc7384b7e37f,2021-06,Derbyshire Constabulary,Derbyshire Constabulary,-1.488733,52.927328,On or near Mundy Street,E01013524,Derby 008C,Criminal damage and arson,Investigation complete; no suspect identified,
c77cb569976012a69eb4f25381797732286bac7550af3d2bf4667301ce17e216,2021-06,Derbyshire Constabulary,Derbyshire Constabulary,-1.485889,52.925015,On or near Agard Street,E01013524,Derby 008C,Drugs,Status update unavailable,
51549cc103660f1010136f1d72bee153e91ee79f2701c4914856eec5a9206533,2021-06,Derbyshire Constabulary,Derbyshire Constabulary,-1.486128,52.926203,On or near Little Bridge Street,E01013524,Derby 008C,Other theft,Investigation complete; no suspect identified,
df74f73942950531f48ef1547fd44e8390920cc37af3c0b331b827a4a8f92855,2021-06,Derbyshire Constabulary,Derbyshire Constabulary,-1.490154,52.925420,On or near Brick Street,E01013524,Derby 008C,Other theft,Awaiting court outcome,
581ca2ef1c4bf225ee5c01a898cd5e73be607124a721361959b3abb9ea5f6800,2021-06,Derbyshire Constabulary,Derbyshire Constabulary,-1.488872,52.925666,On or near Mill Street,E01013524,Derby 008C,Public order,Unable to prosecute suspect,
0a2ba38bb33292cd405b0a78965a2f4042067bbc48fba2e5aca7a83078a91271,2021-06,Derbyshire Constabulary,Derbyshire Constabulary,-1.490154,52.925420,On or near Brick Street,E01013524,Derby 008C,Public order,Investigation complete; no suspect identified,
68f53d88aadb01bb97f3a94bb943e138533f71c22ee7021033dfb36722d10800,2021-06,Derbyshire Constabulary,Derbyshire Constabulary,-1.488733,52.927328,On or near Mundy Street,E01013524,Derby 008C,Public order,Unable to prosecute suspect,
a9b798ead06120bcc609bc668398b699deedea0882f3231fae992b8806f38dbf,2021-06,Derbyshire Constabulary,Derbyshire Constabulary,-1.488493,52.927498,On or near Mundy Close,E01013524,Derby 008C,Public order,Investigation complete; no suspect identified,
229d9cdef446ea482a86edc2a02362ee64e38834bcceffef9d3aae9260b054a8,2021-06,Derbyshire Constabulary,Derbyshire Constabulary,-1.488872,52.925666,On or near Mill Street,E01013524,Derby 008C,Public order,Unable to prosecute suspect,
5ad1ec7f0314f07fccab21b57426e417f9cfc44df84dd445e1db97cfa4b57204,2021-06,Derbyshire Constabulary,Derbyshire Constabulary,-1.486738,52.928722,On or near Quarn Way,E01013524,Derby 008C,Public order,Unable to prosecute suspect,
6a127316e517079ec835dbe371ae6e3f1f8f6c41a2b543fb1c302f9f770e8c70,2021-06,Derbyshire Constabulary,Derbyshire Constabulary,-1.490154,52.925420,On or near Brick Street,E01013524,Derby 008C,Violence and sexual offences,Investigation complete; no suspect identified,
7a4d0ffd2375cb76abccbc6eb2401d26c3a76a8a05007db162fa80502403fe24,2021-06,Derbyshire Constabulary,Derbyshire Constabulary,-1.488872,52.925666,On or near Mill Street,E01013524,Derby 008C,Violence and sexual offences,Unable to prosecute suspect,
02f1d41808dd2f3659e034cdc32dbb95998914c644720a9b619ee331fdd6dd33,2021-06,Derbyshire Constabulary,Derbyshire Constabulary,-1.490154,52.925420,On or near Brick Street,E01013524,Derby 008C,Violence and sexual offences,Awaiting court outcome,
4199660aee36a179fb058d960182957eedeef60c4171a53de1aa2e73a21e5239,2021-06,Derbyshire Constabulary,Derbyshire Constabulary,-1.486738,52.928722,On or near Quarn Way,E01013524,Derby 008C,Violence and sexual offences,Unable to prosecute suspect,
a50ac0cb4c6ad5380c422072fe0d8182e35e058d7708457518f779cd2a90134a,2021-06,Derbyshire Constabulary,Derbyshire Constabulary,-1.490154,52.925420,On or near Brick Street,E01013524,Derby 008C,Violence and sexual offences,Investigation complete; no suspect identified,
051150797f99d15bbb778b466fa2404cc77bb8cc211bf87cffb3ab88e4fae173,2021-06,Derbyshire Constabulary,Derbyshire Constabulary,-1.490154,52.925420,On or near Brick Street,E01013524,Derby 008C,Violence and sexual offences,Investigation complete; no suspect identified,
cd34e81c3c884fc1574bae1c8315a4a844c4540255667a4ef591831d8538f514,2021-06,Derbyshire Constabulary,Derbyshire Constabulary,-1.486128,52.926203,On or near Little Bridge Street,E01013524,Derby 008C,Violence and sexual offences,Unable to prosecute suspect,
78f313794af450a430c53cc6b54a5ae1520f643b40277ca443239a6d1f09075a,2021-06,Derbyshire Constabulary,Derbyshire Constabulary,-1.490154,52.925420,On or near Brick Street,E01013524,Derby 008C,Violence and sexual offences,Unable to prosecute suspect,
0d88fbf2cd02a1c4f20253af8e2f3d98101b4b6522849d30a2e62377a7ccc4b6,2021-06,Derbyshire Constabulary,Derbyshire Constabulary,-1.488083,52.926939,On or near Nun'S Street,E01013524,Derby 008C,Violence and sexual offences,Unable to prosecute suspect,
11a9394e8067aafc33d4ac0754ff75b2e303419e0917233530d0b80b31849b09,2021-06,Derbyshire Constabulary,Derbyshire Constabulary,-1.486738,52.928722,On or near Quarn Way,E01013524,Derby 008C,Violence and sexual offences,Unable to prosecute suspect,
48216955072bf55a205c86fe894fc8a36fa644c52b05f824cd325732ccc2f3e9,2021-06,Derbyshire Constabulary,Derbyshire Constabulary,-1.486738,52.928722,On or near Quarn Way,E01013524,Derby 008C,Violence and sexual offences,Unable to prosecute suspect,
72bdb4121df3f4010c21127c9877a7581514b3d2cab2932e42861b87be62be6b,2021-06,Derbyshire Constabulary,Derbyshire Constabulary,-1.490154,52.925420,On or near Brick Street,E01013524,Derby 008C,Violence and sexual offences,Status update unavailable,
573426c9850e079dd012001e5964193459f4956cab7f9c026532681c9b835ddf,2021-06,Derbyshire Constabulary,Derbyshire Constabulary,-1.490154,52.925420,On or near Brick Street,E01013524,Derby 008C,Violence and sexual offences,Awaiting court outcome,
3e0ab292bc1f3f1eb1481d4648aa1dc7199cbf5abe94ff8f5c0cea55bea9e133,2021-06,Derbyshire Constabulary,Derbyshire Constabulary,-1.486738,52.928722,On or near Quarn Way,E01013524,Derby 008C,Violence and sexual offences,Unable to prosecute suspect,
,2021-06,Derbyshire Constabulary,Derbyshire Constabulary,-1.474792,52.933677,On or near Derventio Close,E01013525,Derby 008D,Anti-social behaviour,,
,2021-06,Derbyshire Constabulary,Derbyshire Constabulary,-1.471341,52.934875,On or near Magnus Court,E01013525,Derby 008D,Anti-social behaviour,,
,2021-06,Derbyshire Constabulary,Derbyshire Constabulary,-1.473955,52.934006,On or near Old Chester Road,E01013525,Derby 008D,Anti-social behaviour,,
,2021-06,Derbyshire Constabulary,Derbyshire Constabulary,-1.470205,52.934106,On or near Vivian Street,E01013525,Derby 008D,Anti-social behaviour,,
,2021-06,Derbyshire Constabulary,Derbyshire Constabulary,-1.469906,52.931759,On or near Cut Lane,E01013525,Derby 008D,Anti-social behaviour,,
,2021-06,Derbyshire Constabulary,Derbyshire Constabulary,-1.479508,52.931190,On or near Otter Street,E01013525,Derby 008D,Anti-social behaviour,,
,2021-06,Derbyshire Constabulary,Derbyshire Constabulary,-1.471156,52.931701,On or near Caesar Street,E01013525,Derby 008D,Anti-social behaviour,,
,2021-06,Derbyshire Constabulary,Derbyshire Constabulary,-1.469101,52.931854,On or near Pedestrian Subway,E01013525,Derby 008D,Anti-social behaviour,,
,2021-06,Derbyshire Constabulary,Derbyshire Constabulary,-1.470051,52.933261,On or near Auriga Court,E01013525,Derby 008D,Anti-social behaviour,,
,2021-06,Derbyshire Constabulary,Derbyshire Constabulary,-1.474432,52.931491,On or near Sports/Recreation Area,E01013525,Derby 008D,Anti-social behaviour,,
,2021-06,Derbyshire Constabulary,Derbyshire Constabulary,-1.469477,52.930363,On or near Euston Drive,E01013525,Derby 008D,Anti-social behaviour,,
4879f509f76151587ba401485778f89fc5997d6fef6fd4566aa652d8a4130d59,2021-06,Derbyshire Constabulary,Derbyshire Constabulary,-1.479626,52.930094,On or near Margaret Street,E01013525,Derby 008D,Burglary,Investigation complete; no suspect identified,
5017ab0fdf2bf2ea9883d1548172d6c8b045fa4535d2fe09ad8c6a8e6e33a3b2,2021-06,Derbyshire Constabulary,Derbyshire Constabulary,-1.479508,52.931190,On or near Otter Street,E01013525,Derby 008D,Burglary,Investigation complete; no suspect identified,
87dc8ced72bd58614964964d8fb9af3814149ff08b946fe24cb3033c7e72f922,2021-06,Derbyshire Constabulary,Derbyshire Constabulary,-1.479508,52.931190,On or near Otter Street,E01013525,Derby 008D,Burglary,Investigation complete; no suspect identified,
e5b26a7f8da70b2ac997d79fadabc2f95e50cb83d1fff53b5b2125257eed018e,2021-06,Derbyshire Constabulary,Derbyshire Constabulary,-1.472728,52.933380,On or near Camp Street,E01013525,Derby 008D,Criminal damage and arson,Status update unavailable,
5aada4176c935cae1a93c8251b9f7f2dfebad40ac9ea03ecb7f38ec4cf83f293,2021-06,Derbyshire Constabulary,Derbyshire Constabulary,-1.470205,52.934106,On or near Vivian Street,E01013525,Derby 008D,Criminal damage and arson,Investigation complete; no suspect identified,
f4efeb4384722c59a5abfaec6e7dd3e24e31f7505670e33f1fef9770acc685b5,2021-06,Derbyshire Constabulary,Derbyshire Constabulary,-1.467658,52.940360,On or near Alfreton Road,E01013525,Derby 008D,Drugs,Offender given a drugs possession warning,
9c656c96f257a53e309c9100bc3e5ce26dce67546505a2bd67add3e1218e677e,2021-06,Derbyshire Constabulary,Derbyshire Constabulary,-1.479626,52.930094,On or near Margaret Street,E01013525,Derby 008D,Possession of weapons,Investigation complete; no suspect identified,
1c07abc4d16399614ee158a34097a532af9ba4baa0e59279f5a58c4f596be0dd,2021-06,Derbyshire Constabulary,Derbyshire Constabulary,-1.475729,52.930041,On or near Etruria Gardens,E01013525,Derby 008D,Public order,Investigation complete; no suspect identified,
42118a468c83eaedd4a82019b5dc360327cb36acea7b835e1de9b24f7f211781,2021-06,Derbyshire Constabulary,Derbyshire Constabulary,-1.475729,52.930041,On or near Etruria Gardens,E01013525,Derby 008D,Public order,Investigation complete; no suspect identified,
3d71bb55a013932a7c2d7e8a50512dd3ba5be8e265720d19179dd4fdb76370c1,2021-06,Derbyshire Constabulary,Derbyshire Constabulary,-1.471155,52.930623,On or near Adler Court,E01013525,Derby 008D,Public order,Further investigation is not in the public interest,
ac48ce1cde5eef7cb03b3b58caf9f84f13053efa2521f934aba405be7afe7167,2021-06,Derbyshire Constabulary,Derbyshire Constabulary,-1.474792,52.933677,On or near Derventio Close,E01013525,Derby 008D,Public order,Unable to prosecute suspect,
2443fc3c847ba7b326afc2bb27df043a5bae112fe6a6087da7b02b4cc0f0acdf,2021-06,Derbyshire Constabulary,Derbyshire Constabulary,-1.474792,52.933677,On or near Derventio Close,E01013525,Derby 008D,Public order,Unable to prosecute suspect,
5fc194c730c31307234e5f73170c345375aeea24cf8400fc1a66acf8e0b77aac,2021-06,Derbyshire Constabulary,Derbyshire Constabulary,-1.474792,52.933677,On or near Derventio Close,E01013525,Derby 008D,Theft from the person,Investigation complete; no suspect identified,
8bd882016d3998a6bff7562ec0f96da168f6b2a8d425f4e43b633f5fbc4df764,2021-06,Derbyshire Constabulary,Derbyshire Constabulary,-1.474792,52.933677,On or near Derventio Close,E01013525,Derby 008D,Vehicle crime,Investigation complete; no suspect identified,
2c30163b4e3edeef715ae0e65ebcf106f70dbc4e1cc030203ed673c2ed958a88,2021-06,Derbyshire Constabulary,Derbyshire Constabulary,-1.471155,52.930623,On or near Adler Court,E01013525,Derby 008D,Vehicle crime,Investigation complete; no suspect identified,
d7fea7754b7b13b407f3d436da71ec605d07407eb56fe1a471a50dc99da5423d,2021-06,Derbyshire Constabulary,Derbyshire Constabulary,-1.473689,52.932629,On or near Chester Green Road,E01013525,Derby 008D,Violence and sexual offences,Unable to prosecute suspect,
d44501553f456728f16bb6fe1b534d80933a51d82658faa49c1d0212c7deb24b,2021-06,Derbyshire Constabulary,Derbyshire Constabulary,-1.471155,52.930623,On or near Adler Court,E01013525,Derby 008D,Violence and sexual offences,Status update unavailable,
2d9a98680fde6c97e120751d3bfb44b7e444c25d46397ceb0335fa2d34032aa4,2021-06,Derbyshire Constabulary,Derbyshire Constabulary,-1.471155,52.930623,On or near Adler Court,E01013525,Derby 008D,Violence and sexual offences,Unable to prosecute suspect,
e30f6b05dc0d16160d821bec08982bdb7de756094ef1912700d9a10518a93bc3,2021-06,Derbyshire Constabulary,Derbyshire Constabulary,-1.471156,52.931701,On or near Caesar Street,E01013525,Derby 008D,Violence and sexual offences,Status update unavailable,
70c3a505ece584efae0b614e86cd2ea42d2642e3938f5fe26f982eea89f2f753,2021-06,Derbyshire Constabulary,Derbyshire Constabulary,-1.470205,52.934106,On or near Vivian Street,E01013525,Derby 008D,Violence and sexual offences,Status update unavailable,
0a30d420a2889b8f738b7230111b2345d6a79e6f2b7f2bf1e9e149dd42fb0147,2021-06,Derbyshire Constabulary,Derbyshire Constabulary,-1.473955,52.934006,On or near Old Chester Road,E01013525,Derby 008D,Violence and sexual offences,Local resolution,
01700db51326309de8caa02ad232b8dd2e60b9e6bce671a2995c3998115e9eca,2021-06,Derbyshire Constabulary,Derbyshire Constabulary,-1.471155,52.930623,On or near Adler Court,E01013525,Derby 008D,Violence and sexual offences,Unable to prosecute suspect,
d44501553f456728f16bb6fe1b534d80933a51d82658faa49c1d0212c7deb24b,2021-06,Derbyshire Constabulary,Derbyshire Constabulary,-1.469906,52.931759,On or near Cut Lane,E01013525,Derby 008D,Violence and sexual offences,Status update unavailable,
c3869e04f4c680c1343ba6a346c1b212c99b37c30611d490088a813acb039c3f,2021-06,Derbyshire Constabulary,Derbyshire Constabulary,-1.471156,52.931701,On or near Caesar Street,E01013525,Derby 008D,Violence and sexual offences,Unable to prosecute suspect,
63dd7627bf8e5c44257d6672d03101b00756cbadeab26ccedb7cbc9c99af1f15,2021-06,Derbyshire Constabulary,Derbyshire Constabulary,-1.471341,52.934875,On or near Magnus Court,E01013525,Derby 008D,Violence and sexual offences,Unable to prosecute suspect,
298ced17a425f724871e4cbe13af6f2ba7245513f6dc31c0161968b8b790d702,2021-06,Derbyshire Constabulary,Derbyshire Constabulary,-1.479508,52.931190,On or near Otter Street,E01013525,Derby 008D,Violence and sexual offences,Unable to prosecute suspect,
70c3a505ece584efae0b614e86cd2ea42d2642e3938f5fe26f982eea89f2f753,2021-06,Derbyshire Constabulary,Derbyshire Constabulary,-1.470605,52.932975,On or near Roman Road,E01013525,Derby 008D,Violence and sexual offences,Unable to prosecute suspect,
fe6ad2f2ff89576a6519c76d01cf7d765f85c1d3daadd73d7c6d48716a05396c,2021-06,Derbyshire Constabulary,Derbyshire Constabulary,-1.471156,52.931701,On or near Caesar Street,E01013525,Derby 008D,Violence and sexual offences,Unable to prosecute suspect,
ff3edc2aa0bf76b6213b3ae8cb856d4e4bc216674a2fce3a9b5994c54d08d368,2021-06,Derbyshire Constabulary,Derbyshire Constabulary,-1.474792,52.933677,On or near Derventio Close,E01013525,Derby 008D,Violence and sexual offences,Status update unavailable,
33b11693c141e779799e84cf452b631d11141cf8d5dfa0ca8fc36a8404cd42cf,2021-06,Derbyshire Constabulary,Derbyshire Constabulary,-1.471155,52.930623,On or near Adler Court,E01013525,Derby 008D,Violence and sexual offences,Unable to prosecute suspect,
817b132b8911a65f41a61dce3b6ba447c4696ceff001f6c114f261a35452d1e3,2021-06,Derbyshire Constabulary,Derbyshire Constabulary,-1.470205,52.934106,On or near Vivian Street,E01013525,Derby 008D,Violence and sexual offences,Unable to prosecute suspect,
e1b1412e4d1c7a5841653a180dcb19d6c40b4cbc2edce59ac1df1752e53b7d5a,2021-06,Derbyshire Constabulary,Derbyshire Constabulary,-1.470205,52.934106,On or near Vivian Street,E01013525,Derby 008D,Violence and sexual offences,Unable to prosecute suspect,
,2021-06,Derbyshire Constabulary,Derbyshire Constabulary,-1.507251,52.928809,On or near Harringay Gardens,E01013548,Derby 009A,Anti-social behaviour,,
,2021-06,Derbyshire Constabulary,Derbyshire Constabulary,-1.508767,52.925004,On or near Seymour Close,E01013548,Derby 009A,Anti-social behaviour,,
b99ddda50c177c8b4fa40b58dffd1b897bb048b6b126b507cd0b33336c9ba8d0,2021-06,Derbyshire Constabulary,Derbyshire Constabulary,-1.507251,52.928809,On or near Harringay Gardens,E01013548,Derby 009A,Public order,Investigation complete; no suspect identified,
a0f4157dfce11ac51669ee505769ccbb4d402e4e5f3cec143b47d2418d100a8e,2021-06,Derbyshire Constabulary,Derbyshire Constabulary,-1.507251,52.928809,On or near Harringay Gardens,E01013548,Derby 009A,Public order,Unable to prosecute suspect,
18ecb6f11aaaf6e461e95fe510987a07a3b387e7cbdd6a0436c3eb349b9485d7,2021-06,Derbyshire Constabulary,Derbyshire Constabulary,-1.507251,52.928809,On or near Harringay Gardens,E01013548,Derby 009A,Public order,Unable to prosecute suspect,
c808fe8094f75ee1a0c0c4060875801f6b46983719301bd29f752a453302daf4,2021-06,Derbyshire Constabulary,Derbyshire Constabulary,-1.507251,52.928809,On or near Harringay Gardens,E01013548,Derby 009A,Public order,Unable to prosecute suspect,
c6a5dd106ab6442a8c5bcc0e685b967bf2592f69585a9a1f5a8a7138736d727e,2021-06,Derbyshire Constabulary,Derbyshire Constabulary,-1.511818,52.928855,On or near Cricklewood Road,E01013548,Derby 009A,Violence and sexual offences,Unable to prosecute suspect,
a58593ef59bd134912d4dcc6d362679159bdbc18a9fe03621ed0b6bbb9a5ef24,2021-06,Derbyshire Constabulary,Derbyshire Constabulary,-1.511818,52.928855,On or near Cricklewood Road,E01013548,Derby 009A,Violence and sexual offences,Unable to prosecute suspect,
f5bce1be9105bf372994b790f19232a619b024697457aeb05bcb5f3b069d45c0,2021-06,Derbyshire Constabulary,Derbyshire Constabulary,-1.516377,52.928226,On or near St Bride'S Walk,E01013548,Derby 009A,Violence and sexual offences,Unable to prosecute suspect,
c1c532f8e1cbd170ea4ff439389b49ba485481be00ed89d048349dd475cb079d,2021-06,Derbyshire Constabulary,Derbyshire Constabulary,-1.511818,52.928855,On or near Cricklewood Road,E01013548,Derby 009A,Violence and sexual offences,Unable to prosecute suspect,
1bf658d5885cb3fa569150db12a9dd5e498377bc0ada6f85b0ebeeccc5405f22,2021-06,Derbyshire Constabulary,Derbyshire Constabulary,-1.511818,52.928855,On or near Cricklewood Road,E01013548,Derby 009A,Violence and sexual offences,Unable to prosecute suspect,
814d30d689fce6fdc13cfc108b21a277797fed72277966f33b69237bea210650,2021-06,Derbyshire Constabulary,Derbyshire Constabulary,-1.515285,52.926118,On or near Walthamstow Drive,E01013548,Derby 009A,Violence and sexual offences,Awaiting court outcome,
,2021-06,Derbyshire Constabulary,Derbyshire Constabulary,-1.527195,52.925186,On or near Bayswater Close,E01013549,Derby 009B,Anti-social behaviour,,
,2021-06,Derbyshire Constabulary,Derbyshire Constabulary,-1.527195,52.925186,On or near Bayswater Close,E01013549,Derby 009B,Anti-social behaviour,,
,2021-06,Derbyshire Constabulary,Derbyshire Constabulary,-1.535716,52.925382,On or near Epping Close,E01013549,Derby 009B,Anti-social behaviour,,
,2021-06,Derbyshire Constabulary,Derbyshire Constabulary,-1.533528,52.926910,On or near Dulwich Road,E01013549,Derby 009B,Anti-social behaviour,,
,2021-06,Derbyshire Constabulary,Derbyshire Constabulary,-1.535716,52.925382,On or near Epping Close,E01013549,Derby 009B,Anti-social behaviour,,
,2021-06,Derbyshire Constabulary,Derbyshire Constabulary,-1.533718,52.927181,On or near Moorgate,E01013549,Derby 009B,Anti-social behaviour,,
,2021-06,Derbyshire Constabulary,Derbyshire Constabulary,-1.530296,52.924497,On or near Thames Close,E01013549,Derby 009B,Anti-social behaviour,,
,2021-06,Derbyshire Constabulary,Derbyshire Constabulary,-1.534503,52.926177,On or near Milbank Close,E01013549,Derby 009B,Anti-social behaviour,,
,2021-06,Derbyshire Constabulary,Derbyshire Constabulary,-1.527195,52.925186,On or near Bayswater Close,E01013549,Derby 009B,Anti-social behaviour,,
bd3fd6ad6e88df53a578fb7d6a05f5278e889e249b1a9afaf3da98ae07155be3,2021-06,Derbyshire Constabulary,Derbyshire Constabulary,-1.530634,52.927609,On or near Burlington Road,E01013549,Derby 009B,Criminal damage and arson,Investigation complete; no suspect identified,
daa988c1c05bfb0bc9821548897bd4baf562c21efded77fde0971ce0d60eb97f,2021-06,Derbyshire Constabulary,Derbyshire Constabulary,-1.527195,52.925186,On or near Bayswater Close,E01013549,Derby 009B,Drugs,Further investigation is not in the public interest,
7897397a621762d5c9fb2fb8a44ff1b0acdc5668e3ee617d99705b0d9a8572be,2021-06,Derbyshire Constabulary,Derbyshire Constabulary,-1.535716,52.925382,On or near Epping Close,E01013549,Derby 009B,Other theft,Unable to prosecute suspect,
6a04fb3c56f4f973e48666a115cb0ff3a62a867f744101c82fe2d5cbcb9c55e4,2021-06,Derbyshire Constabulary,Derbyshire Constabulary,-1.528533,52.926576,On or near Chiswick Close,E01013549,Derby 009B,Other theft,Investigation complete; no suspect identified,
8899d939236e1b77a2ff43c9005d7c77e4f7700175251254ce330a62a4b036e5,2021-06,Derbyshire Constabulary,Derbyshire Constabulary,-1.527195,52.925186,On or near Bayswater Close,E01013549,Derby 009B,Vehicle crime,Investigation complete; no suspect identified,
6d328483643d17664d05145bdc770f845c0043d4907c0d0362a3552de42130c6,2021-06,Derbyshire Constabulary,Derbyshire Constabulary,-1.533718,52.927181,On or near Moorgate,E01013549,Derby 009B,Violence and sexual offences,Unable to prosecute suspect,
fe3c2895854efa88feb28a6647ad49dd7122d38c6d04dca780a0914eba31b369,2021-06,Derbyshire Constabulary,Derbyshire Constabulary,-1.532320,52.928587,On or near Radbourne Lane,E01013549,Derby 009B,Other crime,Further investigation is not in the public interest,
,2021-06,Derbyshire Constabulary,Derbyshire Constabulary,-1.514479,52.928992,On or near Wimpole Gardens,E01013552,Derby 009C,Anti-social behaviour,,
,2021-06,Derbyshire Constabulary,Derbyshire Constabulary,-1.514479,52.928992,On or near Wimpole Gardens,E01013552,Derby 009C,Anti-social behaviour,,
,2021-06,Derbyshire Constabulary,Derbyshire Constabulary,-1.520477,52.928683,On or near Aldwych,E01013552,Derby 009C,Anti-social behaviour,,
0d794b4ad1794b021584f15a67c94583155b088c5fc23064c32c242f92aff166,2021-06,Derbyshire Constabulary,Derbyshire Constabulary,-1.520870,52.925485,On or near Knightsbridge,E01013552,Derby 009C,Burglary,Awaiting court outcome,
595f255ce1204994f2ff74a899ff88f1952731b92d9d1dadb7fa2646a9e3423d,2021-06,Derbyshire Constabulary,Derbyshire Constabulary,-1.518403,52.926616,On or near Hampstead Drive,E01013552,Derby 009C,Public order,Unable to prosecute suspect,
a806121221cb96e366b4de9cc62c67948a3a60e2c6e44053a736927fc5e235a0,2021-06,Derbyshire Constabulary,Derbyshire Constabulary,-1.517023,52.930323,On or near Tufnell Gardens,E01013552,Derby 009C,Violence and sexual offences,Unable to prosecute suspect,
bad81ac0b9931b904b4646a3d610125c9b5b344cc81c21b774335df580722773,2021-06,Derbyshire Constabulary,Derbyshire Constabulary,-1.524338,52.927962,On or near Green Park,E01013552,Derby 009C,Violence and sexual offences,Unable to prosecute suspect,
02879b9dc5938a67edb2946e7b5faa0436613cd57546ab77c1388d6ab5fb52f9,2021-06,Derbyshire Constabulary,Derbyshire Constabulary,-1.520870,52.925485,On or near Knightsbridge,E01013552,Derby 009C,Violence and sexual offences,Status update unavailable,
ed57e810a4536c50750dd0488569a2e8ac28174721877a58e34adaed22475d7a,2021-06,Derbyshire Constabulary,Derbyshire Constabulary,-1.520870,52.925485,On or near Knightsbridge,E01013552,Derby 009C,Violence and sexual offences,Status update unavailable,
6296e9a21290696d6bbcf5f75115f52f247edcda492a01cdd0178c27ccfcd9b9,2021-06,Derbyshire Constabulary,Derbyshire Constabulary,-1.519738,52.929642,On or near Willesden Avenue,E01013552,Derby 009C,Violence and sexual offences,Unable to prosecute suspect,
b3e8ffb44633a28db7c7bb2b2ea126b4cba9f29dddc2d80e240a1ebd2f761b1a,2021-06,Derbyshire Constabulary,Derbyshire Constabulary,-1.519738,52.929642,On or near Willesden Avenue,E01013552,Derby 009C,Violence and sexual offences,Unable to prosecute suspect,
0bd4454a2c8f01c9a7986a27ecb577ceb87d034efb5e8bb4ab30b2d5cf1ce073,2021-06,Derbyshire Constabulary,Derbyshire Constabulary,-1.520870,52.925485,On or near Knightsbridge,E01013552,Derby 009C,Violence and sexual offences,Unable to prosecute suspect,
0ae5911c95da5fe577c44bced0eb94b95cbc4949bf393eaa1bc326494e2b3549,2021-06,Derbyshire Constabulary,Derbyshire Constabulary,-1.519615,52.927304,On or near Surbiton Close,E01013552,Derby 009C,Violence and sexual offences,Investigation complete; no suspect identified,
fa63cf449325b7c75c310d684692a6d26fc8daa54fa13948696e76f3099dab11,2021-06,Derbyshire Constabulary,Derbyshire Constabulary,-1.518115,52.925752,On or near Twickenham Drive,E01013552,Derby 009C,Violence and sexual offences,Status update unavailable,
2387841b9abcc592ea3e88099a8138fc97f75c78c1977bbaff68fbbdf42b2971,2021-06,Derbyshire Constabulary,Derbyshire Constabulary,-1.518115,52.925752,On or near Twickenham Drive,E01013552,Derby 009C,Violence and sexual offences,Status update unavailable,
,2021-06,Derbyshire Constabulary,Derbyshire Constabulary,-1.526280,52.928572,On or near Finchley Avenue,E01013553,Derby 009D,Anti-social behaviour,,
,2021-06,Derbyshire Constabulary,Derbyshire Constabulary,-1.527655,52.928029,On or near Drayton Avenue,E01013553,Derby 009D,Anti-social behaviour,,
,2021-06,Derbyshire Constabulary,Derbyshire Constabulary,-1.527655,52.928029,On or near Drayton Avenue,E01013553,Derby 009D,Anti-social behaviour,,
a1153c6bd8b24ca509de1c1872846aa2a2946975ab18168a63a5c846998500a8,2021-06,Derbyshire Constabulary,Derbyshire Constabulary,-1.523998,52.926432,On or near Sloane Road,E01013553,Derby 009D,Burglary,Status update unavailable,
40f810853ce3005f81cc9edf0e4beaadcb805b614491943c6c0a9d6efc3b7bb3,2021-06,Derbyshire Constabulary,Derbyshire Constabulary,-1.523998,52.926432,On or near Sloane Road,E01013553,Derby 009D,Criminal damage and arson,Unable to prosecute suspect,
328bcc136c10d09c297fd5cafae108c8c7e7c3a680f50603d164ea2b84e5b168,2021-06,Derbyshire Constabulary,Derbyshire Constabulary,-1.527667,52.928254,On or near Edgware Road,E01013553,Derby 009D,Criminal damage and arson,Status update unavailable,
e194fed5fb67a9be41ad8cbc6a31cc0e014610e514ab0b69ea3f39e3d6e54b37,2021-06,Derbyshire Constabulary,Derbyshire Constabulary,-1.526957,52.931963,On or near Aldersgate,E01013553,Derby 009D,Criminal damage and arson,Unable to prosecute suspect,
2112d1c3e0937bfa74e477252a06ab1b2811d183745a7ba06e34d33a10378676,2021-06,Derbyshire Constabulary,Derbyshire Constabulary,-1.527667,52.928254,On or near Edgware Road,E01013553,Derby 009D,Criminal damage and arson,Status update unavailable,
dcffdc0db839827b0ac87484c42c7b4baa30b55f1d638bb2098738d24cb28fbb,2021-06,Derbyshire Constabulary,Derbyshire Constabulary,-1.524272,52.932681,On or near Ashbourne Road,E01013553,Derby 009D,Criminal damage and arson,Investigation complete; no suspect identified,
344294c8238174ea98cb6fc7ce6bc701c1f541366992ae6056e7ab9fce54f30e,2021-06,Derbyshire Constabulary,Derbyshire Constabulary,-1.523998,52.926432,On or near Sloane Road,E01013553,Derby 009D,Drugs,Investigation complete; no suspect identified,
10a2a6e297afde96968dda628f53b8bd4fca14056cd70396498a87242e05ca43,2021-06,Derbyshire Constabulary,Derbyshire Constabulary,-1.527667,52.928254,On or near Edgware Road,E01013553,Derby 009D,Public order,Status update unavailable,
c9590bef40e0b9b3295751cf8cbb1d0b06b2eec6ffd4394d1b971e70a1068e75,2021-06,Derbyshire Constabulary,Derbyshire Constabulary,-1.527667,52.928254,On or near Edgware Road,E01013553,Derby 009D,Public order,Status update unavailable,
2a457c322e32d500930b9fe7283faf48f6b3d2092c5e2767e8f14e6c12c96b56,2021-06,Derbyshire Constabulary,Derbyshire Constabulary,-1.526280,52.928572,On or near Finchley Avenue,E01013553,Derby 009D,Violence and sexual offences,Investigation complete; no suspect identified,
217d845fba61a7ec9aed016885a925c77135d9da284351b55f476096174428a9,2021-06,Derbyshire Constabulary,Derbyshire Constabulary,-1.526280,52.928572,On or near Finchley Avenue,E01013553,Derby 009D,Violence and sexual offences,Investigation complete; no suspect identified,
60039546d0905da09a97a1fa91390928288dec0447e769ccacaa65ea730ddede,2021-06,Derbyshire Constabulary,Derbyshire Constabulary,-1.528717,52.928833,On or near Ladbroke Gardens,E01013553,Derby 009D,Violence and sexual offences,Unable to prosecute suspect,
eaae742c7c0e61a4a290276d86c7f116d8b8889213cf72428c98b98da256447c,2021-06,Derbyshire Constabulary,Derbyshire Constabulary,-1.526280,52.928572,On or near Finchley Avenue,E01013553,Derby 009D,Violence and sexual offences,Investigation complete; no suspect identified,
df0f38495ffb0231f979f045ec5d3cbce46128a218692fe202d3d21bd3c6345b,2021-06,Derbyshire Constabulary,Derbyshire Constabulary,-1.526693,52.926218,On or near Isleworth Drive,E01013553,Derby 009D,Violence and sexual offences,Unable to prosecute suspect,
5a330c941696523d7fd2935414ab0e8ed8297a311880d878f0f95240566be4f4,2021-06,Derbyshire Constabulary,Derbyshire Constabulary,-1.524128,52.930855,On or near Sydenham Road,E01013553,Derby 009D,Violence and sexual offences,Investigation complete; no suspect identified,
0074e8a3c831963c674c9f68ce71ade167d0b9b27f416e4cd94f4472bf8dfe06,2021-06,Derbyshire Constabulary,Derbyshire Constabulary,-1.527655,52.928029,On or near Drayton Avenue,E01013553,Derby 009D,Violence and sexual offences,Status update unavailable,
eb2b24645258078f0d8a099d5c3de6b807767413318cb902325f8fd952446c4c,2021-06,Derbyshire Constabulary,Derbyshire Constabulary,-1.527667,52.928254,On or near Edgware Road,E01013553,Derby 009D,Violence and sexual offences,Status update unavailable,
7569cb67c6db5214a37045a675985c44d508a73de73894965d997aa05bf81c4e,2021-06,Derbyshire Constabulary,Derbyshire Constabulary,-1.527655,52.928029,On or near Drayton Avenue,E01013553,Derby 009D,Violence and sexual offences,Status update unavailable,
39a00bd91dc406ace3d64e2327e9f2415e93afa4fd85dee7b1fe2a4329026ed5,2021-06,Derbyshire Constabulary,Derbyshire Constabulary,-1.526280,52.928572,On or near Finchley Avenue,E01013553,Derby 009D,Violence and sexual offences,Unable to prosecute suspect,
d3824624082c059de559ff90eb6f76f516e24cf8bb5581c8439cde40d384ea57,2021-06,Derbyshire Constabulary,Derbyshire Constabulary,-1.527655,52.928029,On or near Drayton Avenue,E01013553,Derby 009D,Violence and sexual offences,Unable to prosecute suspect,
75f23009f7b82c7a5a2da904463541d2e373d6d9782840761263a9c469dc7565,2021-06,Derbyshire Constabulary,Derbyshire Constabulary,-1.526693,52.926218,On or near Isleworth Drive,E01013553,Derby 009D,Violence and sexual offences,Unable to prosecute suspect,
b3dbb529908a396f805aca28034a15d896329992201ccda3d85361090b3b60c4,2021-06,Derbyshire Constabulary,Derbyshire Constabulary,-1.526280,52.928572,On or near Finchley Avenue,E01013553,Derby 009D,Violence and sexual offences,Investigation complete; no suspect identified,
87295cb84fc9a2f85f5174bbc56393c5b96bb6f4e1b2b1e587907ace9e556a14,2021-06,Derbyshire Constabulary,Derbyshire Constabulary,-1.527655,52.928029,On or near Drayton Avenue,E01013553,Derby 009D,Violence and sexual offences,Status update unavailable,
70bd465a78d6158ce32bed68fe1af21a70356df454e1c0020f0e20913f7a37ce,2021-06,Derbyshire Constabulary,Derbyshire Constabulary,-1.527655,52.928029,On or near Drayton Avenue,E01013553,Derby 009D,Violence and sexual offences,Status update unavailable,
51ec215664fa1b0e88c55d8b31e5938b51690a7fb8bcf24e7fdf58f9651755ce,2021-06,Derbyshire Constabulary,Derbyshire Constabulary,-1.527667,52.928254,On or near Edgware Road,E01013553,Derby 009D,Violence and sexual offences,Status update unavailable,
eb2b24645258078f0d8a099d5c3de6b807767413318cb902325f8fd952446c4c,2021-06,Derbyshire Constabulary,Derbyshire Constabulary,-1.527655,52.928029,On or near Drayton Avenue,E01013553,Derby 009D,Violence and sexual offences,Unable to prosecute suspect,
7959b3bbd459238e34fde74d9e352085466e910b4d07c8424a413bbb91cf48fc,2021-06,Derbyshire Constabulary,Derbyshire Constabulary,-1.526280,52.928572,On or near Finchley Avenue,E01013553,Derby 009D,Violence and sexual offences,Unable to prosecute suspect,
8c253da6a69dccfa89df7bcf493c01db502f4debe9b873e5c24eef9285e56906,2021-06,Derbyshire Constabulary,Derbyshire Constabulary,-1.528717,52.928833,On or near Ladbroke Gardens,E01013553,Derby 009D,Violence and sexual offences,Unable to prosecute suspect,
70fde5769bca6de46f45fe799d5d32e1505e8f1c3ba23ebeba6e8738d89f8911,2021-06,Derbyshire Constabulary,Derbyshire Constabulary,-1.524728,52.930381,On or near Reigate Drive,E01013553,Derby 009D,Violence and sexual offences,Unable to prosecute suspect,
f29d7d6fe7f28a8b9e993197c867d95e325245371a9c504bca3dd95453aadf21,2021-06,Derbyshire Constabulary,Derbyshire Constabulary,-1.527655,52.928029,On or near Drayton Avenue,E01013553,Derby 009D,Violence and sexual offences,Unable to prosecute suspect,
,2021-06,Derbyshire Constabulary,Derbyshire Constabulary,-1.522472,52.923163,On or near Collingham Gardens,E01013555,Derby 009E,Anti-social behaviour,,
,2021-06,Derbyshire Constabulary,Derbyshire Constabulary,-1.522472,52.923163,On or near Collingham Gardens,E01013555,Derby 009E,Anti-social behaviour,,
,2021-06,Derbyshire Constabulary,Derbyshire Constabulary,-1.517674,52.923890,On or near Laburnum Grove,E01013555,Derby 009E,Anti-social behaviour,,
,2021-06,Derbyshire Constabulary,Derbyshire Constabulary,-1.518865,52.922456,On or near Fulham Road,E01013555,Derby 009E,Anti-social behaviour,,
,2021-06,Derbyshire Constabulary,Derbyshire Constabulary,-1.520187,52.921266,On or near Peckham Gardens,E01013555,Derby 009E,Anti-social behaviour,,
,2021-06,Derbyshire Constabulary,Derbyshire Constabulary,-1.523902,52.924319,On or near Carnaby Close,E01013555,Derby 009E,Anti-social behaviour,,
69515d4e26828038174281cccce528a383f316b161786a70f17646b0685da970,2021-06,Derbyshire Constabulary,Derbyshire Constabulary,-1.514512,52.923400,On or near Kew Gardens,E01013555,Derby 009E,Burglary,Investigation complete; no suspect identified,
18357e11cdd1ba27978591b7bdd29225a850c70e7f635d905fb281f1f9a30255,2021-06,Derbyshire Constabulary,Derbyshire Constabulary,-1.523902,52.924319,On or near Carnaby Close,E01013555,Derby 009E,Public order,Further investigation is not in the public interest,
031a337268ef42328ef87470a8d32919df191fcaf691f694dbd49b356e4a70f9,2021-06,Derbyshire Constabulary,Derbyshire Constabulary,-1.514512,52.923400,On or near Kew Gardens,E01013555,Derby 009E,Vehicle crime,Awaiting court outcome,
c7e6bf56eb07ad05daa6292c5f8abe768f5d6f375414c8408ac66835c42efc29,2021-06,Derbyshire Constabulary,Derbyshire Constabulary,-1.520187,52.921266,On or near Peckham Gardens,E01013555,Derby 009E,Violence and sexual offences,Unable to prosecute suspect,
824acf558fbdf8ef0895c2d97c8149b5906e538d4d907bf74111076995825ef6,2021-06,Derbyshire Constabulary,Derbyshire Constabulary,-1.517674,52.923890,On or near Laburnum Grove,E01013555,Derby 009E,Violence and sexual offences,Unable to prosecute suspect,
ba5e9c6488114dbe1d12e588f36cdeca893d188f56ed6c3011dc8f151ca3a63f,2021-06,Derbyshire Constabulary,Derbyshire Constabulary,-1.517674,52.923890,On or near Laburnum Grove,E01013555,Derby 009E,Violence and sexual offences,Local resolution,
ceaab5bab0316cb071b40446a0e3b50e13676bb088bdf4e1a7c61a40d83314ba,2021-06,Derbyshire Constabulary,Derbyshire Constabulary,-1.520187,52.921266,On or near Peckham Gardens,E01013555,Derby 009E,Violence and sexual offences,Unable to prosecute suspect,
7b94e9c6f3d3dc2e3b458886d35e98f39ca1548614805fd865f4f8ff90f3eaf7,2021-06,Derbyshire Constabulary,Derbyshire Constabulary,-1.520187,52.921266,On or near Peckham Gardens,E01013555,Derby 009E,Violence and sexual offences,Unable to prosecute suspect,
85c8b84646fb4ff84189187c73c76dede1abf00bb153de28bbd0508b9137f8f8,2021-06,Derbyshire Constabulary,Derbyshire Constabulary,-1.523902,52.924319,On or near Carnaby Close,E01013555,Derby 009E,Violence and sexual offences,Unable to prosecute suspect,
2e346c22231da903152bdfc153a20584b659497052b4981686c6700333f6a3b8,2021-06,Derbyshire Constabulary,Derbyshire Constabulary,-1.518606,52.921709,On or near Norwood Close,E01013555,Derby 009E,Violence and sexual offences,Unable to prosecute suspect,
41f6dd867e146cd799c7bdbc628a7c7002035d46b62993c7683b7eb15bdcaa2a,2021-06,Derbyshire Constabulary,Derbyshire Constabulary,-1.518113,52.923208,On or near Lilac Avenue,E01013555,Derby 009E,Violence and sexual offences,Unable to prosecute suspect,
1bf3bd31bdef25f5964a374438539e6439a96c76e62e7211b5966f0eea659b55,2021-06,Derbyshire Constabulary,Derbyshire Constabulary,-1.518865,52.922456,On or near Fulham Road,E01013555,Derby 009E,Violence and sexual offences,Awaiting court outcome,
35e9c2ff9d16d6d05921445c8d3c03a4f3974c3893587d69e3c9908500019eed,2021-06,Derbyshire Constabulary,Derbyshire Constabulary,-1.523902,52.924319,On or near Carnaby Close,E01013555,Derby 009E,Violence and sexual offences,Status update unavailable,
d21aa2687893512970511525b88d3721c28b10e4cc2b5b0afb104db1648d62cb,2021-06,Derbyshire Constabulary,Derbyshire Constabulary,-1.523902,52.924319,On or near Carnaby Close,E01013555,Derby 009E,Violence and sexual offences,Status update unavailable,
7be38f41cb9ef6e4a0ed211f4795bbdae8640b898dead8979ac64bf2a30ba356,2021-06,Derbyshire Constabulary,Derbyshire Constabulary,-1.518606,52.921709,On or near Norwood Close,E01013555,Derby 009E,Violence and sexual offences,Unable to prosecute suspect,
751b2d426e776120f2a14d2232acef08d94ae6e8f7fa07de7b79bf5ae37caab7,2021-06,Derbyshire Constabulary,Derbyshire Constabulary,-1.514512,52.923400,On or near Kew Gardens,E01013555,Derby 009E,Violence and sexual offences,Awaiting court outcome,
5e4010e4a3416d471ba13514e8fb21f475935eedd45b5093db009c05a60005bc,2021-06,Derbyshire Constabulary,Derbyshire Constabulary,-1.523902,52.924319,On or near Carnaby Close,E01013555,Derby 009E,Violence and sexual offences,Unable to prosecute suspect,
bdb5d86e70842ba45b3187cdfc044aff23b4899d398fdb08633e898032f8fd02,2021-06,Derbyshire Constabulary,Derbyshire Constabulary,-1.400078,52.922779,On or near Moor Street,E01013592,Derby 010A,Burglary,Investigation complete; no suspect identified,
02be5ca2ad2efdcaf20d7ed1da052f22382720e8517b3828d990562f7bc053fb,2021-06,Derbyshire Constabulary,Derbyshire Constabulary,-1.407429,52.918177,On or near Ayr Close,E01013592,Derby 010A,Public order,Unable to prosecute suspect,
c4465ecec8a93bf87fde63a95dab57205d293b70074e179018e317a08d38a426,2021-06,Derbyshire Constabulary,Derbyshire Constabulary,-1.403493,52.921070,On or near Supermarket,E01013592,Derby 010A,Vehicle crime,Investigation complete; no suspect identified,
a285c89534936f605e1b6ba1aba8bbad1b123419605d3254b6acd572055e4f20,2021-06,Derbyshire Constabulary,Derbyshire Constabulary,-1.407429,52.918177,On or near Ayr Close,E01013592,Derby 010A,Violence and sexual offences,Status update unavailable,
c9ffc66ac885eecb2d61cc78f69d528d73d18c8af89fb573a094093b1cef84bb,2021-06,Derbyshire Constabulary,Derbyshire Constabulary,-1.403493,52.921070,On or near Supermarket,E01013592,Derby 010A,Violence and sexual offences,Unable to prosecute suspect,
2f705dbbf952bc7946d3535b19a9e599fccd409a9bec6c98b32d3edfe7e2528e,2021-06,Derbyshire Constabulary,Derbyshire Constabulary,-1.403493,52.921070,On or near Supermarket,E01013592,Derby 010A,Violence and sexual offences,Investigation complete; no suspect identified,
764f41d3bf4a683a4db4b7f6d999cdccafb2459bf27a39b84a30f5ee8d1d08fc,2021-06,Derbyshire Constabulary,Derbyshire Constabulary,-1.407429,52.918177,On or near Ayr Close,E01013592,Derby 010A,Other crime,Status update unavailable,
,2021-06,Derbyshire Constabulary,Derbyshire Constabulary,-1.411124,52.922052,On or near Devas Gardens,E01013596,Derby 010C,Anti-social behaviour,,
,2021-06,Derbyshire Constabulary,Derbyshire Constabulary,-1.411124,52.922052,On or near Devas Gardens,E01013596,Derby 010C,Anti-social behaviour,,
,2021-06,Derbyshire Constabulary,Derbyshire Constabulary,-1.409221,52.923121,On or near Sunningdale Avenue,E01013596,Derby 010C,Anti-social behaviour,,
4eee786ddd8db9e1df4d57f952877e24409da5e8b781450ed23f8a2ce22984e7,2021-06,Derbyshire Constabulary,Derbyshire Constabulary,-1.406213,52.920059,On or near Ingle Close,E01013596,Derby 010C,Vehicle crime,Investigation complete; no suspect identified,
5d3a314a64aa63fede4199b7c46f264e709f5ed086002821b5ba12543cdd45e4,2021-06,Derbyshire Constabulary,Derbyshire Constabulary,-1.411124,52.922052,On or near Devas Gardens,E01013596,Derby 010C,Violence and sexual offences,Local resolution,
d112b5ac80e59d192982cf06458b78798a90d50f5e3c5c89651782290d356166,2021-06,Derbyshire Constabulary,Derbyshire Constabulary,-1.410607,52.920701,On or near Park Road,E01013596,Derby 010C,Violence and sexual offences,Unable to prosecute suspect,
6c2778ccce61bc38fb5168a04648390a829e4ec973f03390588672a40717bc7b,2021-06,Derbyshire Constabulary,Derbyshire Constabulary,-1.411124,52.922052,On or near Devas Gardens,E01013596,Derby 010C,Violence and sexual offences,Unable to prosecute suspect,
888ed11a922675530acffb45d0ea1af8ef5c9b4c3e41d0a4465a85002b43af5d,2021-06,Derbyshire Constabulary,Derbyshire Constabulary,-1.407666,52.923653,On or near Sports/Recreation Area,E01013596,Derby 010C,Violence and sexual offences,Unable to prosecute suspect,
2a7d9ef910261d681d023fed58b403907b637d506b7ef1f69ab47643de2fbf48,2021-06,Derbyshire Constabulary,Derbyshire Constabulary,-1.390769,52.925788,On or near Birch Close,E01013599,Derby 010D,Public order,Unable to prosecute suspect,
2b373d1d60040e44c3e314ed0e107ff43915a2ce07ac9959aaf12c756efdc1df,2021-06,Derbyshire Constabulary,Derbyshire Constabulary,-1.394397,52.926984,On or near Greenfinch Close,E01013599,Derby 010D,Violence and sexual offences,Unable to prosecute suspect,
c9ffc66ac885eecb2d61cc78f69d528d73d18c8af89fb573a094093b1cef84bb,2021-06,Derbyshire Constabulary,Derbyshire Constabulary,-1.394621,52.924783,On or near Fellside,E01013599,Derby 010D,Violence and sexual offences,Status update unavailable,
6413117f1c0141eac3eb235163c4e5575cac1539543dd3d8963fee52806705b7,2021-06,Derbyshire Constabulary,Derbyshire Constabulary,-1.395212,52.927195,On or near Redstart Close,E01013599,Derby 010D,Other crime,Status update unavailable,
,2021-06,Derbyshire Constabulary,Derbyshire Constabulary,-1.499712,52.926000,On or near Peel Street,E01013547,Derby 011A,Anti-social behaviour,,
,2021-06,Derbyshire Constabulary,Derbyshire Constabulary,-1.500547,52.927100,On or near Cross Street,E01013547,Derby 011A,Anti-social behaviour,,
,2021-06,Derbyshire Constabulary,Derbyshire Constabulary,-1.498711,52.925025,On or near Langley Street,E01013547,Derby 011A,Anti-social behaviour,,
,2021-06,Derbyshire Constabulary,Derbyshire Constabulary,-1.500547,52.927100,On or near Cross Street,E01013547,Derby 011A,Anti-social behaviour,,
,2021-06,Derbyshire Constabulary,Derbyshire Constabulary,-1.502660,52.927001,On or near Cooper Street,E01013547,Derby 011A,Anti-social behaviour,,
,2021-06,Derbyshire Constabulary,Derbyshire Constabulary,-1.497255,52.926187,On or near Surrey Street,E01013547,Derby 011A,Anti-social behaviour,,
,2021-06,Derbyshire Constabulary,Derbyshire Constabulary,-1.498711,52.925025,On or near Langley Street,E01013547,Derby 011A,Anti-social behaviour,,
,2021-06,Derbyshire Constabulary,Derbyshire Constabulary,-1.502957,52.928333,On or near Sutton Close,E01013547,Derby 011A,Anti-social behaviour,,
2636c7c84c7f7eb95183146ced46040759d377de07b57e752afbf38985991956,2021-06,Derbyshire Constabulary,Derbyshire Constabulary,-1.497158,52.926888,On or near Ashbourne Road,E01013547,Derby 011A,Criminal damage and arson,Investigation complete; no suspect identified,
a8909494b7d7477e1311f25ca9509462e04bac3bdb9d67c8286ff6000da3e2f4,2021-06,Derbyshire Constabulary,Derbyshire Constabulary,-1.496891,52.925485,On or near Richardson Street,E01013547,Derby 011A,Criminal damage and arson,Investigation complete; no suspect identified,
93ef5561807831eb63ef9110690258da48fd3e12e8649b7adcc6788e4e556afd,2021-06,Derbyshire Constabulary,Derbyshire Constabulary,-1.498013,52.924950,On or near Cecil Street,E01013547,Derby 011A,Criminal damage and arson,Local resolution,
24aaaaf270a24a4a58d0e65b2006518693dc9ea5725ffa9e4f7a0950335bed33,2021-06,Derbyshire Constabulary,Derbyshire Constabulary,-1.498947,52.926554,On or near Manchester Street,E01013547,Derby 011A,Drugs,Awaiting court outcome,
52a4f20aedcf2cba65a0c2594a58051dce4650f8bb67f085b35f13c1f67cc38b,2021-06,Derbyshire Constabulary,Derbyshire Constabulary,-1.502660,52.927001,On or near Cooper Street,E01013547,Derby 011A,Drugs,Investigation complete; no suspect identified,
24aaaaf270a24a4a58d0e65b2006518693dc9ea5725ffa9e4f7a0950335bed33,2021-06,Derbyshire Constabulary,Derbyshire Constabulary,-1.500547,52.927100,On or near Cross Street,E01013547,Derby 011A,Drugs,Status update unavailable,
ef5212e6ab578f8c987c01d750f726df29faac0ee42398181fa82d3926e58820,2021-06,Derbyshire Constabulary,Derbyshire Constabulary,-1.500547,52.927100,On or near Cross Street,E01013547,Derby 011A,Other theft,Status update unavailable,
adccd40f4979721f7d9fca1bca52b840b85af382c7490b082376ef7642a86e37,2021-06,Derbyshire Constabulary,Derbyshire Constabulary,-1.498013,52.924950,On or near Cecil Street,E01013547,Derby 011A,Possession of weapons,Local resolution,
47d7543363f534c9d6b3b0c63101f034bfeb3dce3f96df05aab1c5c8376116bf,2021-06,Derbyshire Constabulary,Derbyshire Constabulary,-1.497137,52.924856,On or near Handford Street,E01013547,Derby 011A,Public order,Unable to prosecute suspect,
0f2ff647b38eda782ba65f5f20bb1fb70c80c562e31fe150704f04c3cad42d2d,2021-06,Derbyshire Constabulary,Derbyshire Constabulary,-1.496891,52.925485,On or near Richardson Street,E01013547,Derby 011A,Vehicle crime,Investigation complete; no suspect identified,
6abc9586bc5a9a706b643a33f6c6ca774518870ec6cd45584d2adaffdc5433e0,2021-06,Derbyshire Constabulary,Derbyshire Constabulary,-1.498013,52.924950,On or near Cecil Street,E01013547,Derby 011A,Violence and sexual offences,Unable to prosecute suspect,
419af3d04da00fa4d8cccb816627e6bdabf10d15f974c60c0063a6d61d87c65d,2021-06,Derbyshire Constabulary,Derbyshire Constabulary,-1.498013,52.924950,On or near Cecil Street,E01013547,Derby 011A,Violence and sexual offences,Local resolution,
e5b721e949a3af3d33aedf33b09882e7e55ddc9b3a41429804369b03175b7236,2021-06,Derbyshire Constabulary,Derbyshire Constabulary,-1.497137,52.924856,On or near Handford Street,E01013547,Derby 011A,Violence and sexual offences,Unable to prosecute suspect,
84d94de4263264343b399fe0bdaf6787c293f389477b7f56d2174a2df78a4786,2021-06,Derbyshire Constabulary,Derbyshire Constabulary,-1.503082,52.925286,On or near Heyworth Street,E01013547,Derby 011A,Violence and sexual offences,Investigation complete; no suspect identified,
215f0a21c9f83312786ea5c3c9328b06eea5f4bd069c2867e89ea7b85de29747,2021-06,Derbyshire Constabulary,Derbyshire Constabulary,-1.501891,52.926647,On or near Bass Street,E01013547,Derby 011A,Violence and sexual offences,Further investigation is not in the public interest,
5439469c9f31425e56703b22507af415b8ac67387dde563af06a88b887f30dfd,2021-06,Derbyshire Constabulary,Derbyshire Constabulary,-1.496891,52.925485,On or near Richardson Street,E01013547,Derby 011A,Violence and sexual offences,Unable to prosecute suspect,
0c2afe7e0ffb87d1410a074647048886b856dbfb11c90462aaa0fd9f533f89ad,2021-06,Derbyshire Constabulary,Derbyshire Constabulary,-1.504621,52.924663,On or near Napier Street,E01013547,Derby 011A,Violence and sexual offences,Unable to prosecute suspect,
34cb7b8c47951fa1e2480cd0bfb725404a06be5a66d68fbfc52e5e53c5dc1159,2021-06,Derbyshire Constabulary,Derbyshire Constabulary,-1.498013,52.924950,On or near Cecil Street,E01013547,Derby 011A,Violence and sexual offences,Unable to prosecute suspect,
b43212bff8d4e2302c252d58d87e8142a7fe6be7bf0ab3560f6afe491591f1c4,2021-06,Derbyshire Constabulary,Derbyshire Constabulary,-1.503082,52.925286,On or near Heyworth Street,E01013547,Derby 011A,Violence and sexual offences,Status update unavailable,
aaf4ad597a5acb8e056f9c0b893ccc0286ed01363a8b044ef9bce99285cbabbe,2021-06,Derbyshire Constabulary,Derbyshire Constabulary,-1.504621,52.924663,On or near Napier Street,E01013547,Derby 011A,Violence and sexual offences,Unable to prosecute suspect,
59da78f91e026278db0facfd5725861e89d955d791df3b99c3c8ab4cfa722e09,2021-06,Derbyshire Constabulary,Derbyshire Constabulary,-1.501891,52.926647,On or near Bass Street,E01013547,Derby 011A,Violence and sexual offences,Unable to prosecute suspect,
3ee98f6cba8e7de08208c00fe3429e1e1d670786cb9fc8ffd10b3f8bec647ae7,2021-06,Derbyshire Constabulary,Derbyshire Constabulary,-1.504621,52.924663,On or near Napier Street,E01013547,Derby 011A,Violence and sexual offences,Unable to prosecute suspect,
a2808965c738feec7e3394e428703dfebcd7b30a49f4d20a08cd092e1978b32a,2021-06,Derbyshire Constabulary,Derbyshire Constabulary,-1.500547,52.927100,On or near Cross Street,E01013547,Derby 011A,Violence and sexual offences,Status update unavailable,
4da07938dd1f19c6bcb1e55c68c385c2ece489aa2d69239b339911168b34956e,2021-06,Derbyshire Constabulary,Derbyshire Constabulary,-1.500547,52.927100,On or near Cross Street,E01013547,Derby 011A,Violence and sexual offences,Status update unavailable,
63df77ad27e74f86d99ca15309f7c581b4623532cb4765326d85dbaf23b3b263,2021-06,Derbyshire Constabulary,Derbyshire Constabulary,-1.497137,52.924856,On or near Handford Street,E01013547,Derby 011A,Violence and sexual offences,Status update unavailable,
,2021-06,Derbyshire Constabulary,Derbyshire Constabulary,-1.506255,52.923519,On or near Ashley Street,E01013550,Derby 011B,Anti-social behaviour,,
17b3a65f93d1ba65451171c1e94dbb45b88549ffcd1886e5d58ca554af461667,2021-06,Derbyshire Constabulary,Derbyshire Constabulary,-1.508391,52.924013,On or near Lyttelton Street,E01013550,Derby 011B,Bicycle theft,Investigation complete; no suspect identified,
5ec5753902af3194a3a6ea0e48fe1f2fa3877ba59cf389a6c5976c2153b0d295,2021-06,Derbyshire Constabulary,Derbyshire Constabulary,-1.502938,52.923541,On or near Bright Street,E01013550,Derby 011B,Criminal damage and arson,Investigation complete; no suspect identified,
48139421107d28e632553bf3d4fe113c5ebe566957401e6e8dc8c62df2d88bd1,2021-06,Derbyshire Constabulary,Derbyshire Constabulary,-1.507576,52.925080,On or near Westleigh Avenue,E01013550,Derby 011B,Other theft,Unable to prosecute suspect,
20f2e44ddc5d177e7f03dc88e54ff854aaae376340fc0729e9a3f30dbcea6e46,2021-06,Derbyshire Constabulary,Derbyshire Constabulary,-1.509690,52.924954,On or near Raleigh Street,E01013550,Derby 011B,Public order,Awaiting court outcome,
f2b44666c106c4003b6a718e58aee43706ce9afbaf7957dedfb819e72ce9df7e,2021-06,Derbyshire Constabulary,Derbyshire Constabulary,-1.506694,52.922901,On or near Cheviot Street,E01013550,Derby 011B,Robbery,Unable to prosecute suspect,
008aba6c6e8a0d7a4f9a4f578608ecf80576be326d105ce04587ea00be0c8de0,2021-06,Derbyshire Constabulary,Derbyshire Constabulary,-1.502938,52.923541,On or near Bright Street,E01013550,Derby 011B,Violence and sexual offences,Unable to prosecute suspect,
53f8ba87adb08c6bb170ea1cad31e1039a0a64f5759eadf3fe37f1399d7a9075,2021-06,Derbyshire Constabulary,Derbyshire Constabulary,-1.506255,52.923519,On or near Ashley Street,E01013550,Derby 011B,Violence and sexual offences,Unable to prosecute suspect,
adb4c2d7178769d6c4fe15acd9b40a49973b90d6298d8b146dd0e515623e8fef,2021-06,Derbyshire Constabulary,Derbyshire Constabulary,-1.506255,52.923519,On or near Ashley Street,E01013550,Derby 011B,Violence and sexual offences,Unable to prosecute suspect,
1569f7b93f957446d6b9fb71ff19a8b1edea8b7d54a3cea023df7eecd41a6fc5,2021-06,Derbyshire Constabulary,Derbyshire Constabulary,-1.505942,52.923545,On or near Raglan Avenue,E01013550,Derby 011B,Violence and sexual offences,Unable to prosecute suspect,
d3e8582b24b55f462ac31e376c636a49f5ee178cb0597365306b22660d47f7d0,2021-06,Derbyshire Constabulary,Derbyshire Constabulary,-1.502938,52.923541,On or near Bright Street,E01013550,Derby 011B,Violence and sexual offences,Status update unavailable,
def3a30e54f7a7c751dbb2baa98b5984855105a9271a80c0223ec5b5ced9da18,2021-06,Derbyshire Constabulary,Derbyshire Constabulary,-1.506255,52.923519,On or near Ashley Street,E01013550,Derby 011B,Violence and sexual offences,Unable to prosecute suspect,
f700c4878dd0a99cb10bee3ae2dc8d086c767553f3ec60b2635c98ccfa6b729b,2021-06,Derbyshire Constabulary,Derbyshire Constabulary,-1.501786,52.924139,On or near Cobden Street,E01013551,Derby 011C,Burglary,Investigation complete; no suspect identified,
444e8b43c451b366c1ffe5d9bbd6036fee60e318f741699abf58be18fe540f2b,2021-06,Derbyshire Constabulary,Derbyshire Constabulary,-1.500712,52.923073,On or near Arnold Street,E01013551,Derby 011C,Criminal damage and arson,Investigation complete; no suspect identified,
78900e3a998143c2f5f196614fc1d340bd039713467ba35106a95e9c52f55bf9,2021-06,Derbyshire Constabulary,Derbyshire Constabulary,-1.501786,52.924139,On or near Cobden Street,E01013551,Derby 011C,Possession of weapons,Offender given a caution,
80a783f00faf752f8d9a9d12a979e1c8ae544b89d40fbcf72ad701085ffc56e6,2021-06,Derbyshire Constabulary,Derbyshire Constabulary,-1.500069,52.923385,On or near Lloyd Street,E01013551,Derby 011C,Public order,Unable to prosecute suspect,
5323479b9631a9e7cd36a5ae5121470ea068c31f92a3e61d72c3171e6566f79a,2021-06,Derbyshire Constabulary,Derbyshire Constabulary,-1.499594,52.923294,On or near Howe Street,E01013551,Derby 011C,Theft from the person,Unable to prosecute suspect,
8fcd617308e208e3f0294733644bca3b4235cbe913e4847a2f4393f43aa0aef3,2021-06,Derbyshire Constabulary,Derbyshire Constabulary,-1.501786,52.924139,On or near Cobden Street,E01013551,Derby 011C,Violence and sexual offences,Unable to prosecute suspect,
d3e8582b24b55f462ac31e376c636a49f5ee178cb0597365306b22660d47f7d0,2021-06,Derbyshire Constabulary,Derbyshire Constabulary,-1.498839,52.922985,On or near Peach Street,E01013551,Derby 011C,Violence and sexual offences,Unable to prosecute suspect,
,2021-06,Derbyshire Constabulary,Derbyshire Constabulary,-1.488485,52.923111,On or near Ambrose Terrace,E01013554,Derby 011D,Anti-social behaviour,,
,2021-06,Derbyshire Constabulary,Derbyshire Constabulary,-1.492853,52.923571,On or near Uttoxeter Old Road,E01013554,Derby 011D,Anti-social behaviour,,
,2021-06,Derbyshire Constabulary,Derbyshire Constabulary,-1.487412,52.924536,On or near Friar Gate,E01013554,Derby 011D,Anti-social behaviour,,
,2021-06,Derbyshire Constabulary,Derbyshire Constabulary,-1.497171,52.923139,On or near Campion Street,E01013554,Derby 011D,Anti-social behaviour,,
,2021-06,Derbyshire Constabulary,Derbyshire Constabulary,-1.496200,52.923531,On or near Leake Street,E01013554,Derby 011D,Anti-social behaviour,,
,2021-06,Derbyshire Constabulary,Derbyshire Constabulary,-1.490528,52.922662,On or near Ponsonby Terrace,E01013554,Derby 011D,Anti-social behaviour,,
,2021-06,Derbyshire Constabulary,Derbyshire Constabulary,-1.491703,52.925265,On or near Fowler Street,E01013554,Derby 011D,Anti-social behaviour,,
,2021-06,Derbyshire Constabulary,Derbyshire Constabulary,-1.488485,52.923111,On or near Ambrose Terrace,E01013554,Derby 011D,Anti-social behaviour,,
,2021-06,Derbyshire Constabulary,Derbyshire Constabulary,-1.490528,52.922662,On or near Ponsonby Terrace,E01013554,Derby 011D,Anti-social behaviour,,
,2021-06,Derbyshire Constabulary,Derbyshire Constabulary,-1.488485,52.923111,On or near Ambrose Terrace,E01013554,Derby 011D,Anti-social behaviour,,
,2021-06,Derbyshire Constabulary,Derbyshire Constabulary,-1.496496,52.922417,On or near Findern Street,E01013554,Derby 011D,Anti-social behaviour,,
,2021-06,Derbyshire Constabulary,Derbyshire Constabulary,-1.496496,52.922417,On or near Findern Street,E01013554,Derby 011D,Anti-social behaviour,,
,2021-06,Derbyshire Constabulary,Derbyshire Constabulary,-1.491703,52.925265,On or near Fowler Street,E01013554,Derby 011D,Anti-social behaviour,,
,2021-06,Derbyshire Constabulary,Derbyshire Constabulary,-1.490341,52.923398,On or near South Street,E01013554,Derby 011D,Anti-social behaviour,,
f41be3a9d66ccb06c116808bc515cbd755ec832326f082dece4bb9bd101362ff,2021-06,Derbyshire Constabulary,Derbyshire Constabulary,-1.495586,52.922629,On or near Etwall Street,E01013554,Derby 011D,Burglary,Investigation complete; no suspect identified,
32ae7624fbaa88367f7412ee153f8ef917f9cd237f379dbe459bd518269c8b09,2021-06,Derbyshire Constabulary,Derbyshire Constabulary,-1.493776,52.922217,On or near Granville Street,E01013554,Derby 011D,Burglary,Unable to prosecute suspect,
beaa58d44ab0aec44eff4602629f3bc7dd545c410e8a92d7d5954b9cbd236475,2021-06,Derbyshire Constabulary,Derbyshire Constabulary,-1.488970,52.924893,On or near Friar Gate,E01013554,Derby 011D,Burglary,Investigation complete; no suspect identified,
d3e4c8a533d9264bb002ba371cea7619e551dc93ed72927ae1d4b6a9ea7587c8,2021-06,Derbyshire Constabulary,Derbyshire Constabulary,-1.491974,52.923648,On or near Vernongate,E01013554,Derby 011D,Criminal damage and arson,Unable to prosecute suspect,
f30b508a5e5aaa98ac885b45174e185b2c2dc399958b09a21e0b74955f347d87,2021-06,Derbyshire Constabulary,Derbyshire Constabulary,-1.497171,52.923139,On or near Campion Street,E01013554,Derby 011D,Criminal damage and arson,Investigation complete; no suspect identified,
db21347a1dba17d109758ff1b53afc5df4a1f7fa5a0c854d771f87dcc156e746,2021-06,Derbyshire Constabulary,Derbyshire Constabulary,-1.488485,52.923111,On or near Ambrose Terrace,E01013554,Derby 011D,Other theft,Unable to prosecute suspect,
58d3253c3f854e7eea33cf191d5f586332300dad50952784aae818764fc94ed9,2021-06,Derbyshire Constabulary,Derbyshire Constabulary,-1.496200,52.923531,On or near Leake Street,E01013554,Derby 011D,Other theft,Investigation complete; no suspect identified,
ae7cc271c369333d039db67035884030496b7aa710821ba6c6952f446693b17c,2021-06,Derbyshire Constabulary,Derbyshire Constabulary,-1.495586,52.922629,On or near Etwall Street,E01013554,Derby 011D,Other theft,Unable to prosecute suspect,
59401c52feef34b472810c7860add24a2b8e41c429f13d225951f69387e76a20,2021-06,Derbyshire Constabulary,Derbyshire Constabulary,-1.496200,52.923531,On or near Leake Street,E01013554,Derby 011D,Public order,Investigation complete; no suspect identified,
2d8001a7319dcb07f9d6d78e58c8c2d1d4af9e8206b3a3538b1eb0ffc395f1c3,2021-06,Derbyshire Constabulary,Derbyshire Constabulary,-1.488485,52.923111,On or near Ambrose Terrace,E01013554,Derby 011D,Violence and sexual offences,Investigation complete; no suspect identified,
a6adcf6a245a680820814300ff441f622f1105b2172fb3b1e81e141904c5069f,2021-06,Derbyshire Constabulary,Derbyshire Constabulary,-1.494890,52.923651,On or near Stepping Close,E01013554,Derby 011D,Violence and sexual offences,Unable to prosecute suspect,
2cf1c402108601c5142b4c7d0c65ab860b42fcd6c9ecd28ef1f372832ab5bcab,2021-06,Derbyshire Constabulary,Derbyshire Constabulary,-1.496200,52.923531,On or near Leake Street,E01013554,Derby 011D,Violence and sexual offences,Unable to prosecute suspect,
d96081a5034a742d5cd9a26b0f8ce66e96915f71b71262c6da2509b3b04963d4,2021-06,Derbyshire Constabulary,Derbyshire Constabulary,-1.488485,52.923111,On or near Ambrose Terrace,E01013554,Derby 011D,Violence and sexual offences,Status update unavailable,
345ee86bd9b74d7e0778fefc0614addccc2d0dc0f8201b304905a5fb7e22e0b1,2021-06,Derbyshire Constabulary,Derbyshire Constabulary,-1.487506,52.924159,On or near Friar Gate Court,E01013554,Derby 011D,Violence and sexual offences,Investigation complete; no suspect identified,
44f68cd9dcc276549e7c6120e348c7535ea5c50a5910c929f9d703c68c24a22f,2021-06,Derbyshire Constabulary,Derbyshire Constabulary,-1.488485,52.923111,On or near Ambrose Terrace,E01013554,Derby 011D,Violence and sexual offences,Status update unavailable,
1a8b6bc1835263ce301d73758114b7566909752c7060c372eebc8199b211c9d6,2021-06,Derbyshire Constabulary,Derbyshire Constabulary,-1.497171,52.923139,On or near Campion Street,E01013554,Derby 011D,Violence and sexual offences,Unable to prosecute suspect,
f1d78169727c521323f8423a4c107aa56df16fbc2a82e4e037ce0f2e2519277b,2021-06,Derbyshire Constabulary,Derbyshire Constabulary,-1.490528,52.922662,On or near Ponsonby Terrace,E01013554,Derby 011D,Violence and sexual offences,Status update unavailable,
0b0ead1cef804d58f43594056abe03253e60867a12a0d5d8d01f4df56d908eea,2021-06,Derbyshire Constabulary,Derbyshire Constabulary,-1.488485,52.923111,On or near Ambrose Terrace,E01013554,Derby 011D,Violence and sexual offences,Status update unavailable,
3943de7b81a789082bea8ac76a2ed9687c9477932b80341cadaf987889afa082,2021-06,Derbyshire Constabulary,Derbyshire Constabulary,-1.487506,52.924159,On or near Friar Gate Court,E01013554,Derby 011D,Violence and sexual offences,Unable to prosecute suspect,
194d7afb47a288af0c0b6fb221abf7e4e4b8103afaaea1cdee10a251d2f6ded1,2021-06,Derbyshire Constabulary,Derbyshire Constabulary,-1.496200,52.923531,On or near Leake Street,E01013554,Derby 011D,Violence and sexual offences,Unable to prosecute suspect,
081c8f1892d3fd1fb4c07827a2489b5c847e816ed6aa76085b568f750f1b5120,2021-06,Derbyshire Constabulary,Derbyshire Constabulary,-1.497171,52.923139,On or near Campion Street,E01013554,Derby 011D,Violence and sexual offences,Investigation complete; no suspect identified,
e9f8679a775ae9ef117807af001cc8fec35b6d3ccef5f4f216bde1e5eabdacdb,2021-06,Derbyshire Constabulary,Derbyshire Constabulary,-1.495586,52.922629,On or near Etwall Street,E01013554,Derby 011D,Violence and sexual offences,Unable to prosecute suspect,
2051d8c6f7b5f30a715dff74697635b00135ff3d38a396db934e0b5189a93361,2021-06,Derbyshire Constabulary,Derbyshire Constabulary,-1.494890,52.923651,On or near Stepping Close,E01013554,Derby 011D,Violence and sexual offences,Investigation complete; no suspect identified,
61e706f4326898e5c85716b17d307e677e238f19fe0a500186d6f98f4740a017,2021-06,Derbyshire Constabulary,Derbyshire Constabulary,-1.496200,52.923531,On or near Leake Street,E01013554,Derby 011D,Violence and sexual offences,Investigation complete; no suspect identified,
17fef2b0b47496663b50e09742cbe0125adb3f59759818ad821fdc1a69f19313,2021-06,Derbyshire Constabulary,Derbyshire Constabulary,-1.490285,52.924378,On or near Vernon Street,E01013554,Derby 011D,Violence and sexual offences,Unable to prosecute suspect,
c1960027484bebd93a352684c69d03856962ec882e87910e6f0f7e0538f5b6fe,2021-06,Derbyshire Constabulary,Derbyshire Constabulary,-1.497171,52.923139,On or near Campion Street,E01013554,Derby 011D,Violence and sexual offences,Investigation complete; no suspect identified,
b170b778a9fcd59f5cb1ee9b7c39d47bf2d3ee27067d07fd1cd78ae073072532,2021-06,Derbyshire Constabulary,Derbyshire Constabulary,-1.497171,52.923139,On or near Campion Street,E01013554,Derby 011D,Other crime,Unable to prosecute suspect,
c21fc061df4bb020894c623528cc5f926fff824bdf4c051d05bdb898c33768da,2021-06,Derbyshire Constabulary,Derbyshire Constabulary,-1.492474,52.922931,On or near James Close,E01013554,Derby 011D,Other crime,Status update unavailable,
,2021-06,Derbyshire Constabulary,Derbyshire Constabulary,-1.440073,52.925186,On or near Petrol Station,E01013507,Derby 012A,Anti-social behaviour,,
,2021-06,Derbyshire Constabulary,Derbyshire Constabulary,-1.441384,52.928455,On or near Whitmore Road,E01013507,Derby 012A,Anti-social behaviour,,
dd3cd281ce56495dc53618e0c43e8e43fb217ca2d409abaa5106b5c602706c22,2021-06,Derbyshire Constabulary,Derbyshire Constabulary,-1.440073,52.925186,On or near Petrol Station,E01013507,Derby 012A,Criminal damage and arson,Investigation complete; no suspect identified,
f8e46baa3dc279553b204e52b80c7a2cb4654dbaf30cabe8a40fa0c2404ef945,2021-06,Derbyshire Constabulary,Derbyshire Constabulary,-1.440073,52.925186,On or near Petrol Station,E01013507,Derby 012A,Other theft,Investigation complete; no suspect identified,
13a55b059da9003c9687c1bf0992d9573559d5f276887b1511f5b03f2cf58e8f,2021-06,Derbyshire Constabulary,Derbyshire Constabulary,-1.435046,52.927436,On or near Chaddesden Lane,E01013507,Derby 012A,Other theft,Formal action is not in the public interest,
b23690936da86186f08e658e6c3fca952cf04ae854fbfb55c115eaae0b4b1000,2021-06,Derbyshire Constabulary,Derbyshire Constabulary,-1.437305,52.924094,On or near Supermarket,E01013507,Derby 012A,Public order,Unable to prosecute suspect,
4611a62f3008c7ec78c898a6894a0529dc58ab9931056a228c461044d6e2a084,2021-06,Derbyshire Constabulary,Derbyshire Constabulary,-1.439012,52.924434,On or near Parking Area,E01013507,Derby 012A,Public order,Unable to prosecute suspect,
9c0be7604f6dbfa5ee3e507b82a8126eb49e46dfb169735f9164c32228c9071f,2021-06,Derbyshire Constabulary,Derbyshire Constabulary,-1.441384,52.928455,On or near Whitmore Road,E01013507,Derby 012A,Public order,Investigation complete; no suspect identified,
c764e6328d9a837ca2f5a04bad1e87b800cc78885401333b810a372de25f5ed8,2021-06,Derbyshire Constabulary,Derbyshire Constabulary,-1.441384,52.928455,On or near Whitmore Road,E01013507,Derby 012A,Public order,Investigation complete; no suspect identified,
1199d39721c67623d978aa6c86a96262a91f2b80017035aa9430fbda0eaeeeaa,2021-06,Derbyshire Constabulary,Derbyshire Constabulary,-1.441384,52.928455,On or near Whitmore Road,E01013507,Derby 012A,Public order,Unable to prosecute suspect,
31600f1642d989df6e371bd1cc2e7755246b02b85cc1a9b021e5a5deaca441b9,2021-06,Derbyshire Constabulary,Derbyshire Constabulary,-1.439012,52.924434,On or near Parking Area,E01013507,Derby 012A,Robbery,Investigation complete; no suspect identified,
4c55ad466573bcee3c70be66fd59087bdafc9415dba96f8927b7bbb868872a2a,2021-06,Derbyshire Constabulary,Derbyshire Constabulary,-1.439422,52.924877,On or near Supermarket,E01013507,Derby 012A,Shoplifting,Investigation complete; no suspect identified,
1b84004f070d1004a4b10ecb2ddcfda34231b2a943be6c82f36cbc69798a93ba,2021-06,Derbyshire Constabulary,Derbyshire Constabulary,-1.437305,52.924094,On or near Supermarket,E01013507,Derby 012A,Shoplifting,Investigation complete; no suspect identified,
d23e98d69cd31f602c2a8381a33f59db1fa93b90525bb5a62f851ec929c24c0e,2021-06,Derbyshire Constabulary,Derbyshire Constabulary,-1.437305,52.924094,On or near Supermarket,E01013507,Derby 012A,Shoplifting,Investigation complete; no suspect identified,
1817974fef067f53978bc5eade0648b2811b62804d41047d35f97974d9c48f26,2021-06,Derbyshire Constabulary,Derbyshire Constabulary,-1.437305,52.924094,On or near Supermarket,E01013507,Derby 012A,Shoplifting,Investigation complete; no suspect identified,
cb9592c5c0be1a32d8dc1c2eca735c234ccb37c8c0798bdfc0cb92d60a52b13a,2021-06,Derbyshire Constabulary,Derbyshire Constabulary,-1.437305,52.924094,On or near Supermarket,E01013507,Derby 012A,Shoplifting,Status update unavailable,
e38fdc2c4b910567cce1feeea3e79347db51464f2ce55b89b5e8630f79555178,2021-06,Derbyshire Constabulary,Derbyshire Constabulary,-1.437305,52.924094,On or near Supermarket,E01013507,Derby 012A,Shoplifting,Awaiting court outcome,
206552c20cdee8d51d2db05b4b02e3f78045a53e7dbd9ce4c91a30a4f8f21e92,2021-06,Derbyshire Constabulary,Derbyshire Constabulary,-1.437305,52.924094,On or near Supermarket,E01013507,Derby 012A,Shoplifting,Investigation complete; no suspect identified,
d029937a08f7fd16f07923a84be7c803458397815ffe00b379d27f1e3cac165c,2021-06,Derbyshire Constabulary,Derbyshire Constabulary,-1.440073,52.925186,On or near Petrol Station,E01013507,Derby 012A,Shoplifting,Awaiting court outcome,
04f43a59e454f053c824afb4043477bee8286a0a22b9e5f0b419075b3ca15f64,2021-06,Derbyshire Constabulary,Derbyshire Constabulary,-1.437305,52.924094,On or near Supermarket,E01013507,Derby 012A,Vehicle crime,Investigation complete; no suspect identified,
ffdaa72de53d8bed5c5ba6f54a3c9dfbeb17e091f094873158a2eaedb5007146,2021-06,Derbyshire Constabulary,Derbyshire Constabulary,-1.437305,52.924094,On or near Supermarket,E01013507,Derby 012A,Violence and sexual offences,Investigation complete; no suspect identified,
082b4515dcc90eac81b5826f8eabe1a0a957c30a171add07076bcae8c8e2b6e6,2021-06,Derbyshire Constabulary,Derbyshire Constabulary,-1.441384,52.928455,On or near Whitmore Road,E01013507,Derby 012A,Violence and sexual offences,Unable to prosecute suspect,
4b3a759a40d79066ea1f6c42a0d54575fa45cdf8aefee33df52e0e3a4c654f5d,2021-06,Derbyshire Constabulary,Derbyshire Constabulary,-1.437305,52.924094,On or near Supermarket,E01013507,Derby 012A,Violence and sexual offences,Status update unavailable,
a22e3a5559fd91ebeb8ca7f596126c9fdaa6575472a764718c6d2483ca8ed096,2021-06,Derbyshire Constabulary,Derbyshire Constabulary,-1.440073,52.925186,On or near Petrol Station,E01013507,Derby 012A,Violence and sexual offences,Investigation complete; no suspect identified,
,2021-06,Derbyshire Constabulary,Derbyshire Constabulary,-1.422302,52.929317,On or near Atchison Gardens,E01013508,Derby 012B,Anti-social behaviour,,
,2021-06,Derbyshire Constabulary,Derbyshire Constabulary,-1.420741,52.928113,On or near John F Kennedy Gardens,E01013508,Derby 012B,Anti-social behaviour,,
,2021-06,Derbyshire Constabulary,Derbyshire Constabulary,-1.423690,52.927876,On or near Washington Avenue,E01013508,Derby 012B,Anti-social behaviour,,
50ed329f12878fc15d66909be534151fe26bbb708aae41acc7b4e10ca1b32159,2021-06,Derbyshire Constabulary,Derbyshire Constabulary,-1.422950,52.927540,On or near Roosevelt Avenue,E01013508,Derby 012B,Public order,Awaiting court outcome,
d58cff7230a913f0f495072c632c9f15c4b1867a30adb7a860590d6e7ec75782,2021-06,Derbyshire Constabulary,Derbyshire Constabulary,-1.420254,52.927805,On or near Winslow Green,E01013508,Derby 012B,Violence and sexual offences,Investigation complete; no suspect identified,
a5fbf8807d9bfcdb40ab845f9b56f7212f29e4ff3b830482ca16d841dbd71f5a,2021-06,Derbyshire Constabulary,Derbyshire Constabulary,-1.421178,52.928844,On or near Ellendale Road,E01013508,Derby 012B,Violence and sexual offences,Unable to prosecute suspect,
9690231976178c2da13405a12a1b498a69522095936fe0d5a1ab777d56bf47c8,2021-06,Derbyshire Constabulary,Derbyshire Constabulary,-1.420741,52.928113,On or near John F Kennedy Gardens,E01013508,Derby 012B,Violence and sexual offences,Status update unavailable,
f17cd15713079a2a05dc655c405b0f5d40c534b6d149408ea97cc9fc8ce81db9,2021-06,Derbyshire Constabulary,Derbyshire Constabulary,-1.421178,52.928844,On or near Ellendale Road,E01013508,Derby 012B,Violence and sexual offences,Unable to prosecute suspect,
987fbed3b35a958aa28045e7dc051b975760f33fe2beb0d051cf5d9de808f264,2021-06,Derbyshire Constabulary,Derbyshire Constabulary,-1.423690,52.927876,On or near Washington Avenue,E01013508,Derby 012B,Violence and sexual offences,Unable to prosecute suspect,
,2021-06,Derbyshire Constabulary,Derbyshire Constabulary,-1.436930,52.922105,On or near The Avenue,E01013509,Derby 012C,Anti-social behaviour,,
e6717e859be6319eb804ee3d78e6b7dba59b9f86cefe1bda711bea0e95b8e05d,2021-06,Derbyshire Constabulary,Derbyshire Constabulary,-1.441061,52.921226,On or near Ashworth Avenue,E01013509,Derby 012C,Criminal damage and arson,Unable to prosecute suspect,
ecfdb928da24edad5d31b67cb16e202ed1378bf6d20ee614cc734fb7d16c709f,2021-06,Derbyshire Constabulary,Derbyshire Constabulary,-1.441011,52.920488,On or near John Berrysford Close,E01013509,Derby 012C,Criminal damage and arson,Investigation complete; no suspect identified,
82ed5510320a9b6e8037f80ccdb3d53866cc2bfd4acd9bf945f06592af6a9213,2021-06,Derbyshire Constabulary,Derbyshire Constabulary,-1.441011,52.920488,On or near John Berrysford Close,E01013509,Derby 012C,Criminal damage and arson,Awaiting court outcome,
7252b39cd881fd508a8df6316a0ff6ec120c19cbdef8ae56ca0ad6b17f3d8654,2021-06,Derbyshire Constabulary,Derbyshire Constabulary,-1.436399,52.921752,On or near Autumn Grove,E01013509,Derby 012C,Criminal damage and arson,Status update unavailable,
475476e7e7f3378565307262e149487dbc30e958dbdeb90967a210489b148320,2021-06,Derbyshire Constabulary,Derbyshire Constabulary,-1.436399,52.921752,On or near Autumn Grove,E01013509,Derby 012C,Criminal damage and arson,Status update unavailable,
8e96a0be6c44a69b07d782c2b70a30f46eb81f034a09a25ee569d4b1f2647594,2021-06,Derbyshire Constabulary,Derbyshire Constabulary,-1.434808,52.922823,On or near Nottingham Road,E01013509,Derby 012C,Criminal damage and arson,Awaiting court outcome,
1f9f27add00810c8148c4278ba8ea5ae9d8d95de4ce1f3b4d190cd7d581cc7e3,2021-06,Derbyshire Constabulary,Derbyshire Constabulary,-1.434808,52.922823,On or near Nottingham Road,E01013509,Derby 012C,Other theft,Investigation complete; no suspect identified,
a9bae0975276d56ebbaae2b73a787bf1d8978bd7d23fdc578837959fc600676b,2021-06,Derbyshire Constabulary,Derbyshire Constabulary,-1.441011,52.920488,On or near John Berrysford Close,E01013509,Derby 012C,Other theft,Further investigation is not in the public interest,
708bf2b4a18956be529cf376418ff1fef103a3952aa1759e218b9b3018c4feaf,2021-06,Derbyshire Constabulary,Derbyshire Constabulary,-1.444919,52.919644,On or near Chequers Road,E01013509,Derby 012C,Other theft,Investigation complete; no suspect identified,
1d60dc340539e4e30cef5e274de16a92d7c36fde1b6260197dada97966683e46,2021-06,Derbyshire Constabulary,Derbyshire Constabulary,-1.434808,52.922823,On or near Nottingham Road,E01013509,Derby 012C,Shoplifting,Awaiting court outcome,
ae8ce51b8b3b2a036bd3d09b9425de3a38e83296b94642bed57a241e741cbb7f,2021-06,Derbyshire Constabulary,Derbyshire Constabulary,-1.434808,52.922823,On or near Nottingham Road,E01013509,Derby 012C,Shoplifting,Investigation complete; no suspect identified,
649687212f5646c2f546330a4987717496167acc4cd70e6443710de7f995e54a,2021-06,Derbyshire Constabulary,Derbyshire Constabulary,-1.434808,52.922823,On or near Nottingham Road,E01013509,Derby 012C,Vehicle crime,Awaiting court outcome,
8faa57de94a9db70a51ef9c0834547873580904643c06746b29c774776962923,2021-06,Derbyshire Constabulary,Derbyshire Constabulary,-1.434808,52.922823,On or near Nottingham Road,E01013509,Derby 012C,Vehicle crime,Awaiting court outcome,
fa6f523d5bd26bb90868df40cc9b1fc70cd5a5513c4069cfdf71166e69ed154b,2021-06,Derbyshire Constabulary,Derbyshire Constabulary,-1.441011,52.920488,On or near John Berrysford Close,E01013509,Derby 012C,Violence and sexual offences,Unable to prosecute suspect,
f27a5bbfd5eadebeb71dfa4ee38f6a44b20d99f833efbf803970ab23f4366f77,2021-06,Derbyshire Constabulary,Derbyshire Constabulary,-1.441061,52.921226,On or near Ashworth Avenue,E01013509,Derby 012C,Violence and sexual offences,Unable to prosecute suspect,
170a9895409df236c15c18c9bf870feba00d4e1304d4c1b22c0fd0352dc531d5,2021-06,Derbyshire Constabulary,Derbyshire Constabulary,-1.436399,52.921752,On or near Autumn Grove,E01013509,Derby 012C,Violence and sexual offences,Unable to prosecute suspect,
07d1ccbe555b7ea57962ff6e862a7199197e9c0eb51461410935485bfae2ac46,2021-06,Derbyshire Constabulary,Derbyshire Constabulary,-1.441061,52.921226,On or near Ashworth Avenue,E01013509,Derby 012C,Violence and sexual offences,Unable to prosecute suspect,
87cb5968fc4b6c5d901d62dee792ff27564c451ecf9c672b9cbcebfbc33eceb3,2021-06,Derbyshire Constabulary,Derbyshire Constabulary,-1.441011,52.920488,On or near John Berrysford Close,E01013509,Derby 012C,Violence and sexual offences,Investigation complete; no suspect identified,
59a261910b6723b6dfb95da066a220b7bde507bc10f11ad0f295753c924d6fc0,2021-06,Derbyshire Constabulary,Derbyshire Constabulary,-1.441061,52.921226,On or near Ashworth Avenue,E01013509,Derby 012C,Violence and sexual offences,Unable to prosecute suspect,
e1da587cecace457423229c82b740c9223c4837071bc7de73fab15e5456037b9,2021-06,Derbyshire Constabulary,Derbyshire Constabulary,-1.436399,52.921752,On or near Autumn Grove,E01013509,Derby 012C,Violence and sexual offences,Unable to prosecute suspect,
da778671ed47b60ef7eac1219e4b4e29c67ca9b9c9610abda3bf7106a4f0493e,2021-06,Derbyshire Constabulary,Derbyshire Constabulary,-1.443045,52.920759,On or near Margaret Avenue,E01013509,Derby 012C,Violence and sexual offences,Unable to prosecute suspect,
1bcdd7204d0bbafc6ffcda96723978a51b5a49d216bbf822bb742a214fb6e0c6,2021-06,Derbyshire Constabulary,Derbyshire Constabulary,-1.434865,52.920756,On or near Edward Avenue,E01013509,Derby 012C,Violence and sexual offences,Unable to prosecute suspect,
c08de206619526708ed4b291028ba79e6bfdd0e1d8fad48410eb57bdfa72184e,2021-06,Derbyshire Constabulary,Derbyshire Constabulary,-1.441061,52.921226,On or near Ashworth Avenue,E01013509,Derby 012C,Violence and sexual offences,Unable to prosecute suspect,
642a1222db84378b57f3607795a438341fb09eb159865a1882ed48508e2af7c6,2021-06,Derbyshire Constabulary,Derbyshire Constabulary,-1.434808,52.922823,On or near Nottingham Road,E01013509,Derby 012C,Violence and sexual offences,Awaiting court outcome,
,2021-06,Derbyshire Constabulary,Derbyshire Constabulary,-1.422808,52.923674,On or near Grant Avenue,E01013510,Derby 012D,Anti-social behaviour,,
,2021-06,Derbyshire Constabulary,Derbyshire Constabulary,-1.421442,52.922382,On or near Springfield Road,E01013510,Derby 012D,Anti-social behaviour,,
27d5e9572160a9f2ec5b03137efaa0d77c5c7bbce678c662ad1defa9c0288605,2021-06,Derbyshire Constabulary,Derbyshire Constabulary,-1.427651,52.925252,On or near Paterson Avenue,E01013510,Derby 012D,Criminal damage and arson,Unable to prosecute suspect,
f25661597a778d90d9864fed90f5e7cb7525b84a05b4b0369994a98e5a60541a,2021-06,Derbyshire Constabulary,Derbyshire Constabulary,-1.420750,52.925201,On or near Lexington Road,E01013510,Derby 012D,Criminal damage and arson,Status update unavailable,
f25661597a778d90d9864fed90f5e7cb7525b84a05b4b0369994a98e5a60541a,2021-06,Derbyshire Constabulary,Derbyshire Constabulary,-1.419628,52.925681,On or near Bridgeport Road,E01013510,Derby 012D,Criminal damage and arson,Unable to prosecute suspect,
524a06b027fa09db18fbc0c33a4d951285813f879d2b1e96e528031cd9fc2f5b,2021-06,Derbyshire Constabulary,Derbyshire Constabulary,-1.420868,52.923044,On or near Cheyenne Gardens,E01013510,Derby 012D,Public order,Unable to prosecute suspect,
3c6746409c9a8828152ddeb320965be1734986942c05310679dbc56a8a304f2d,2021-06,Derbyshire Constabulary,Derbyshire Constabulary,-1.420750,52.925201,On or near Lexington Road,E01013510,Derby 012D,Public order,Awaiting court outcome,
178f0c5b9d35126fe33e0837205cce7274e3c9ff56ba012d1bc51e11d6b47f6c,2021-06,Derbyshire Constabulary,Derbyshire Constabulary,-1.419318,52.924412,On or near Michigan Close,E01013510,Derby 012D,Public order,Unable to prosecute suspect,
5ce47f8f47c0d3cf9feb6a87901ceb19e3e900bf9fbfb42cc3afc00fafd145b5,2021-06,Derbyshire Constabulary,Derbyshire Constabulary,-1.422291,52.924534,On or near Lansing Gardens,E01013510,Derby 012D,Public order,Status update unavailable,
d30fd79a77043912de1f410cb0550ef2ee140f13bc5afd5b247e19863c460c86,2021-06,Derbyshire Constabulary,Derbyshire Constabulary,-1.422802,52.925274,On or near Chesapeake Road,E01013510,Derby 012D,Violence and sexual offences,Investigation complete; no suspect identified,
ba6cf786470bd5bc303e13153fd58fd2a92aec43bc89ca0a75c96828457e38c7,2021-06,Derbyshire Constabulary,Derbyshire Constabulary,-1.422808,52.923674,On or near Grant Avenue,E01013510,Derby 012D,Violence and sexual offences,Unable to prosecute suspect,
7e4ff7435ec1f0dc8db8152df5fec5150400f286458a3a9946b23f1c05d1c71b,2021-06,Derbyshire Constabulary,Derbyshire Constabulary,-1.419628,52.925681,On or near Bridgeport Road,E01013510,Derby 012D,Violence and sexual offences,Unable to prosecute suspect,
8730450b4ed2359204b38aaa733e737c7144d26bfe4562bea37742e4016e07f1,2021-06,Derbyshire Constabulary,Derbyshire Constabulary,-1.422291,52.924534,On or near Lansing Gardens,E01013510,Derby 012D,Violence and sexual offences,Unable to prosecute suspect,
,2021-06,Derbyshire Constabulary,Derbyshire Constabulary,-1.426696,52.924376,On or near Valley Road,E01013511,Derby 012E,Anti-social behaviour,,
,2021-06,Derbyshire Constabulary,Derbyshire Constabulary,-1.424282,52.922449,On or near Kraft Gardens,E01013511,Derby 012E,Anti-social behaviour,,
,2021-06,Derbyshire Constabulary,Derbyshire Constabulary,-1.426696,52.924376,On or near Valley Road,E01013511,Derby 012E,Anti-social behaviour,,
bea220e292f1f3598fee5ac2166e7530b8f906389f5fc206b1d27ec3b00e6676,2021-06,Derbyshire Constabulary,Derbyshire Constabulary,-1.426696,52.924376,On or near Valley Road,E01013511,Derby 012E,Burglary,Investigation complete; no suspect identified,
64b49e655b6e4036ff6968ece7d801ad091e8ab421eefbac3421371c6b38bc21,2021-06,Derbyshire Constabulary,Derbyshire Constabulary,-1.424282,52.922449,On or near Kraft Gardens,E01013511,Derby 012E,Criminal damage and arson,Unable to prosecute suspect,
76a0231f95599990529d257973069c7adf182091161cc31865df778d67876da2,2021-06,Derbyshire Constabulary,Derbyshire Constabulary,-1.428780,52.920844,On or near Shopping Area,E01013511,Derby 012E,Other theft,Investigation complete; no suspect identified,
97fdb55b5a258280dab23e221f9d10e80ad2827ddda22bb38fd83eb3fa5bfad0,2021-06,Derbyshire Constabulary,Derbyshire Constabulary,-1.424282,52.922449,On or near Kraft Gardens,E01013511,Derby 012E,Public order,Unable to prosecute suspect,
051256b8149a7d49e7d12e4c0a86058b6c31b3b74bbfb6d332f26f18b707587c,2021-06,Derbyshire Constabulary,Derbyshire Constabulary,-1.424361,52.919879,On or near Briar Close,E01013511,Derby 012E,Vehicle crime,Investigation complete; no suspect identified,
1458883f4a07b8e5854c704420b1e2f0118b60ed000c5037f0ead65d33df8e7c,2021-06,Derbyshire Constabulary,Derbyshire Constabulary,-1.428841,52.925258,On or near Parkside Road,E01013511,Derby 012E,Violence and sexual offences,Investigation complete; no suspect identified,
4208b989c0adf44dc8b1b4150f6862a098e2e5227e4b27267cdf2ee98f9942a5,2021-06,Derbyshire Constabulary,Derbyshire Constabulary,-1.426696,52.924376,On or near Valley Road,E01013511,Derby 012E,Violence and sexual offences,Unable to prosecute suspect,
00a4861a8037b8081cdcebabcb144f43b7ba6183c19f01d2cc38cf98fd597492,2021-06,Derbyshire Constabulary,Derbyshire Constabulary,-1.426696,52.924376,On or near Valley Road,E01013511,Derby 012E,Violence and sexual offences,Unable to prosecute suspect,
5f3b60763ddceb97d6d09c15f97b92f3565e298673623ae24ddc96fead86daa0,2021-06,Derbyshire Constabulary,Derbyshire Constabulary,-1.427833,52.919347,On or near Cherry Tree Mews,E01013511,Derby 012E,Other crime,Unable to prosecute suspect,
,2021-06,Derbyshire Constabulary,Derbyshire Constabulary,-1.428161,52.918198,On or near Cavan Drive,E01013512,Derby 012F,Anti-social behaviour,,
,2021-06,Derbyshire Constabulary,Derbyshire Constabulary,-1.425461,52.917646,On or near Kildare Road,E01013512,Derby 012F,Anti-social behaviour,,
,2021-06,Derbyshire Constabulary,Derbyshire Constabulary,-1.434617,52.918094,On or near A52,E01013512,Derby 012F,Anti-social behaviour,,
,2021-06,Derbyshire Constabulary,Derbyshire Constabulary,-1.425461,52.917646,On or near Kildare Road,E01013512,Derby 012F,Anti-social behaviour,,
,2021-06,Derbyshire Constabulary,Derbyshire Constabulary,-1.434617,52.918094,On or near A52,E01013512,Derby 012F,Anti-social behaviour,,
,2021-06,Derbyshire Constabulary,Derbyshire Constabulary,-1.430252,52.915277,On or near Stephensons Way,E01013512,Derby 012F,Anti-social behaviour,,
,2021-06,Derbyshire Constabulary,Derbyshire Constabulary,-1.428512,52.919773,On or near Eden Road,E01013512,Derby 012F,Anti-social behaviour,,
,2021-06,Derbyshire Constabulary,Derbyshire Constabulary,-1.442294,52.917879,On or near Derwent Parade,E01013512,Derby 012F,Anti-social behaviour,,
,2021-06,Derbyshire Constabulary,Derbyshire Constabulary,-1.425461,52.917646,On or near Kildare Road,E01013512,Derby 012F,Anti-social behaviour,,
,2021-06,Derbyshire Constabulary,Derbyshire Constabulary,-1.434617,52.918094,On or near A52,E01013512,Derby 012F,Anti-social behaviour,,
,2021-06,Derbyshire Constabulary,Derbyshire Constabulary,-1.434617,52.918094,On or near A52,E01013512,Derby 012F,Anti-social behaviour,,
,2021-06,Derbyshire Constabulary,Derbyshire Constabulary,-1.434617,52.918094,On or near A52,E01013512,Derby 012F,Anti-social behaviour,,
,2021-06,Derbyshire Constabulary,Derbyshire Constabulary,-1.428161,52.918198,On or near Cavan Drive,E01013512,Derby 012F,Anti-social behaviour,,
d7b7c5c48d696ad0047c1a2bdec0ba315dfa2fc0981e8d3f7b90ab39d0a7dbff,2021-06,Derbyshire Constabulary,Derbyshire Constabulary,-1.442294,52.917879,On or near Derwent Parade,E01013512,Derby 012F,Burglary,Investigation complete; no suspect identified,
ab1e4f9efb0c3b8270473bc6e24f56dcac61d36542a12ae3f3dcca3774424185,2021-06,Derbyshire Constabulary,Derbyshire Constabulary,-1.424207,52.916929,On or near Meath Avenue,E01013512,Derby 012F,Criminal damage and arson,Status update unavailable,
9aaaa9347bb7d1f71c1c58ea6b6310ee9728093f70c1d856b29dc42e498f6ebe,2021-06,Derbyshire Constabulary,Derbyshire Constabulary,-1.424023,52.916173,On or near Bus/Coach Station,E01013512,Derby 012F,Criminal damage and arson,Unable to prosecute suspect,
ab1e4f9efb0c3b8270473bc6e24f56dcac61d36542a12ae3f3dcca3774424185,2021-06,Derbyshire Constabulary,Derbyshire Constabulary,-1.424207,52.916929,On or near Meath Avenue,E01013512,Derby 012F,Criminal damage and arson,Unable to prosecute suspect,
b68d2a24ecc69aa1a1fdc5e22122373447446b88672dd688bf2ea6cdeeed20e5,2021-06,Derbyshire Constabulary,Derbyshire Constabulary,-1.442294,52.917879,On or near Derwent Parade,E01013512,Derby 012F,Other theft,Status update unavailable,
98890a4fef9705c6ae4f4e4d77115256b2adf7784f9c9bb3331c9ade29afc385,2021-06,Derbyshire Constabulary,Derbyshire Constabulary,-1.434617,52.918094,On or near A52,E01013512,Derby 012F,Other theft,Investigation complete; no suspect identified,
062d453cc95236ea80349abfb94aabf2ebda935563e479103c3043a6ea833886,2021-06,Derbyshire Constabulary,Derbyshire Constabulary,-1.431301,52.920299,On or near Stanley Road,E01013512,Derby 012F,Public order,Unable to prosecute suspect,
98a6da0991c1a3f0d5862f613d1db23f1f963fc6eb15b4a95ab3f71dda7d230c,2021-06,Derbyshire Constabulary,Derbyshire Constabulary,-1.428111,52.917443,On or near Waterford Drive,E01013512,Derby 012F,Public order,Unable to prosecute suspect,
a804ee1aeba49f58617cef1a94844c27fc4585687a921e06e76aa642c1cfb1fb,2021-06,Derbyshire Constabulary,Derbyshire Constabulary,-1.425649,52.916963,On or near Limerick Road,E01013512,Derby 012F,Public order,Status update unavailable,
4392bc167aae0520bece3bc3198fca69b1481718f3173eed141e92f973bc6a7a,2021-06,Derbyshire Constabulary,Derbyshire Constabulary,-1.434617,52.918094,On or near A52,E01013512,Derby 012F,Public order,Investigation complete; no suspect identified,
522d059bd8dce07a5615e083c538f00ce26d56f7788712856d6ecfdd126e4093,2021-06,Derbyshire Constabulary,Derbyshire Constabulary,-1.428512,52.919773,On or near Eden Road,E01013512,Derby 012F,Public order,Unable to prosecute suspect,
fb8251eca271a91763c22383a2194e583adf0d2e181d3f7c9fd447611c6339ee,2021-06,Derbyshire Constabulary,Derbyshire Constabulary,-1.430252,52.915277,On or near Stephensons Way,E01013512,Derby 012F,Shoplifting,Awaiting court outcome,
b08c0570e497c5716b12da5d6c937d7bb7b9fee9d500fdcfcf7c1a3288e2897c,2021-06,Derbyshire Constabulary,Derbyshire Constabulary,-1.430252,52.915277,On or near Stephensons Way,E01013512,Derby 012F,Shoplifting,Awaiting court outcome,
c3e1928282a7d9b87deb36eaab3ffc1a583cbe3233b8c44a68a09847bbf257d6,2021-06,Derbyshire Constabulary,Derbyshire Constabulary,-1.434617,52.918094,On or near A52,E01013512,Derby 012F,Shoplifting,Unable to prosecute suspect,
3bbb592b00538f80f4817d7a91c6f35d840f9c03b1a61a674d169801b286dbeb,2021-06,Derbyshire Constabulary,Derbyshire Constabulary,-1.430252,52.915277,On or near Stephensons Way,E01013512,Derby 012F,Shoplifting,Awaiting court outcome,
06111ef2e6788f84ebc4939e4ead0eb23fb31e81123520279f8e195a652b17c6,2021-06,Derbyshire Constabulary,Derbyshire Constabulary,-1.425649,52.916963,On or near Limerick Road,E01013512,Derby 012F,Violence and sexual offences,Unable to prosecute suspect,
e57b60e0941eabff401ed6c47bd85af0739a71daa5767cc5f4ded5ec802bc365,2021-06,Derbyshire Constabulary,Derbyshire Constabulary,-1.428161,52.918198,On or near Cavan Drive,E01013512,Derby 012F,Violence and sexual offences,Unable to prosecute suspect,
6e57ef22463dc3efab0606e3aa0e746a2b8b5215f4a92c31aa24f3854568ff89,2021-06,Derbyshire Constabulary,Derbyshire Constabulary,-1.431499,52.918789,On or near Foyle Avenue,E01013512,Derby 012F,Violence and sexual offences,Unable to prosecute suspect,
df759aa6f817ed370b2be2424db191e5aec1d2f43a1ca48ecb868ff4742c609c,2021-06,Derbyshire Constabulary,Derbyshire Constabulary,-1.428161,52.918198,On or near Cavan Drive,E01013512,Derby 012F,Violence and sexual offences,Unable to prosecute suspect,
cc09149403e8fb3d5dd9a1bee5cc57f75c6eb5ddd3f67d6f377b3e4f49291c0e,2021-06,Derbyshire Constabulary,Derbyshire Constabulary,-1.428161,52.918198,On or near Cavan Drive,E01013512,Derby 012F,Violence and sexual offences,Unable to prosecute suspect,
d8c559da1ec9fd1053182102228722d557f1d2ade7476adeafeb6ea478069faa,2021-06,Derbyshire Constabulary,Derbyshire Constabulary,-1.428161,52.918198,On or near Cavan Drive,E01013512,Derby 012F,Violence and sexual offences,Investigation complete; no suspect identified,
22e35916c2094ee134420879f76bdd44f733a0ace26b6f3c900795176f05afc2,2021-06,Derbyshire Constabulary,Derbyshire Constabulary,-1.431301,52.920299,On or near Stanley Road,E01013512,Derby 012F,Violence and sexual offences,Unable to prosecute suspect,
497d8c89f9e63d0cf59bff8a51a1716297dee063f01ab88133b1e5d0678e6023,2021-06,Derbyshire Constabulary,Derbyshire Constabulary,-1.428512,52.919773,On or near Eden Road,E01013512,Derby 012F,Violence and sexual offences,Unable to prosecute suspect,
9e39c2b69d01068107bd94d7bb2d46d459ee90a2b908c10f4c882fc0d76fa31e,2021-06,Derbyshire Constabulary,Derbyshire Constabulary,-1.428512,52.919773,On or near Eden Road,E01013512,Derby 012F,Violence and sexual offences,Unable to prosecute suspect,
c17f53c63cd26f1d9763a4a997300056512e9a1943661dfec060943662271cbb,2021-06,Derbyshire Constabulary,Derbyshire Constabulary,-1.431301,52.920299,On or near Stanley Road,E01013512,Derby 012F,Violence and sexual offences,Unable to prosecute suspect,
,2021-06,Derbyshire Constabulary,Derbyshire Constabulary,-1.484788,52.922592,On or near Stafford Street,E01013453,Derby 013A,Anti-social behaviour,,
,2021-06,Derbyshire Constabulary,Derbyshire Constabulary,-1.491402,52.920418,On or near Sudbury Close,E01013453,Derby 013A,Anti-social behaviour,,
,2021-06,Derbyshire Constabulary,Derbyshire Constabulary,-1.495339,52.919518,On or near Thomas Court,E01013453,Derby 013A,Anti-social behaviour,,
,2021-06,Derbyshire Constabulary,Derbyshire Constabulary,-1.496180,52.920151,On or near Uttoxeter Old Road,E01013453,Derby 013A,Anti-social behaviour,,
,2021-06,Derbyshire Constabulary,Derbyshire Constabulary,-1.491876,52.920609,On or near Sudbury Street,E01013453,Derby 013A,Anti-social behaviour,,
,2021-06,Derbyshire Constabulary,Derbyshire Constabulary,-1.491876,52.920609,On or near Sudbury Street,E01013453,Derby 013A,Anti-social behaviour,,
,2021-06,Derbyshire Constabulary,Derbyshire Constabulary,-1.491876,52.920609,On or near Sudbury Street,E01013453,Derby 013A,Anti-social behaviour,,
,2021-06,Derbyshire Constabulary,Derbyshire Constabulary,-1.491363,52.921263,On or near Great Northern Road,E01013453,Derby 013A,Anti-social behaviour,,
,2021-06,Derbyshire Constabulary,Derbyshire Constabulary,-1.497035,52.922069,On or near Slack Lane,E01013453,Derby 013A,Anti-social behaviour,,
,2021-06,Derbyshire Constabulary,Derbyshire Constabulary,-1.498323,52.920043,On or near Sports/Recreation Area,E01013453,Derby 013A,Anti-social behaviour,,
0de20bdb50809f250ba555b088c7714fc947bc72d33179ae44b83d2458ecbc43,2021-06,Derbyshire Constabulary,Derbyshire Constabulary,-1.495739,52.919699,On or near Junction Street,E01013453,Derby 013A,Burglary,Investigation complete; no suspect identified,
f0fafe33332c1a800b891830b22da382d35e434dad68e43ebf0a272a6604c0cd,2021-06,Derbyshire Constabulary,Derbyshire Constabulary,-1.484788,52.922592,On or near Stafford Street,E01013453,Derby 013A,Criminal damage and arson,Investigation complete; no suspect identified,
c1d99c22d7a042569d8b550b7830980c9c75b42cefdbd0dbbd779148376c86ab,2021-06,Derbyshire Constabulary,Derbyshire Constabulary,-1.495846,52.918118,On or near Camden Street,E01013453,Derby 013A,Drugs,Offender given a drugs possession warning,
66d3562e9bfd08e3fe0c1b500fb8dd036aa1a56e82f71a3b967142296353dbe8,2021-06,Derbyshire Constabulary,Derbyshire Constabulary,-1.491402,52.920418,On or near Sudbury Close,E01013453,Derby 013A,Drugs,Status update unavailable,
6d426780f339d821a8d6373120c024f3779de1052f74dfc93345e996570aa7d9,2021-06,Derbyshire Constabulary,Derbyshire Constabulary,-1.491402,52.920418,On or near Sudbury Close,E01013453,Derby 013A,Drugs,Status update unavailable,
6a9b3ff42f6ca168573caeae6f34e451672b31cee4d645e6b7bdfeb5d201813d,2021-06,Derbyshire Constabulary,Derbyshire Constabulary,-1.487594,52.921705,On or near Pedestrian Subway,E01013453,Derby 013A,Drugs,Further investigation is not in the public interest,
e3a2918ad862d2a6a142f8cd4b539fc6385e755ca7b0608d67b1ff1c18fe18d2,2021-06,Derbyshire Constabulary,Derbyshire Constabulary,-1.495126,52.918717,On or near Boundary Road,E01013453,Derby 013A,Other theft,Unable to prosecute suspect,
6a67303d7df59fec4094a5e4d2ac2bda113bbce0758bec251d1639179020b53f,2021-06,Derbyshire Constabulary,Derbyshire Constabulary,-1.497528,52.918017,On or near Hoult Street,E01013453,Derby 013A,Other theft,Local resolution,
29ee1c346b92ce2bd804c48287cba7f8bb99b963001e29d5eab5730fba1eb437,2021-06,Derbyshire Constabulary,Derbyshire Constabulary,-1.484788,52.922592,On or near Stafford Street,E01013453,Derby 013A,Other theft,Investigation complete; no suspect identified,
67172069345f4cf7fc4a87eac8a324cbdc644ff71b4f3a8b66cffccdbde99c5a,2021-06,Derbyshire Constabulary,Derbyshire Constabulary,-1.498013,52.918496,On or near Uttoxeter New Road,E01013453,Derby 013A,Other theft,Investigation complete; no suspect identified,
e30bcab959e958d4460ba9600c0e271997f393f0a65f7daa0d70bcdb70cdc118,2021-06,Derbyshire Constabulary,Derbyshire Constabulary,-1.495339,52.919518,On or near Thomas Court,E01013453,Derby 013A,Other theft,Unable to prosecute suspect,
d24e24d26c4c40bfed7b39cce55d1dc3a4d766d5adfcebd73938b9c4a795c87d,2021-06,Derbyshire Constabulary,Derbyshire Constabulary,-1.484788,52.922592,On or near Stafford Street,E01013453,Derby 013A,Public order,Unable to prosecute suspect,
dbad9fab9fb26befff7158947eab1c6d86c75addf6fc23b510315367e93bfe87,2021-06,Derbyshire Constabulary,Derbyshire Constabulary,-1.495909,52.916581,On or near Crosby Street,E01013453,Derby 013A,Public order,Status update unavailable,
5e088401f82b0160f40caa32adfec754e76c3aa1f937799778c73702a4e792d2,2021-06,Derbyshire Constabulary,Derbyshire Constabulary,-1.495126,52.918717,On or near Boundary Road,E01013453,Derby 013A,Public order,Investigation complete; no suspect identified,
12957f440a9678ed3ee528356c616a8d90747305b975f12a463440275ea2f5a7,2021-06,Derbyshire Constabulary,Derbyshire Constabulary,-1.498013,52.918496,On or near Uttoxeter New Road,E01013453,Derby 013A,Public order,Investigation complete; no suspect identified,
71514a8756f153a77ac86714fc99ada4d91d7f24d8a1ee7e552f895307de3275,2021-06,Derbyshire Constabulary,Derbyshire Constabulary,-1.495339,52.919518,On or near Thomas Court,E01013453,Derby 013A,Vehicle crime,Investigation complete; no suspect identified,
98f0c6898722a640cd4fdb6fad5b253d4600c23c34513368396a46a2bc7d24f9,2021-06,Derbyshire Constabulary,Derbyshire Constabulary,-1.496180,52.920151,On or near Uttoxeter Old Road,E01013453,Derby 013A,Violence and sexual offences,Investigation complete; no suspect identified,
b6b177bce66bf7b44cf6588af2fc7d1a3e6c399c97e75946e969408b4c79db3f,2021-06,Derbyshire Constabulary,Derbyshire Constabulary,-1.496180,52.920151,On or near Uttoxeter Old Road,E01013453,Derby 013A,Violence and sexual offences,Investigation complete; no suspect identified,
0319f2887eee8c7aad700ac587ed17c916b07743248b725d2fdf84bd8c10bfee,2021-06,Derbyshire Constabulary,Derbyshire Constabulary,-1.493320,52.920462,On or near College Mews,E01013453,Derby 013A,Violence and sexual offences,Unable to prosecute suspect,
e73d8fc5fd0c1e8639b0e98bb0468791abd89a071cc36c5b8f7c10028b5fbfd7,2021-06,Derbyshire Constabulary,Derbyshire Constabulary,-1.495126,52.918717,On or near Boundary Road,E01013453,Derby 013A,Violence and sexual offences,Unable to prosecute suspect,
70bfed1048ee3f09a7ad299db19e688917a9ebdeffea2d52005052528f491b5b,2021-06,Derbyshire Constabulary,Derbyshire Constabulary,-1.491417,52.917874,On or near Olive Street,E01013453,Derby 013A,Violence and sexual offences,Unable to prosecute suspect,
fc4c23357c7b696f699d8ddd665df4579c940c1f05743271573e7c5408967914,2021-06,Derbyshire Constabulary,Derbyshire Constabulary,-1.493320,52.920462,On or near College Mews,E01013453,Derby 013A,Violence and sexual offences,Investigation complete; no suspect identified,
ff4bcb0e9603b9e97eb0349e04a4f46b7d894c17bb777b839a83c71a5c3dd966,2021-06,Derbyshire Constabulary,Derbyshire Constabulary,-1.497035,52.922069,On or near Slack Lane,E01013453,Derby 013A,Violence and sexual offences,Unable to prosecute suspect,
f425bcc3a18377d0ca762ac4ee4fd5d31227beac32baa8240b7cf83b8c8fa1fc,2021-06,Derbyshire Constabulary,Derbyshire Constabulary,-1.495126,52.918717,On or near Boundary Road,E01013453,Derby 013A,Violence and sexual offences,Unable to prosecute suspect,
4204df231f8770c7f9f5aba8bd8a794b65a147d6a39bbe0d84dd5fb83cac5837,2021-06,Derbyshire Constabulary,Derbyshire Constabulary,-1.497035,52.922069,On or near Slack Lane,E01013453,Derby 013A,Violence and sexual offences,Unable to prosecute suspect,
c141cc8138b4d7eb889d72efe3e3316a685337c2e81f070bad744552be0c9a47,2021-06,Derbyshire Constabulary,Derbyshire Constabulary,-1.497035,52.922069,On or near Slack Lane,E01013453,Derby 013A,Violence and sexual offences,Unable to prosecute suspect,
436c0a7f4619862ce6f3651555f82c2ced8113fbec03cb8866b31da5882478d9,2021-06,Derbyshire Constabulary,Derbyshire Constabulary,-1.496180,52.920151,On or near Uttoxeter Old Road,E01013453,Derby 013A,Violence and sexual offences,Investigation complete; no suspect identified,
194d7afb47a288af0c0b6fb221abf7e4e4b8103afaaea1cdee10a251d2f6ded1,2021-06,Derbyshire Constabulary,Derbyshire Constabulary,-1.496180,52.920151,On or near Uttoxeter Old Road,E01013453,Derby 013A,Violence and sexual offences,Status update unavailable,
215f0a21c9f83312786ea5c3c9328b06eea5f4bd069c2867e89ea7b85de29747,2021-06,Derbyshire Constabulary,Derbyshire Constabulary,-1.484788,52.922592,On or near Stafford Street,E01013453,Derby 013A,Violence and sexual offences,Status update unavailable,
0b0ead1cef804d58f43594056abe03253e60867a12a0d5d8d01f4df56d908eea,2021-06,Derbyshire Constabulary,Derbyshire Constabulary,-1.484788,52.922592,On or near Stafford Street,E01013453,Derby 013A,Violence and sexual offences,Status update unavailable,
305da9261c6b3853c9081d31e917260d6da30d7e72381f8f4a2404b19e2c4fb7,2021-06,Derbyshire Constabulary,Derbyshire Constabulary,-1.497035,52.922069,On or near Slack Lane,E01013453,Derby 013A,Violence and sexual offences,Unable to prosecute suspect,
71e651f7b0372ec8c7bb0aca283baab08f863bd405de8518f9e1ef7b50c5773b,2021-06,Derbyshire Constabulary,Derbyshire Constabulary,-1.495909,52.916581,On or near Crosby Street,E01013453,Derby 013A,Violence and sexual offences,Investigation complete; no suspect identified,
8921413cd9613f473aa0d004fd216dc200d40c98c163c9a68452a4b8e795be9d,2021-06,Derbyshire Constabulary,Derbyshire Constabulary,-1.497528,52.918017,On or near Hoult Street,E01013453,Derby 013A,Violence and sexual offences,Unable to prosecute suspect,
b23a29a75904c21d407a07b8195315a558898a70c180d442bc48fbf679430807,2021-06,Derbyshire Constabulary,Derbyshire Constabulary,-1.493320,52.920462,On or near College Mews,E01013453,Derby 013A,Violence and sexual offences,Unable to prosecute suspect,
e7f6a51e484d2e94822997dc22f256d45744de432b67b739cb1e6033089ac561,2021-06,Derbyshire Constabulary,Derbyshire Constabulary,-1.491402,52.920418,On or near Sudbury Close,E01013453,Derby 013A,Other crime,Status update unavailable,
,2021-06,Derbyshire Constabulary,Derbyshire Constabulary,-1.493070,52.915184,On or near Moss Street,E01013454,Derby 013B,Anti-social behaviour,,
36c4222ddb6639c52af66dd470c8f93487702dff0462c49831f4035bf738fec2,2021-06,Derbyshire Constabulary,Derbyshire Constabulary,-1.494067,52.916420,On or near Parliament Close,E01013454,Derby 013B,Burglary,Investigation complete; no suspect identified,
0c3f46060c26aa517422270309df16a502ca2ad16a9c8018ffe66de408f40fa3,2021-06,Derbyshire Constabulary,Derbyshire Constabulary,-1.494575,52.916162,On or near Amy Street,E01013454,Derby 013B,Criminal damage and arson,Investigation complete; no suspect identified,
3a88f57f0d46d20ecf63868284042b3b4106efbe299b15111f53bc1da14afd1f,2021-06,Derbyshire Constabulary,Derbyshire Constabulary,-1.499745,52.916642,On or near Rowditch Avenue,E01013454,Derby 013B,Criminal damage and arson,Investigation complete; no suspect identified,
29569bf4c3ddf874666ea8b1bdbf242573b7761a1c4e057a6a7a7b3c94e0c059,2021-06,Derbyshire Constabulary,Derbyshire Constabulary,-1.498490,52.917104,On or near Lonsdale Place,E01013454,Derby 013B,Drugs,Offender given a drugs possession warning,
d07de292c1e020f495e09b028a245ab5706d9e6c4b73bc330e71824ea28ab9c7,2021-06,Derbyshire Constabulary,Derbyshire Constabulary,-1.494575,52.916162,On or near Amy Street,E01013454,Derby 013B,Drugs,Awaiting court outcome,
a53ff4ffbc5c9164e4c9a6283fe763c96809ebbeb708a578ce5d06358aa5d048,2021-06,Derbyshire Constabulary,Derbyshire Constabulary,-1.494067,52.916420,On or near Parliament Close,E01013454,Derby 013B,Drugs,Awaiting court outcome,
619cf918fc66cf2ca15707cd7bf40f427e97e151eb62f860666ee193d83d3c82,2021-06,Derbyshire Constabulary,Derbyshire Constabulary,-1.495788,52.915448,On or near Stockbrook Road,E01013454,Derby 013B,Other theft,Unable to prosecute suspect,
2e5d24e6ced3ff31ee898b9e7d514cf1287aa4ab24e2300dbb151bc806076979,2021-06,Derbyshire Constabulary,Derbyshire Constabulary,-1.494575,52.916162,On or near Amy Street,E01013454,Derby 013B,Other theft,Status update unavailable,
19e40c35fe1c931ff693ad1a8ddc87859d7fb9b2a3f78ea9e2b6f3e844f48abe,2021-06,Derbyshire Constabulary,Derbyshire Constabulary,-1.490159,52.916071,On or near Sports/Recreation Area,E01013454,Derby 013B,Public order,Unable to prosecute suspect,
687a996eb9b79dcb1fa2f19ed4f3628d1c2a2f1aa707a2016df7b0495a9c706c,2021-06,Derbyshire Constabulary,Derbyshire Constabulary,-1.494575,52.916162,On or near Amy Street,E01013454,Derby 013B,Violence and sexual offences,Investigation complete; no suspect identified,
475be929b6ff5b9521f2ed99f5cafb9c47bc25f91a9525a7914dde8b56f31b33,2021-06,Derbyshire Constabulary,Derbyshire Constabulary,-1.494067,52.916420,On or near Parliament Close,E01013454,Derby 013B,Violence and sexual offences,Unable to prosecute suspect,
e486eac8cad47b0745f39af84e60c0adaabc25056be0d646029c4b6115da4992,2021-06,Derbyshire Constabulary,Derbyshire Constabulary,-1.493070,52.915184,On or near Moss Street,E01013454,Derby 013B,Violence and sexual offences,Investigation complete; no suspect identified,
edc27291546eea09db65b1b418a48a86862f6bd7039b40cb3f3ec9b9b079d5c3,2021-06,Derbyshire Constabulary,Derbyshire Constabulary,-1.490159,52.916071,On or near Sports/Recreation Area,E01013454,Derby 013B,Violence and sexual offences,Further investigation is not in the public interest,
3667f01eeecd9bb11b3d4adb85449b5f435cc8633def0461c416caf9c21d528f,2021-06,Derbyshire Constabulary,Derbyshire Constabulary,-1.493070,52.915184,On or near Moss Street,E01013454,Derby 013B,Violence and sexual offences,Local resolution,
de26100a09e99ebb96bea894bb600a6674405445d0abff3ed1ef3bcfccd14e8d,2021-06,Derbyshire Constabulary,Derbyshire Constabulary,-1.494067,52.916420,On or near Parliament Close,E01013454,Derby 013B,Violence and sexual offences,Unable to prosecute suspect,
5d5e0844e7f7c86e25ac2f95b6e10b563a2489cc9cc04d89cdbd6ae3767657f3,2021-06,Derbyshire Constabulary,Derbyshire Constabulary,-1.493028,52.917486,On or near Freehold Street,E01013454,Derby 013B,Violence and sexual offences,Unable to prosecute suspect,
0367b7fbdbdf685761fdf4bcff3ea4d611364ab95efe382eaff4b5109950e90a,2021-06,Derbyshire Constabulary,Derbyshire Constabulary,-1.493028,52.917486,On or near Freehold Street,E01013454,Derby 013B,Violence and sexual offences,Status update unavailable,
27bd3b383914b777b9ad9bbffe364d9e6c0fa7091b9a6d671d3c6aa2c7e2b9c5,2021-06,Derbyshire Constabulary,Derbyshire Constabulary,-1.493028,52.917486,On or near Freehold Street,E01013454,Derby 013B,Violence and sexual offences,Unable to prosecute suspect,
7bdf53b2ab5cef3d5476e2de6bed2b14d415fc83453adda6f7140b74892d4233,2021-06,Derbyshire Constabulary,Derbyshire Constabulary,-1.493028,52.917486,On or near Freehold Street,E01013454,Derby 013B,Violence and sexual offences,Unable to prosecute suspect,
d6d7656503e282c95629877b934d380f2aa870bd45e8124b36cc607e49ac27a7,2021-06,Derbyshire Constabulary,Derbyshire Constabulary,-1.498490,52.917104,On or near Lonsdale Place,E01013454,Derby 013B,Violence and sexual offences,Unable to prosecute suspect,
3667f01eeecd9bb11b3d4adb85449b5f435cc8633def0461c416caf9c21d528f,2021-06,Derbyshire Constabulary,Derbyshire Constabulary,-1.490159,52.916071,On or near Sports/Recreation Area,E01013454,Derby 013B,Violence and sexual offences,Status update unavailable,
fa4ff9ef350e1e2b1e0a74b33bf3a1aaf06ab586f1a35a78eb3b897942d3f21d,2021-06,Derbyshire Constabulary,Derbyshire Constabulary,-1.493028,52.917486,On or near Freehold Street,E01013454,Derby 013B,Violence and sexual offences,Unable to prosecute suspect,
7b94e9c6f3d3dc2e3b458886d35e98f39ca1548614805fd865f4f8ff90f3eaf7,2021-06,Derbyshire Constabulary,Derbyshire Constabulary,-1.493028,52.917486,On or near Freehold Street,E01013454,Derby 013B,Violence and sexual offences,Status update unavailable,
,2021-06,Derbyshire Constabulary,Derbyshire Constabulary,-1.483607,52.919306,On or near Alma Street,E01013456,Derby 013C,Anti-social behaviour,,
,2021-06,Derbyshire Constabulary,Derbyshire Constabulary,-1.486369,52.913430,On or near Warner Street,E01013456,Derby 013C,Anti-social behaviour,,
,2021-06,Derbyshire Constabulary,Derbyshire Constabulary,-1.487500,52.913354,On or near Lorne Street,E01013456,Derby 013C,Anti-social behaviour,,
,2021-06,Derbyshire Constabulary,Derbyshire Constabulary,-1.487500,52.913354,On or near Lorne Street,E01013456,Derby 013C,Anti-social behaviour,,
,2021-06,Derbyshire Constabulary,Derbyshire Constabulary,-1.487700,52.917777,On or near Edensor Square,E01013456,Derby 013C,Anti-social behaviour,,
,2021-06,Derbyshire Constabulary,Derbyshire Constabulary,-1.487500,52.913354,On or near Lorne Street,E01013456,Derby 013C,Anti-social behaviour,,
,2021-06,Derbyshire Constabulary,Derbyshire Constabulary,-1.484232,52.916800,On or near Arbor Close,E01013456,Derby 013C,Anti-social behaviour,,
,2021-06,Derbyshire Constabulary,Derbyshire Constabulary,-1.484232,52.916800,On or near Arbor Close,E01013456,Derby 013C,Anti-social behaviour,,
95a089144277976bc4255f615372ccddf163514ce8156becaf5f12fd8dea5d23,2021-06,Derbyshire Constabulary,Derbyshire Constabulary,-1.486369,52.913430,On or near Warner Street,E01013456,Derby 013C,Burglary,Unable to prosecute suspect,
c1f75820881f71ca5ccee44df136a2e5c6fce91e525057daa39de0afab58d917,2021-06,Derbyshire Constabulary,Derbyshire Constabulary,-1.484232,52.916800,On or near Arbor Close,E01013456,Derby 013C,Criminal damage and arson,Investigation complete; no suspect identified,
234b69276442ec6a3789922d3cdc2602d054250194474d06122f9a8caf9f615a,2021-06,Derbyshire Constabulary,Derbyshire Constabulary,-1.485255,52.915753,On or near Pittar Street,E01013456,Derby 013C,Criminal damage and arson,Status update unavailable,
e5db3c9fbd197e22b01b6b4b46e5756b0ff00565382d02688ecd08e8af8da4ec,2021-06,Derbyshire Constabulary,Derbyshire Constabulary,-1.487500,52.913354,On or near Lorne Street,E01013456,Derby 013C,Drugs,Awaiting court outcome,
3433fc38e4d3b19b6af858cb3aca70e3938a7fd290c4064c602fe7a4a7d4dcb8,2021-06,Derbyshire Constabulary,Derbyshire Constabulary,-1.485146,52.917452,On or near Copperleaf Close,E01013456,Derby 013C,Drugs,Unable to prosecute suspect,
aa3d5421bd75d96209f0d456896f3794d29ac79e33da121f76e8e4e532b5ea7f,2021-06,Derbyshire Constabulary,Derbyshire Constabulary,-1.486369,52.913430,On or near Warner Street,E01013456,Derby 013C,Drugs,Awaiting court outcome,
0f60a69389f66c8e0d018a301fc53ae336d729cf56c3c6d433c13e5969f63c57,2021-06,Derbyshire Constabulary,Derbyshire Constabulary,-1.486212,52.916620,On or near Spring Street,E01013456,Derby 013C,Other theft,Unable to prosecute suspect,
c39705627eab634e3429226f41949c7eaf56bb21b1d8fff92ce1681d65d29f0c,2021-06,Derbyshire Constabulary,Derbyshire Constabulary,-1.490340,52.917123,On or near Parliament Street,E01013456,Derby 013C,Other theft,Investigation complete; no suspect identified,
e0bf11363903caa2e1b6bba4d1bb183155ca6246fada0629426625143143fad2,2021-06,Derbyshire Constabulary,Derbyshire Constabulary,-1.484232,52.916800,On or near Arbor Close,E01013456,Derby 013C,Public order,Status update unavailable,
ac0cdeadced487648c570f4455a44482dc7cf70e188e91a8c4a6ce3e24566743,2021-06,Derbyshire Constabulary,Derbyshire Constabulary,-1.486356,52.913205,On or near Argyle Street,E01013456,Derby 013C,Public order,Unable to prosecute suspect,
310696a333a717f8e5018d7302db03efd16a3bbd23277b5d137317e40685d1c8,2021-06,Derbyshire Constabulary,Derbyshire Constabulary,-1.486356,52.913205,On or near Argyle Street,E01013456,Derby 013C,Public order,Unable to prosecute suspect,
e84cedd5e5b010e7c153388b8e9f1940c0bbc8d9b228d2d169f216abe1c94804,2021-06,Derbyshire Constabulary,Derbyshire Constabulary,-1.485255,52.915753,On or near Pittar Street,E01013456,Derby 013C,Public order,Status update unavailable,
d4568e1ed3956e9390adebda7d22c8ec52e9019a5391e2fe38f8c01324caf60c,2021-06,Derbyshire Constabulary,Derbyshire Constabulary,-1.485935,52.914866,On or near Woods Lane,E01013456,Derby 013C,Public order,Unable to prosecute suspect,
9757dc354a596b024edc55231d5b723ca1a45b9f90b615e4aecaa5b371e0d858,2021-06,Derbyshire Constabulary,Derbyshire Constabulary,-1.484232,52.916800,On or near Arbor Close,E01013456,Derby 013C,Public order,Status update unavailable,
40f37aa16fc91fc297b7669d57e5801823acb29fc8d168d4307e03911939a619,2021-06,Derbyshire Constabulary,Derbyshire Constabulary,-1.487500,52.913354,On or near Lorne Street,E01013456,Derby 013C,Public order,Unable to prosecute suspect,
14223343ac4351bfe38922cf56a72635c83ac816c92361664d4cd2d96dd0462b,2021-06,Derbyshire Constabulary,Derbyshire Constabulary,-1.486356,52.913205,On or near Argyle Street,E01013456,Derby 013C,Vehicle crime,Investigation complete; no suspect identified,
e9f20b7a5a958a02e2cd87f96c7c8f1730a2f620082258a95c256f955b525e5b,2021-06,Derbyshire Constabulary,Derbyshire Constabulary,-1.487500,52.913354,On or near Lorne Street,E01013456,Derby 013C,Vehicle crime,Investigation complete; no suspect identified,
08aeff759e1aae1ad3c1056210f1d726b1b06e2dceb77928319614ab0eb98d8c,2021-06,Derbyshire Constabulary,Derbyshire Constabulary,-1.487500,52.913354,On or near Lorne Street,E01013456,Derby 013C,Vehicle crime,Investigation complete; no suspect identified,
3b2c838877b3d5b0cf625ec57625afa86663ed014d5d0f16add3709091f23843,2021-06,Derbyshire Constabulary,Derbyshire Constabulary,-1.486356,52.913205,On or near Argyle Street,E01013456,Derby 013C,Vehicle crime,Investigation complete; no suspect identified,
630956983caecf6f640485cc3e1c2621e2da969e7740a822d334ac832d7b5f98,2021-06,Derbyshire Constabulary,Derbyshire Constabulary,-1.485428,52.916248,On or near Sun Street,E01013456,Derby 013C,Violence and sexual offences,Unable to prosecute suspect,
4945d65f07f569ad76405b831e11f3c32d4359bf39df7c6ea84ca24b2b4027da,2021-06,Derbyshire Constabulary,Derbyshire Constabulary,-1.485255,52.915753,On or near Pittar Street,E01013456,Derby 013C,Violence and sexual offences,Status update unavailable,
b3f51e055b51b73ddde3be235d5842c9843f1f7e403da7e3ea99d7100168d086,2021-06,Derbyshire Constabulary,Derbyshire Constabulary,-1.484232,52.916800,On or near Arbor Close,E01013456,Derby 013C,Violence and sexual offences,Unable to prosecute suspect,
7360c946b2b0d3e87a31fe9f7723002eaa186a71d8932767d860d03fa2ade1fe,2021-06,Derbyshire Constabulary,Derbyshire Constabulary,-1.486356,52.913205,On or near Argyle Street,E01013456,Derby 013C,Violence and sexual offences,Unable to prosecute suspect,
749aa268b22fe643f49e47aabc89bbee73a9688af05157e4f4e5c61e562eb53f,2021-06,Derbyshire Constabulary,Derbyshire Constabulary,-1.490340,52.917123,On or near Parliament Street,E01013456,Derby 013C,Violence and sexual offences,Local resolution,
7d42a6065fed6e71c98e95b63e1bd12e04a8f1b9f7a06fc54f2abd4ad73c4112,2021-06,Derbyshire Constabulary,Derbyshire Constabulary,-1.484232,52.916800,On or near Arbor Close,E01013456,Derby 013C,Violence and sexual offences,Status update unavailable,
7f86376ecdfa319b889e99ea832f2f7593cc942059474180378fc49bddfa4049,2021-06,Derbyshire Constabulary,Derbyshire Constabulary,-1.485935,52.914866,On or near Woods Lane,E01013456,Derby 013C,Violence and sexual offences,Unable to prosecute suspect,
23bd1d9e3d414c800c14264cfdea159dce2fe96c8d72bb052d24ba494add35db,2021-06,Derbyshire Constabulary,Derbyshire Constabulary,-1.485146,52.917452,On or near Copperleaf Close,E01013456,Derby 013C,Violence and sexual offences,Unable to prosecute suspect,
5f2bbe75656ea6c218082db12948a09e3d1f376790ea72f89f934f679edd3b4c,2021-06,Derbyshire Constabulary,Derbyshire Constabulary,-1.487700,52.917777,On or near Edensor Square,E01013456,Derby 013C,Violence and sexual offences,Status update unavailable,
347f09eae0fca0fc59cfb7d326d4fb081d0489b13d1fd7eae945fe25f4bb44cc,2021-06,Derbyshire Constabulary,Derbyshire Constabulary,-1.487500,52.913354,On or near Lorne Street,E01013456,Derby 013C,Violence and sexual offences,Unable to prosecute suspect,
f33227d18571b9305c918cffc9d56e56ccae57f15d7b03433ee73f504881314c,2021-06,Derbyshire Constabulary,Derbyshire Constabulary,-1.487500,52.913354,On or near Lorne Street,E01013456,Derby 013C,Violence and sexual offences,Unable to prosecute suspect,
f0c62f55cd7505ba0600f9e827575c19e0c8cb2072e9d4cbdefdecff234bfe03,2021-06,Derbyshire Constabulary,Derbyshire Constabulary,-1.486369,52.913430,On or near Warner Street,E01013456,Derby 013C,Violence and sexual offences,Status update unavailable,
dd93643f8788400ffe361369b15c516f96227c7226bd39410079308031998ae3,2021-06,Derbyshire Constabulary,Derbyshire Constabulary,-1.487500,52.913354,On or near Lorne Street,E01013456,Derby 013C,Violence and sexual offences,Unable to prosecute suspect,
6ebd6bd16844fca8e0b46a0eea07ddab9c22323574a22336277736ae7dc2be91,2021-06,Derbyshire Constabulary,Derbyshire Constabulary,-1.483253,52.917839,On or near Abbey Street,E01013456,Derby 013C,Violence and sexual offences,Unable to prosecute suspect,
1007b5d40e73e1b51bdeea22fade513e5b5bd8b289f0e2d68710a60f31494587,2021-06,Derbyshire Constabulary,Derbyshire Constabulary,-1.485428,52.916248,On or near Sun Street,E01013456,Derby 013C,Violence and sexual offences,Unable to prosecute suspect,
f9c951796120f8cfc6a32780ce66b275c5ae066be466d4bd7eaac53b8a512612,2021-06,Derbyshire Constabulary,Derbyshire Constabulary,-1.485883,52.915522,On or near Farm Street,E01013456,Derby 013C,Violence and sexual offences,Unable to prosecute suspect,
0c2f4a4e5839ccf84259bf988148e0aeeb38a0dd645adfaf330cf8edca5812b8,2021-06,Derbyshire Constabulary,Derbyshire Constabulary,-1.486191,52.917088,On or near Pelham Street,E01013456,Derby 013C,Other crime,Unable to prosecute suspect,
,2021-06,Derbyshire Constabulary,Derbyshire Constabulary,-1.495772,52.914306,On or near Westbury Court,E01013457,Derby 013D,Anti-social behaviour,,
,2021-06,Derbyshire Constabulary,Derbyshire Constabulary,-1.492875,52.914006,On or near Dean Street,E01013457,Derby 013D,Anti-social behaviour,,
,2021-06,Derbyshire Constabulary,Derbyshire Constabulary,-1.488423,52.914526,On or near Crown Street,E01013457,Derby 013D,Anti-social behaviour,,
,2021-06,Derbyshire Constabulary,Derbyshire Constabulary,-1.489012,52.915014,On or near Crown Mews,E01013457,Derby 013D,Anti-social behaviour,,
,2021-06,Derbyshire Constabulary,Derbyshire Constabulary,-1.489012,52.915014,On or near Crown Mews,E01013457,Derby 013D,Anti-social behaviour,,
,2021-06,Derbyshire Constabulary,Derbyshire Constabulary,-1.491659,52.913695,On or near Raven Street,E01013457,Derby 013D,Anti-social behaviour,,
,2021-06,Derbyshire Constabulary,Derbyshire Constabulary,-1.495133,52.914276,On or near Westbury Street,E01013457,Derby 013D,Anti-social behaviour,,
d8ae93d59f8410f733570c7bb744de026a1d1795153db3a571f64abca079577b,2021-06,Derbyshire Constabulary,Derbyshire Constabulary,-1.491229,52.912318,On or near Bramfield Avenue,E01013457,Derby 013D,Burglary,Investigation complete; no suspect identified,
c88c7de6f831e2b4a519cd9a6567971b6e2aa9273eab79fab03495733fdc2eb7,2021-06,Derbyshire Constabulary,Derbyshire Constabulary,-1.489742,52.913660,On or near Leman Street,E01013457,Derby 013D,Criminal damage and arson,Investigation complete; no suspect identified,
d63f94f4655cab83318588070f85ab4224f4a6100516148141ca4b0245f3cf02,2021-06,Derbyshire Constabulary,Derbyshire Constabulary,-1.489012,52.915014,On or near Crown Mews,E01013457,Derby 013D,Criminal damage and arson,Local resolution,
71a234d9c554f20f47d5524fdce5d7628ec6dcaaf592a159d48e6f04f6be29ad,2021-06,Derbyshire Constabulary,Derbyshire Constabulary,-1.491229,52.912318,On or near Bramfield Avenue,E01013457,Derby 013D,Criminal damage and arson,Investigation complete; no suspect identified,
aeb288c47df5968d01b474586265558ba5e23230cc16cc41ff107d9c891917b4,2021-06,Derbyshire Constabulary,Derbyshire Constabulary,-1.489742,52.913660,On or near Leman Street,E01013457,Derby 013D,Other theft,Unable to prosecute suspect,
2b6c1fef17b62729120432f7ddb7801a4a90f35e8daa4429be472a652c2d1a15,2021-06,Derbyshire Constabulary,Derbyshire Constabulary,-1.492875,52.914006,On or near Dean Street,E01013457,Derby 013D,Other theft,Unable to prosecute suspect,
e4c744b71b982061a82c5ffcbb4a7f4db2048d928ca5e7d22a73b8e526a86613,2021-06,Derbyshire Constabulary,Derbyshire Constabulary,-1.492875,52.914006,On or near Dean Street,E01013457,Derby 013D,Other theft,Investigation complete; no suspect identified,
a30c4b7174e55b0b73cb91f983212e933da9d4c27f08542d84d5e75bbd10d9c7,2021-06,Derbyshire Constabulary,Derbyshire Constabulary,-1.491178,52.914161,On or near Percy Street,E01013457,Derby 013D,Other theft,Investigation complete; no suspect identified,
0ee724d9bf08105efc649bdf42a4b32ec423368421a9d640d9896d758a31bc36,2021-06,Derbyshire Constabulary,Derbyshire Constabulary,-1.491659,52.913695,On or near Raven Street,E01013457,Derby 013D,Violence and sexual offences,Unable to prosecute suspect,
f2608b173b9f5ca6f11a2b73d88b6c0735837cfafdda6d71545b9a92dd035213,2021-06,Derbyshire Constabulary,Derbyshire Constabulary,-1.488423,52.914526,On or near Crown Street,E01013457,Derby 013D,Violence and sexual offences,Unable to prosecute suspect,
1f1c76404028acd1c306eb2c1c965df35312a20651973e418bbc0d85a94da1be,2021-06,Derbyshire Constabulary,Derbyshire Constabulary,-1.492875,52.914006,On or near Dean Street,E01013457,Derby 013D,Violence and sexual offences,Unable to prosecute suspect,
594693818da0ccedfdf94e75cef995aad008aab2d807b9ee5d11f25cd19e6da8,2021-06,Derbyshire Constabulary,Derbyshire Constabulary,-1.491229,52.912318,On or near Bramfield Avenue,E01013457,Derby 013D,Violence and sexual offences,Local resolution,
7931770f6cd3e49e0f6bfdcd8f3e6ec27727cc690350ff2a703ca658370dbead,2021-06,Derbyshire Constabulary,Derbyshire Constabulary,-1.491659,52.913695,On or near Raven Street,E01013457,Derby 013D,Violence and sexual offences,Unable to prosecute suspect,
,2021-06,Derbyshire Constabulary,Derbyshire Constabulary,-1.483960,52.919649,On or near Monk Street,E01013460,Derby 013E,Anti-social behaviour,,
,2021-06,Derbyshire Constabulary,Derbyshire Constabulary,-1.490917,52.918645,On or near Peet Street,E01013460,Derby 013E,Anti-social behaviour,,
,2021-06,Derbyshire Constabulary,Derbyshire Constabulary,-1.483467,52.921058,On or near Monk Street,E01013460,Derby 013E,Anti-social behaviour,,
,2021-06,Derbyshire Constabulary,Derbyshire Constabulary,-1.483467,52.921058,On or near Monk Street,E01013460,Derby 013E,Anti-social behaviour,,
43e541365f20256ea4efe18e9e520bc12091325f3fa09a3a247c0ffe5a91226d,2021-06,Derbyshire Constabulary,Derbyshire Constabulary,-1.485880,52.919495,On or near Wolfa Street,E01013460,Derby 013E,Burglary,Investigation complete; no suspect identified,
e4a7f689459a8b92d9f936ba657768f4e2aa387c80c947a751ff6e4f8773d220,2021-06,Derbyshire Constabulary,Derbyshire Constabulary,-1.490917,52.918645,On or near Peet Street,E01013460,Derby 013E,Burglary,Unable to prosecute suspect,
84ae3f654cff5d337b8f86d980341c2d5d21c436b30e1ff56accbddbd8d335d7,2021-06,Derbyshire Constabulary,Derbyshire Constabulary,-1.488975,52.918106,On or near Lynton Street,E01013460,Derby 013E,Burglary,Status update unavailable,
1ed332380289899ceb90ac6192fc3c29a4a1a4f87d62dbefc1afc3b37b7fc0ae,2021-06,Derbyshire Constabulary,Derbyshire Constabulary,-1.483986,52.921222,On or near Forman Street,E01013460,Derby 013E,Burglary,Investigation complete; no suspect identified,
dd700521d3e746d12ffe8495c09b55ea1bc50d085fb68a0ed1ea058eaffe84b8,2021-06,Derbyshire Constabulary,Derbyshire Constabulary,-1.483467,52.921058,On or near Monk Street,E01013460,Derby 013E,Criminal damage and arson,Investigation complete; no suspect identified,
17b1d230dec97cce7390a9ae1339cc1f791caec4761af2b75763144b4d59ff20,2021-06,Derbyshire Constabulary,Derbyshire Constabulary,-1.490892,52.919508,On or near Laverstoke Court,E01013460,Derby 013E,Criminal damage and arson,Awaiting court outcome,
202bd4b92fc051b0f2ef2283c9f8c7b893f963f3f88bd910eec5c1d7a6118d03,2021-06,Derbyshire Constabulary,Derbyshire Constabulary,-1.485797,52.918974,On or near King Alfred Street,E01013460,Derby 013E,Criminal damage and arson,Investigation complete; no suspect identified,
e873bc250d9a50680229c92c3083d172b77e236c6598e60fae04b44508812219,2021-06,Derbyshire Constabulary,Derbyshire Constabulary,-1.490917,52.918645,On or near Peet Street,E01013460,Derby 013E,Drugs,Unable to prosecute suspect,
6f33c84981d23c2c2d9f9d51ba153f9daf8a0b19a9bdafa49a1a0d227af928fd,2021-06,Derbyshire Constabulary,Derbyshire Constabulary,-1.490917,52.918645,On or near Peet Street,E01013460,Derby 013E,Drugs,Unable to prosecute suspect,
c655d9f79d9b6fcfa11f94f331066d1b35fc67f01c7190d743a964de941a2fb8,2021-06,Derbyshire Constabulary,Derbyshire Constabulary,-1.487417,52.920401,On or near Drewry Court,E01013460,Derby 013E,Drugs,Investigation complete; no suspect identified,
4a6405687aca84bbb3da045f5826bf2fa77c7c181e0567b7ddb89fe6ac39205b,2021-06,Derbyshire Constabulary,Derbyshire Constabulary,-1.487417,52.920401,On or near Drewry Court,E01013460,Derby 013E,Other theft,Investigation complete; no suspect identified,
f285c4ac8f472a97854a69d13cd4451407ee5e3bcfc632ffa44741ffec21223c,2021-06,Derbyshire Constabulary,Derbyshire Constabulary,-1.485302,52.920608,On or near Talbot Street,E01013460,Derby 013E,Other theft,Investigation complete; no suspect identified,
362d42c6c1ab3ab4c2db329dc175aca250ca22f14995e732b2777edb5f09061c,2021-06,Derbyshire Constabulary,Derbyshire Constabulary,-1.483085,52.921910,On or near Newland Street,E01013460,Derby 013E,Possession of weapons,Awaiting court outcome,
ba9578e4fe01773c1c84db1806d87155b958a8a5b19e3d93055e654b4f8ddc9f,2021-06,Derbyshire Constabulary,Derbyshire Constabulary,-1.490892,52.919508,On or near Laverstoke Court,E01013460,Derby 013E,Public order,Unable to prosecute suspect,
eaeab5f9a31ab8dc8bafe7e0ae2707495d76804d812795c9304250fde556e8e0,2021-06,Derbyshire Constabulary,Derbyshire Constabulary,-1.483467,52.921058,On or near Monk Street,E01013460,Derby 013E,Public order,Awaiting court outcome,
2fbf630c8bd0309b47d709f22a9483c511885f1b46bce07e356783af2cba2c82,2021-06,Derbyshire Constabulary,Derbyshire Constabulary,-1.487417,52.920401,On or near Drewry Court,E01013460,Derby 013E,Public order,Unable to prosecute suspect,
78afdd1aaf259a7e436bfceaa131b5c353ca12a57d138f995797848fac25b9e8,2021-06,Derbyshire Constabulary,Derbyshire Constabulary,-1.483467,52.921058,On or near Monk Street,E01013460,Derby 013E,Robbery,Investigation complete; no suspect identified,
b9f84f5d0d41980cacbcdc94ccf7687e1330d8157bef3d145a38035b1e8576c4,2021-06,Derbyshire Constabulary,Derbyshire Constabulary,-1.483467,52.921058,On or near Monk Street,E01013460,Derby 013E,Shoplifting,Awaiting court outcome,
dec66faadee6c6ff7a8c243c7f95a5507e609312511ab266ca7e91d9ff87a25d,2021-06,Derbyshire Constabulary,Derbyshire Constabulary,-1.484164,52.920036,On or near Dunkirk,E01013460,Derby 013E,Vehicle crime,Status update unavailable,
60ba4a36fdd440d9c5f3347171109a2378d7a475a9930b3a2b7ba28a20fa3dda,2021-06,Derbyshire Constabulary,Derbyshire Constabulary,-1.485797,52.918974,On or near King Alfred Street,E01013460,Derby 013E,Violence and sexual offences,Unable to prosecute suspect,
205394eb423e9afc900362eccdaed4c6470ecaace76631541c4994f59f2f92b0,2021-06,Derbyshire Constabulary,Derbyshire Constabulary,-1.483085,52.921910,On or near Newland Street,E01013460,Derby 013E,Violence and sexual offences,Unable to prosecute suspect,
4816e8902d99faf25a9dc891a3e536c3f75a45bd899ef3f076f29d9c8abad5c7,2021-06,Derbyshire Constabulary,Derbyshire Constabulary,-1.483085,52.921910,On or near Newland Street,E01013460,Derby 013E,Violence and sexual offences,Unable to prosecute suspect,
431970a72b593fcd14bf42476a86fb6abef36bdebf8e8b5ea2b86f4f8cfe0d8f,2021-06,Derbyshire Constabulary,Derbyshire Constabulary,-1.483085,52.921910,On or near Newland Street,E01013460,Derby 013E,Violence and sexual offences,Unable to prosecute suspect,
1528ce6219527fc444c8e1a9ca37ee5b1c8de5c2e436578928688bdaf4448c13,2021-06,Derbyshire Constabulary,Derbyshire Constabulary,-1.483960,52.919649,On or near Monk Street,E01013460,Derby 013E,Violence and sexual offences,Investigation complete; no suspect identified,
b3f51e055b51b73ddde3be235d5842c9843f1f7e403da7e3ea99d7100168d086,2021-06,Derbyshire Constabulary,Derbyshire Constabulary,-1.490917,52.918645,On or near Peet Street,E01013460,Derby 013E,Violence and sexual offences,Status update unavailable,
59adcce320e1f087f3d37bfc7ed1318c8d7ccc7888b551f3156672d066c2fb74,2021-06,Derbyshire Constabulary,Derbyshire Constabulary,-1.487417,52.920401,On or near Drewry Court,E01013460,Derby 013E,Violence and sexual offences,Unable to prosecute suspect,
246321c23877989fbb9b92ae41f18098d3e2bfb6e4b420b0e7fde8f3f047a0c7,2021-06,Derbyshire Constabulary,Derbyshire Constabulary,-1.489316,52.919510,On or near Drewry Lane,E01013460,Derby 013E,Violence and sexual offences,Status update unavailable,
7ee599aac1818a00b4a1dff9a172483fef29198b902f9989ba6c00c63c74b2ca,2021-06,Derbyshire Constabulary,Derbyshire Constabulary,-1.490917,52.918645,On or near Peet Street,E01013460,Derby 013E,Violence and sexual offences,Unable to prosecute suspect,
27584f6662a6e09c5952b4750c56c8746864ed19a9e5ed60e85574d91c238384,2021-06,Derbyshire Constabulary,Derbyshire Constabulary,-1.483960,52.919649,On or near Monk Street,E01013460,Derby 013E,Violence and sexual offences,Status update unavailable,
5403e7ce00854b3cfba2def5c7775ff8ef0c567164a2b00fd96d27b414a423b2,2021-06,Derbyshire Constabulary,Derbyshire Constabulary,-1.489316,52.919510,On or near Drewry Lane,E01013460,Derby 013E,Violence and sexual offences,Unable to prosecute suspect,
e980ca5f7bd32b681b167574e33b0d3f22b97854667e8ffc2c37ae8f9df9cf7e,2021-06,Derbyshire Constabulary,Derbyshire Constabulary,-1.489316,52.919510,On or near Drewry Lane,E01013460,Derby 013E,Violence and sexual offences,Unable to prosecute suspect,
36f8707293e9810154f443c3f38a32025f7ff52a02e695e6f01498b7c3f12fb5,2021-06,Derbyshire Constabulary,Derbyshire Constabulary,-1.487417,52.920401,On or near Drewry Court,E01013460,Derby 013E,Violence and sexual offences,Unable to prosecute suspect,
77342d1092e08ce151a7807b837a382ec7c1eee41ed4b3caa6d3ec64eb44d688,2021-06,Derbyshire Constabulary,Derbyshire Constabulary,-1.483085,52.921910,On or near Newland Street,E01013460,Derby 013E,Violence and sexual offences,Unable to prosecute suspect,
fb3f86fa7c98b86ab24798e9d0ae71d3bb30ae6d367e69ecdd4e9df8d0a6cad9,2021-06,Derbyshire Constabulary,Derbyshire Constabulary,-1.483467,52.921058,On or near Monk Street,E01013460,Derby 013E,Violence and sexual offences,Investigation complete; no suspect identified,
04c10a6cd7a2b52a9a192eb4e993ee8bba3326fe17b88cd06fcd99e1f0056992,2021-06,Derbyshire Constabulary,Derbyshire Constabulary,-1.488975,52.918106,On or near Lynton Street,E01013460,Derby 013E,Other crime,Further investigation is not in the public interest,
210d51aa96a6b17018d50a9ee6748b40a625ea2f76c3139d39a197187dd3ab1c,2021-06,Derbyshire Constabulary,Derbyshire Constabulary,-1.488975,52.918106,On or near Lynton Street,E01013460,Derby 013E,Other crime,Further investigation is not in the public interest,
,2021-06,Derbyshire Constabulary,Derbyshire Constabulary,-1.474268,52.921719,On or near Thorntree Lane,E01013479,Derby 013F,Anti-social behaviour,,
,2021-06,Derbyshire Constabulary,Derbyshire Constabulary,-1.477840,52.919038,On or near Degge Street,E01013479,Derby 013F,Anti-social behaviour,,
,2021-06,Derbyshire Constabulary,Derbyshire Constabulary,-1.479872,52.923227,On or near Sadler Gate,E01013479,Derby 013F,Anti-social behaviour,,
,2021-06,Derbyshire Constabulary,Derbyshire Constabulary,-1.480558,52.923059,On or near Cheapside,E01013479,Derby 013F,Anti-social behaviour,,
,2021-06,Derbyshire Constabulary,Derbyshire Constabulary,-1.481276,52.923925,On or near Parking Area,E01013479,Derby 013F,Anti-social behaviour,,
,2021-06,Derbyshire Constabulary,Derbyshire Constabulary,-1.472605,52.921415,On or near Parking Area,E01013479,Derby 013F,Anti-social behaviour,,
,2021-06,Derbyshire Constabulary,Derbyshire Constabulary,-1.482412,52.924712,On or near Cavendish Court,E01013479,Derby 013F,Anti-social behaviour,,
,2021-06,Derbyshire Constabulary,Derbyshire Constabulary,-1.479500,52.924493,On or near St Mary'S Gate,E01013479,Derby 013F,Anti-social behaviour,,
,2021-06,Derbyshire Constabulary,Derbyshire Constabulary,-1.480541,52.920731,On or near Macklin Street,E01013479,Derby 013F,Anti-social behaviour,,
,2021-06,Derbyshire Constabulary,Derbyshire Constabulary,-1.482412,52.924712,On or near Cavendish Court,E01013479,Derby 013F,Anti-social behaviour,,
,2021-06,Derbyshire Constabulary,Derbyshire Constabulary,-1.475160,52.920509,On or near Shopping Area,E01013479,Derby 013F,Anti-social behaviour,,
,2021-06,Derbyshire Constabulary,Derbyshire Constabulary,-1.478247,52.922276,On or near St James'S Street,E01013479,Derby 013F,Anti-social behaviour,,
,2021-06,Derbyshire Constabulary,Derbyshire Constabulary,-1.477176,52.918568,On or near Babington Lane,E01013479,Derby 013F,Anti-social behaviour,,
,2021-06,Derbyshire Constabulary,Derbyshire Constabulary,-1.472605,52.921415,On or near Parking Area,E01013479,Derby 013F,Anti-social behaviour,,
,2021-06,Derbyshire Constabulary,Derbyshire Constabulary,-1.477340,52.919791,On or near Conference/Exhibition Centre,E01013479,Derby 013F,Anti-social behaviour,,
,2021-06,Derbyshire Constabulary,Derbyshire Constabulary,-1.478486,52.923437,On or near Nightclub,E01013479,Derby 013F,Anti-social behaviour,,
,2021-06,Derbyshire Constabulary,Derbyshire Constabulary,-1.480541,52.920731,On or near Macklin Street,E01013479,Derby 013F,Anti-social behaviour,,
,2021-06,Derbyshire Constabulary,Derbyshire Constabulary,-1.477840,52.919038,On or near Degge Street,E01013479,Derby 013F,Anti-social behaviour,,
,2021-06,Derbyshire Constabulary,Derbyshire Constabulary,-1.477223,52.919584,On or near Gower Street,E01013479,Derby 013F,Anti-social behaviour,,
,2021-06,Derbyshire Constabulary,Derbyshire Constabulary,-1.477541,52.920340,On or near St Peter'S Churchyard,E01013479,Derby 013F,Anti-social behaviour,,
,2021-06,Derbyshire Constabulary,Derbyshire Constabulary,-1.476478,52.924632,On or near Full Street,E01013479,Derby 013F,Anti-social behaviour,,
,2021-06,Derbyshire Constabulary,Derbyshire Constabulary,-1.477340,52.919791,On or near Conference/Exhibition Centre,E01013479,Derby 013F,Anti-social behaviour,,
,2021-06,Derbyshire Constabulary,Derbyshire Constabulary,-1.479387,52.922703,On or near The Strand,E01013479,Derby 013F,Anti-social behaviour,,
,2021-06,Derbyshire Constabulary,Derbyshire Constabulary,-1.471725,52.920395,On or near Theatre/Concert Hall,E01013479,Derby 013F,Anti-social behaviour,,
,2021-06,Derbyshire Constabulary,Derbyshire Constabulary,-1.474846,52.923088,On or near Corporation Street,E01013479,Derby 013F,Anti-social behaviour,,
,2021-06,Derbyshire Constabulary,Derbyshire Constabulary,-1.481585,52.919288,On or near Gerard Court,E01013479,Derby 013F,Anti-social behaviour,,
,2021-06,Derbyshire Constabulary,Derbyshire Constabulary,-1.477340,52.919791,On or near Conference/Exhibition Centre,E01013479,Derby 013F,Anti-social behaviour,,
,2021-06,Derbyshire Constabulary,Derbyshire Constabulary,-1.478109,52.925062,On or near Iron Gate,E01013479,Derby 013F,Anti-social behaviour,,
,2021-06,Derbyshire Constabulary,Derbyshire Constabulary,-1.472605,52.921415,On or near Parking Area,E01013479,Derby 013F,Anti-social behaviour,,
,2021-06,Derbyshire Constabulary,Derbyshire Constabulary,-1.477223,52.919584,On or near Gower Street,E01013479,Derby 013F,Anti-social behaviour,,
,2021-06,Derbyshire Constabulary,Derbyshire Constabulary,-1.472247,52.919085,On or near Shopping Area,E01013479,Derby 013F,Anti-social behaviour,,
,2021-06,Derbyshire Constabulary,Derbyshire Constabulary,-1.477223,52.919584,On or near Gower Street,E01013479,Derby 013F,Anti-social behaviour,,
,2021-06,Derbyshire Constabulary,Derbyshire Constabulary,-1.478706,52.923707,On or near George Yard,E01013479,Derby 013F,Anti-social behaviour,,
,2021-06,Derbyshire Constabulary,Derbyshire Constabulary,-1.479719,52.918552,On or near Hill Brow,E01013479,Derby 013F,Anti-social behaviour,,
,2021-06,Derbyshire Constabulary,Derbyshire Constabulary,-1.475160,52.920509,On or near Shopping Area,E01013479,Derby 013F,Anti-social behaviour,,
,2021-06,Derbyshire Constabulary,Derbyshire Constabulary,-1.477764,52.921617,On or near Victoria Street,E01013479,Derby 013F,Anti-social behaviour,,
,2021-06,Derbyshire Constabulary,Derbyshire Constabulary,-1.477671,52.923163,On or near Nightclub,E01013479,Derby 013F,Anti-social behaviour,,
,2021-06,Derbyshire Constabulary,Derbyshire Constabulary,-1.478486,52.923437,On or near Nightclub,E01013479,Derby 013F,Anti-social behaviour,,
,2021-06,Derbyshire Constabulary,Derbyshire Constabulary,-1.480558,52.923059,On or near Cheapside,E01013479,Derby 013F,Anti-social behaviour,,
,2021-06,Derbyshire Constabulary,Derbyshire Constabulary,-1.477764,52.921617,On or near Victoria Street,E01013479,Derby 013F,Anti-social behaviour,,
,2021-06,Derbyshire Constabulary,Derbyshire Constabulary,-1.477223,52.919584,On or near Gower Street,E01013479,Derby 013F,Anti-social behaviour,,
,2021-06,Derbyshire Constabulary,Derbyshire Constabulary,-1.478146,52.919507,On or near Green Lane,E01013479,Derby 013F,Anti-social behaviour,,
,2021-06,Derbyshire Constabulary,Derbyshire Constabulary,-1.476478,52.924632,On or near Full Street,E01013479,Derby 013F,Anti-social behaviour,,
,2021-06,Derbyshire Constabulary,Derbyshire Constabulary,-1.479985,52.922463,On or near Wardwick,E01013479,Derby 013F,Anti-social behaviour,,
,2021-06,Derbyshire Constabulary,Derbyshire Constabulary,-1.481276,52.923925,On or near Parking Area,E01013479,Derby 013F,Anti-social behaviour,,
,2021-06,Derbyshire Constabulary,Derbyshire Constabulary,-1.478109,52.925062,On or near Iron Gate,E01013479,Derby 013F,Anti-social behaviour,,
,2021-06,Derbyshire Constabulary,Derbyshire Constabulary,-1.479872,52.923227,On or near Sadler Gate,E01013479,Derby 013F,Anti-social behaviour,,
,2021-06,Derbyshire Constabulary,Derbyshire Constabulary,-1.479500,52.924493,On or near St Mary'S Gate,E01013479,Derby 013F,Anti-social behaviour,,
,2021-06,Derbyshire Constabulary,Derbyshire Constabulary,-1.480558,52.923059,On or near Cheapside,E01013479,Derby 013F,Anti-social behaviour,,
,2021-06,Derbyshire Constabulary,Derbyshire Constabulary,-1.474846,52.923088,On or near Corporation Street,E01013479,Derby 013F,Anti-social behaviour,,
,2021-06,Derbyshire Constabulary,Derbyshire Constabulary,-1.474268,52.921719,On or near Thorntree Lane,E01013479,Derby 013F,Anti-social behaviour,,
,2021-06,Derbyshire Constabulary,Derbyshire Constabulary,-1.477764,52.921617,On or near Victoria Street,E01013479,Derby 013F,Anti-social behaviour,,
,2021-06,Derbyshire Constabulary,Derbyshire Constabulary,-1.477840,52.919038,On or near Degge Street,E01013479,Derby 013F,Anti-social behaviour,,
,2021-06,Derbyshire Constabulary,Derbyshire Constabulary,-1.482412,52.924712,On or near Cavendish Court,E01013479,Derby 013F,Anti-social behaviour,,
,2021-06,Derbyshire Constabulary,Derbyshire Constabulary,-1.472605,52.921415,On or near Parking Area,E01013479,Derby 013F,Anti-social behaviour,,
,2021-06,Derbyshire Constabulary,Derbyshire Constabulary,-1.472605,52.921415,On or near Parking Area,E01013479,Derby 013F,Anti-social behaviour,,
,2021-06,Derbyshire Constabulary,Derbyshire Constabulary,-1.477223,52.919584,On or near Gower Street,E01013479,Derby 013F,Anti-social behaviour,,
,2021-06,Derbyshire Constabulary,Derbyshire Constabulary,-1.477223,52.919584,On or near Gower Street,E01013479,Derby 013F,Anti-social behaviour,,
,2021-06,Derbyshire Constabulary,Derbyshire Constabulary,-1.478146,52.919507,On or near Green Lane,E01013479,Derby 013F,Anti-social behaviour,,
,2021-06,Derbyshire Constabulary,Derbyshire Constabulary,-1.479976,52.925690,On or near Theatre/Concert Hall,E01013479,Derby 013F,Anti-social behaviour,,
,2021-06,Derbyshire Constabulary,Derbyshire Constabulary,-1.481276,52.923925,On or near Parking Area,E01013479,Derby 013F,Anti-social behaviour,,
,2021-06,Derbyshire Constabulary,Derbyshire Constabulary,-1.479985,52.922463,On or near Wardwick,E01013479,Derby 013F,Anti-social behaviour,,
,2021-06,Derbyshire Constabulary,Derbyshire Constabulary,-1.479985,52.922463,On or near Wardwick,E01013479,Derby 013F,Anti-social behaviour,,
,2021-06,Derbyshire Constabulary,Derbyshire Constabulary,-1.479985,52.922463,On or near Wardwick,E01013479,Derby 013F,Anti-social behaviour,,
,2021-06,Derbyshire Constabulary,Derbyshire Constabulary,-1.472605,52.921415,On or near Parking Area,E01013479,Derby 013F,Anti-social behaviour,,
,2021-06,Derbyshire Constabulary,Derbyshire Constabulary,-1.472605,52.921415,On or near Parking Area,E01013479,Derby 013F,Anti-social behaviour,,
,2021-06,Derbyshire Constabulary,Derbyshire Constabulary,-1.472605,52.921415,On or near Parking Area,E01013479,Derby 013F,Anti-social behaviour,,
,2021-06,Derbyshire Constabulary,Derbyshire Constabulary,-1.479872,52.923227,On or near Sadler Gate,E01013479,Derby 013F,Anti-social behaviour,,
,2021-06,Derbyshire Constabulary,Derbyshire Constabulary,-1.481276,52.923925,On or near Parking Area,E01013479,Derby 013F,Anti-social behaviour,,
,2021-06,Derbyshire Constabulary,Derbyshire Constabulary,-1.482756,52.923338,On or near Friar Gate,E01013479,Derby 013F,Anti-social behaviour,,
,2021-06,Derbyshire Constabulary,Derbyshire Constabulary,-1.482412,52.924712,On or near Cavendish Court,E01013479,Derby 013F,Anti-social behaviour,,
,2021-06,Derbyshire Constabulary,Derbyshire Constabulary,-1.477764,52.921617,On or near Victoria Street,E01013479,Derby 013F,Anti-social behaviour,,
,2021-06,Derbyshire Constabulary,Derbyshire Constabulary,-1.478706,52.923707,On or near George Yard,E01013479,Derby 013F,Anti-social behaviour,,
,2021-06,Derbyshire Constabulary,Derbyshire Constabulary,-1.477764,52.921617,On or near Victoria Street,E01013479,Derby 013F,Anti-social behaviour,,
,2021-06,Derbyshire Constabulary,Derbyshire Constabulary,-1.477840,52.919038,On or near Degge Street,E01013479,Derby 013F,Anti-social behaviour,,
093a69315d3a9568115c7d506b6ce472b5adead6fa95b9debc5f7cd7648b3ad5,2021-06,Derbyshire Constabulary,Derbyshire Constabulary,-1.475678,52.921959,On or near Shopping Area,E01013479,Derby 013F,Bicycle theft,Investigation complete; no suspect identified,
b02a395a5e1e69a69176e3099c366271e7318c7c4e683496bc9e69b22d3032b9,2021-06,Derbyshire Constabulary,Derbyshire Constabulary,-1.474846,52.923088,On or near Corporation Street,E01013479,Derby 013F,Bicycle theft,Investigation complete; no suspect identified,
71130ca06fcb461701695fbe8d192ebdfe0c25184ee09b66cb0dc34ef21d300a,2021-06,Derbyshire Constabulary,Derbyshire Constabulary,-1.477764,52.921617,On or near Victoria Street,E01013479,Derby 013F,Bicycle theft,Investigation complete; no suspect identified,
2d573688c9593063e3cd37e46cc835c2628d383605077a2562a891953c0c7e87,2021-06,Derbyshire Constabulary,Derbyshire Constabulary,-1.474001,52.921601,On or near Shopping Area,E01013479,Derby 013F,Bicycle theft,Investigation complete; no suspect identified,
2e7e203dc275d4f8f463b80bd0856c40855ff3f2a0931e754977e7ece3a338cb,2021-06,Derbyshire Constabulary,Derbyshire Constabulary,-1.474846,52.923088,On or near Corporation Street,E01013479,Derby 013F,Bicycle theft,Investigation complete; no suspect identified,
f5ff1fb45f420d3fffe69a3a710d97bbc945ae5170b287ce052de2162ba466e4,2021-06,Derbyshire Constabulary,Derbyshire Constabulary,-1.472605,52.921415,On or near Parking Area,E01013479,Derby 013F,Bicycle theft,Investigation complete; no suspect identified,
bb8b6a680504e2485274eebc90b1b8ba7a40bafbebcbce42b2be9162cf71abc5,2021-06,Derbyshire Constabulary,Derbyshire Constabulary,-1.476381,52.922852,On or near Theatre/Concert Hall,E01013479,Derby 013F,Bicycle theft,Investigation complete; no suspect identified,
f351ba79b44e3846d6538d02360fc308ae288585356b838f879094433a829c74,2021-06,Derbyshire Constabulary,Derbyshire Constabulary,-1.476381,52.922852,On or near Theatre/Concert Hall,E01013479,Derby 013F,Bicycle theft,Investigation complete; no suspect identified,
c9c6eaa24559f58d3a49e76caecb7f761bb50765fb55c1e49309303d4e45e87b,2021-06,Derbyshire Constabulary,Derbyshire Constabulary,-1.477764,52.921617,On or near Victoria Street,E01013479,Derby 013F,Bicycle theft,Investigation complete; no suspect identified,
76144e651ce66c0201cba0224e39253889e4f3034fd5d574b16bfd7d60c3e56b,2021-06,Derbyshire Constabulary,Derbyshire Constabulary,-1.474846,52.923088,On or near Corporation Street,E01013479,Derby 013F,Bicycle theft,Investigation complete; no suspect identified,
8027737b51e79d54883120b54a2ccad33931c942cf1d1e491a9a725a670fdfd3,2021-06,Derbyshire Constabulary,Derbyshire Constabulary,-1.474846,52.923088,On or near Corporation Street,E01013479,Derby 013F,Bicycle theft,Investigation complete; no suspect identified,
633299809915a1933a695154384dde4fce4ae831be55db37dc871aff64a59d9f,2021-06,Derbyshire Constabulary,Derbyshire Constabulary,-1.482077,52.921645,On or near Newland Street,E01013479,Derby 013F,Burglary,Unable to prosecute suspect,
de00b4b14e0553d741e146ca4bd0ef17f925eb59040c4be91b4f8b1b08aff1b6,2021-06,Derbyshire Constabulary,Derbyshire Constabulary,-1.482412,52.924712,On or near Cavendish Court,E01013479,Derby 013F,Burglary,Unable to prosecute suspect,
195df919af4ec15cb5e94a6a910754270ad08198dd8b459e96cfb3ac4efb9121,2021-06,Derbyshire Constabulary,Derbyshire Constabulary,-1.477176,52.918568,On or near Babington Lane,E01013479,Derby 013F,Burglary,Investigation complete; no suspect identified,
e5879aa6b2e4ef098bd64ae8c83b9a59bc1c71a7e8834ffcc9c256618b5193f5,2021-06,Derbyshire Constabulary,Derbyshire Constabulary,-1.482756,52.923338,On or near Friar Gate,E01013479,Derby 013F,Burglary,Investigation complete; no suspect identified,
1db9c1393b99eb12e6aa1a0dd79b8649086254de11e8ff3358369235931b4bbe,2021-06,Derbyshire Constabulary,Derbyshire Constabulary,-1.475430,52.922722,On or near Tennant Street,E01013479,Derby 013F,Burglary,Unable to prosecute suspect,
00f29513d387155c0ef6cc41f3fa1f2c9e3c05a41f45187e89dea82c662506a0,2021-06,Derbyshire Constabulary,Derbyshire Constabulary,-1.475160,52.920509,On or near Shopping Area,E01013479,Derby 013F,Burglary,Unable to prosecute suspect,
2a6a0701fadc67e6811082b6e4491b30bd7167cc5a03024cd9068c6afce90615,2021-06,Derbyshire Constabulary,Derbyshire Constabulary,-1.480813,52.917900,On or near Rosengrave Street,E01013479,Derby 013F,Burglary,Status update unavailable,
32f4fd13ebef7f174ce9cc33ce67d5a9b59f7820e511ca92db4695c205020bbc,2021-06,Derbyshire Constabulary,Derbyshire Constabulary,-1.483944,52.922265,On or near Friary Street,E01013479,Derby 013F,Burglary,Investigation complete; no suspect identified,
ac419d7057b16d28949614edfc34c50923dcdcf41e9dd38c969c19edb314a896,2021-06,Derbyshire Constabulary,Derbyshire Constabulary,-1.475430,52.922722,On or near Tennant Street,E01013479,Derby 013F,Burglary,Awaiting court outcome,
7de54887f2925c61dd1566ead5b5b1d23377e8458a51633a9f0f835eab1e8e92,2021-06,Derbyshire Constabulary,Derbyshire Constabulary,-1.475430,52.922722,On or near Tennant Street,E01013479,Derby 013F,Burglary,Unable to prosecute suspect,
91148163c1667fe62605d74094a267b4804d0ce59f36cc46a50af8b48d29982f,2021-06,Derbyshire Constabulary,Derbyshire Constabulary,-1.472605,52.921415,On or near Parking Area,E01013479,Derby 013F,Criminal damage and arson,Investigation complete; no suspect identified,
a1773c1e19504fd715050a5ff75c02cb623c83e003db5b9f1a1cb9002539b1a3,2021-06,Derbyshire Constabulary,Derbyshire Constabulary,-1.479500,52.924493,On or near St Mary'S Gate,E01013479,Derby 013F,Criminal damage and arson,Further investigation is not in the public interest,
0e0ed77f9f849f72102e6f2446c734c32a1239678fd935c039f99dfab4e6afc3,2021-06,Derbyshire Constabulary,Derbyshire Constabulary,-1.477840,52.919038,On or near Degge Street,E01013479,Derby 013F,Criminal damage and arson,Local resolution,
4c6b60c210e86d64ee0a02762f78b3ac2152ed38c9f159ce111a7924ce8e654a,2021-06,Derbyshire Constabulary,Derbyshire Constabulary,-1.476381,52.922852,On or near Theatre/Concert Hall,E01013479,Derby 013F,Criminal damage and arson,Investigation complete; no suspect identified,
2fd34af3a6039518583a33ba96e8a4eecf622ed791af80973ad81b42fd2ecd37,2021-06,Derbyshire Constabulary,Derbyshire Constabulary,-1.480558,52.923059,On or near Cheapside,E01013479,Derby 013F,Criminal damage and arson,Investigation complete; no suspect identified,
539aeaca041ba3f455ecaafeb9d4fca9928ccb81462412e8d53bef6d22c769b5,2021-06,Derbyshire Constabulary,Derbyshire Constabulary,-1.482412,52.924712,On or near Cavendish Court,E01013479,Derby 013F,Criminal damage and arson,Unable to prosecute suspect,
2bb2b91e53b9c0546506b0e24ffb067a637db363bf8851b35ccbe402a5bb26cd,2021-06,Derbyshire Constabulary,Derbyshire Constabulary,-1.479645,52.919837,On or near Crompton Street,E01013479,Derby 013F,Criminal damage and arson,Unable to prosecute suspect,
a38353b0dafe3da63ecac9ab733a65b65225c1c787495c4c92f48f63cd65d8d1,2021-06,Derbyshire Constabulary,Derbyshire Constabulary,-1.481492,52.922083,On or near Bramble Street,E01013479,Derby 013F,Criminal damage and arson,Investigation complete; no suspect identified,
66382fc940cbad870b8653bac6402e7c7cf5c5abbd611de8cc030c5d62a5a0f5,2021-06,Derbyshire Constabulary,Derbyshire Constabulary,-1.474268,52.921719,On or near Thorntree Lane,E01013479,Derby 013F,Criminal damage and arson,Investigation complete; no suspect identified,
2a17fef5f129f19a8ab3d45c55d359e754d2b02b15234dcf4ec538b7ea24895e,2021-06,Derbyshire Constabulary,Derbyshire Constabulary,-1.477840,52.919038,On or near Degge Street,E01013479,Derby 013F,Criminal damage and arson,Unable to prosecute suspect,
a707bb3676450c0a26c2e97e0aac8b00ad27fc54be31e1bc01f69afce0fd0bf2,2021-06,Derbyshire Constabulary,Derbyshire Constabulary,-1.479500,52.924493,On or near St Mary'S Gate,E01013479,Derby 013F,Criminal damage and arson,Unable to prosecute suspect,
4ab171cad1a4b157ba86e02aadb303957ca1f204b5857f400c934d8b00847567,2021-06,Derbyshire Constabulary,Derbyshire Constabulary,-1.483427,52.924456,On or near Cavendish Street,E01013479,Derby 013F,Criminal damage and arson,Unable to prosecute suspect,
89fd29d26bdf7fa6b83402bcb96164519e55ce5ec687371bd498b55d654e19e4,2021-06,Derbyshire Constabulary,Derbyshire Constabulary,-1.479872,52.923227,On or near Sadler Gate,E01013479,Derby 013F,Drugs,Investigation complete; no suspect identified,
d3f073dc0a465ec92c5b06ce6a84fc2b174b8779e8998f37ff4414d69f122601,2021-06,Derbyshire Constabulary,Derbyshire Constabulary,-1.478109,52.925062,On or near Iron Gate,E01013479,Derby 013F,Drugs,Awaiting court outcome,
f636143877d400c94f7b5eb8e7f6912910c71aa738baf1a835397a609d96d872,2021-06,Derbyshire Constabulary,Derbyshire Constabulary,-1.479719,52.918552,On or near Hill Brow,E01013479,Derby 013F,Drugs,Offender given a drugs possession warning,
a1067c349c46d2e456af48d7ff6eb8135023ed7f55405f18477733b27fa97397,2021-06,Derbyshire Constabulary,Derbyshire Constabulary,-1.477840,52.919038,On or near Degge Street,E01013479,Derby 013F,Drugs,Awaiting court outcome,
6c0b0fe46c1df617c658384bbefe4fdf64f323f617e62c843b266b4b9189d13c,2021-06,Derbyshire Constabulary,Derbyshire Constabulary,-1.475160,52.920509,On or near Shopping Area,E01013479,Derby 013F,Drugs,Formal action is not in the public interest,
f6aa790ae26b022a328f586097f039bd0f9ed1e2b540718d15037901f7de8ff7,2021-06,Derbyshire Constabulary,Derbyshire Constabulary,-1.475678,52.921959,On or near Shopping Area,E01013479,Derby 013F,Drugs,Further investigation is not in the public interest,
2ac0065d9718dddff53918c0cfe731a896323a9f9581ea5702862250ca96c725,2021-06,Derbyshire Constabulary,Derbyshire Constabulary,-1.478109,52.925062,On or near Iron Gate,E01013479,Derby 013F,Drugs,Awaiting court outcome,
bdab4c838d9c6e38f5c3018a074f5c5379d500abf7602a0996286e2469910b91,2021-06,Derbyshire Constabulary,Derbyshire Constabulary,-1.482756,52.923338,On or near Friar Gate,E01013479,Derby 013F,Drugs,Status update unavailable,
0d01706e0bdd2d035ececd8de99f6df71e8219bad8932578b985f11c3501fc41,2021-06,Derbyshire Constabulary,Derbyshire Constabulary,-1.479985,52.922463,On or near Wardwick,E01013479,Derby 013F,Drugs,Offender given a caution,
7a4d8e3025fae44e090f20065eca3c031148e23e0f39dff98da44f16e5223003,2021-06,Derbyshire Constabulary,Derbyshire Constabulary,-1.472247,52.919085,On or near Shopping Area,E01013479,Derby 013F,Other theft,Investigation complete; no suspect identified,
8a90fa95f77b997566894782a5ab3528e9045b0874c4a78465e2f894db6eb5c5,2021-06,Derbyshire Constabulary,Derbyshire Constabulary,-1.477764,52.921617,On or near Victoria Street,E01013479,Derby 013F,Other theft,Investigation complete; no suspect identified,
f909f8f6c338cd0211e939635a29f1c37b8318dd2ec399398baddb6d07659d07,2021-06,Derbyshire Constabulary,Derbyshire Constabulary,-1.477764,52.921617,On or near Victoria Street,E01013479,Derby 013F,Other theft,Investigation complete; no suspect identified,
e5096c2ccac27a67f97dbec1c9b234ca23453112c61c30090151e2b04434afdc,2021-06,Derbyshire Constabulary,Derbyshire Constabulary,-1.474001,52.921601,On or near Shopping Area,E01013479,Derby 013F,Other theft,Investigation complete; no suspect identified,
edbf9467bfea88ffb6d75b23c0e944588b191bf168c741c3313fec6315361b74,2021-06,Derbyshire Constabulary,Derbyshire Constabulary,-1.472247,52.919085,On or near Shopping Area,E01013479,Derby 013F,Other theft,Investigation complete; no suspect identified,
948672b16e5d80b605de1fb3f4006d6686d0806704bd1596cce429948b21ade1,2021-06,Derbyshire Constabulary,Derbyshire Constabulary,-1.472247,52.919085,On or near Shopping Area,E01013479,Derby 013F,Other theft,Unable to prosecute suspect,
2ce323cc49173233ef572436700be8b8740e29540f52b921c3058f144bb5a226,2021-06,Derbyshire Constabulary,Derbyshire Constabulary,-1.484950,52.921478,On or near Curzon Street,E01013479,Derby 013F,Other theft,Unable to prosecute suspect,
80f570b85ce10e54c6671e140dc206f9b63e87693432200c2a3c3a93bf188b4e,2021-06,Derbyshire Constabulary,Derbyshire Constabulary,-1.472247,52.919085,On or near Shopping Area,E01013479,Derby 013F,Other theft,Investigation complete; no suspect identified,
62667c70bf0debe99036148ea1fe1d9d5538e4d9502e844063e3a8413e8ce2dd,2021-06,Derbyshire Constabulary,Derbyshire Constabulary,-1.482756,52.923338,On or near Friar Gate,E01013479,Derby 013F,Other theft,Investigation complete; no suspect identified,
622d78b8a59c47594c071e0c1aa0e40924f7a4eddf17e897d4b44b5fed945aad,2021-06,Derbyshire Constabulary,Derbyshire Constabulary,-1.474001,52.921601,On or near Shopping Area,E01013479,Derby 013F,Other theft,Unable to prosecute suspect,
4c77072bfd98f5d72a35ab4f83ac66314c6e83cd4c6912ff0aa22fe1c9ec2a63,2021-06,Derbyshire Constabulary,Derbyshire Constabulary,-1.477764,52.921617,On or near Victoria Street,E01013479,Derby 013F,Other theft,Investigation complete; no suspect identified,
319be2802abe4aed62259431149f9623028c4099ae9001e7c1e4c6265d5882b0,2021-06,Derbyshire Constabulary,Derbyshire Constabulary,-1.482077,52.921645,On or near Newland Street,E01013479,Derby 013F,Other theft,Investigation complete; no suspect identified,
ce3ec2921283d7610d062255102f71dff956651a2d520db7cdbc68512744ca6b,2021-06,Derbyshire Constabulary,Derbyshire Constabulary,-1.472301,52.924416,On or near Exeter Place,E01013479,Derby 013F,Other theft,Status update unavailable,
d22569c8a86ec5fc6102cda4fa7f40c1a5a32557def1e803c2dee2a0899c8f8c,2021-06,Derbyshire Constabulary,Derbyshire Constabulary,-1.477764,52.921617,On or near Victoria Street,E01013479,Derby 013F,Other theft,Investigation complete; no suspect identified,
dd230fbb87c4307fd4c8f9ff8ee654325456c86a442492226944a5dbaab6e30b,2021-06,Derbyshire Constabulary,Derbyshire Constabulary,-1.472799,52.920193,On or near Shopping Area,E01013479,Derby 013F,Other theft,Unable to prosecute suspect,
a3a0d5c7bec2cd224f6f048793e7f76e0c9a5db4fa7fe932179d59ebdac326e1,2021-06,Derbyshire Constabulary,Derbyshire Constabulary,-1.477764,52.921617,On or near Victoria Street,E01013479,Derby 013F,Other theft,Investigation complete; no suspect identified,
eb51a2e02dcf1e001ef90cdd4118b2874d2b56227b7e2113fa629647bf2967d6,2021-06,Derbyshire Constabulary,Derbyshire Constabulary,-1.475160,52.920509,On or near Shopping Area,E01013479,Derby 013F,Possession of weapons,Awaiting court outcome,
ea663e34a55cbe23f5ef26a4dd9257d57b0ec252dfddb3925c123f3766b7ea36,2021-06,Derbyshire Constabulary,Derbyshire Constabulary,-1.472247,52.919085,On or near Shopping Area,E01013479,Derby 013F,Possession of weapons,Unable to prosecute suspect,
829bdd909924e6f0bbb481fb5561533ea7566a21ce0e3de8e3bad8385dc30582,2021-06,Derbyshire Constabulary,Derbyshire Constabulary,-1.472247,52.919085,On or near Shopping Area,E01013479,Derby 013F,Public order,Unable to prosecute suspect,
44423aa868c637e785817dd65985448d4e711098a20e0c9163d7aabb9571bb28,2021-06,Derbyshire Constabulary,Derbyshire Constabulary,-1.483092,52.923870,On or near George Street,E01013479,Derby 013F,Public order,Unable to prosecute suspect,
36a8077a5406c7f6071899037ac06a5df84208f9debaa514cfbe494f8e66b6da,2021-06,Derbyshire Constabulary,Derbyshire Constabulary,-1.477764,52.921617,On or near Victoria Street,E01013479,Derby 013F,Public order,Unable to prosecute suspect,
3601d98c60f5dca5a5b28420ad620cf32d7b31ba635806cd349c4de033302f5b,2021-06,Derbyshire Constabulary,Derbyshire Constabulary,-1.475160,52.920509,On or near Shopping Area,E01013479,Derby 013F,Public order,Investigation complete; no suspect identified,
04ee684f4cb89d8aa09925b8b8cacd3256f2e501517165946a20bf60fb06aeef,2021-06,Derbyshire Constabulary,Derbyshire Constabulary,-1.474001,52.921601,On or near Shopping Area,E01013479,Derby 013F,Public order,Investigation complete; no suspect identified,
4c10fbdef896f270983320383f7611d9051d8f1f8c2efa3d0957daf27f842269,2021-06,Derbyshire Constabulary,Derbyshire Constabulary,-1.482756,52.923338,On or near Friar Gate,E01013479,Derby 013F,Public order,Offender given penalty notice,
7080d184510b8a0266d24ae3565a0802509488500d72ba52802c11550143d451,2021-06,Derbyshire Constabulary,Derbyshire Constabulary,-1.483038,52.920849,On or near Abbey Street,E01013479,Derby 013F,Public order,Investigation complete; no suspect identified,
0bd24a36a8fc00f0b4cc16330ad3c352bede8e01c9eb477ff1ed14c248558900,2021-06,Derbyshire Constabulary,Derbyshire Constabulary,-1.477840,52.919038,On or near Degge Street,E01013479,Derby 013F,Public order,Unable to prosecute suspect,
56f9cac758c2c30a3b083198c51b2a3eefc9313c00e8dc79898b57d932c75810,2021-06,Derbyshire Constabulary,Derbyshire Constabulary,-1.475160,52.920509,On or near Shopping Area,E01013479,Derby 013F,Public order,Investigation complete; no suspect identified,
da2ce5d8b33c4a2cc7ee09e891e1e64c860bb2d9b60d81e022180205c0ecbf43,2021-06,Derbyshire Constabulary,Derbyshire Constabulary,-1.476381,52.922852,On or near Theatre/Concert Hall,E01013479,Derby 013F,Public order,Unable to prosecute suspect,
508edb106cf14c8e29fb5fd1e0cde3b1a2f90da5c10dfe5a493fb2c341542368,2021-06,Derbyshire Constabulary,Derbyshire Constabulary,-1.479985,52.922463,On or near Wardwick,E01013479,Derby 013F,Public order,Unable to prosecute suspect,
d37eac927af21ba5f01a36d6ab6d368750be9feaa70233855f1f88a23fa6a44a,2021-06,Derbyshire Constabulary,Derbyshire Constabulary,-1.477840,52.919038,On or near Degge Street,E01013479,Derby 013F,Public order,Unable to prosecute suspect,
c953bb8f90d86a7032a0dd2b81b5a6849ff7a40f6e70de01ff0eeb24d4eaaf39,2021-06,Derbyshire Constabulary,Derbyshire Constabulary,-1.477840,52.919038,On or near Degge Street,E01013479,Derby 013F,Public order,Unable to prosecute suspect,
c15a287f1bd076a40abffe76b70dac14baa3a6ef017bb42ae7f4597051c1c1d8,2021-06,Derbyshire Constabulary,Derbyshire Constabulary,-1.479985,52.922463,On or near Wardwick,E01013479,Derby 013F,Public order,Awaiting court outcome,
44806deaf0a4ed5eee4bb49c64f2035c4b575eca21536eec16df7e3aa1204c8d,2021-06,Derbyshire Constabulary,Derbyshire Constabulary,-1.477840,52.919038,On or near Degge Street,E01013479,Derby 013F,Public order,Unable to prosecute suspect,
a819b2291b38ea0844b02657b1d5828edf991ac428132b541690a5f7343f6992,2021-06,Derbyshire Constabulary,Derbyshire Constabulary,-1.478146,52.919507,On or near Green Lane,E01013479,Derby 013F,Public order,Awaiting court outcome,
92b510ea0dfb0bce5c284a2bc2e103d36fefbf8c78016a6e832668cdac255d0b,2021-06,Derbyshire Constabulary,Derbyshire Constabulary,-1.479976,52.925690,On or near Theatre/Concert Hall,E01013479,Derby 013F,Public order,Unable to prosecute suspect,
b87bba03de403c1af02d4f9fd08ccc7e1d7cfd9d577f6b32f36b24b0c9b4887b,2021-06,Derbyshire Constabulary,Derbyshire Constabulary,-1.475160,52.920509,On or near Shopping Area,E01013479,Derby 013F,Public order,Investigation complete; no suspect identified,
bc45537d1c18302e6ddb6ceb16eec482908df97a869d891fed8fe4f1032d545a,2021-06,Derbyshire Constabulary,Derbyshire Constabulary,-1.472605,52.921415,On or near Parking Area,E01013479,Derby 013F,Public order,Investigation complete; no suspect identified,
adfed7a04e2fc09f665e0e39b5c6c9dcfb62b39dde55997213d7628bb174bdcf,2021-06,Derbyshire Constabulary,Derbyshire Constabulary,-1.482756,52.923338,On or near Friar Gate,E01013479,Derby 013F,Public order,Unable to prosecute suspect,
9f507d86e0e71c2bba23f3a573166d2d2db188dec29892b2390781125d4ed2ba,2021-06,Derbyshire Constabulary,Derbyshire Constabulary,-1.477764,52.921617,On or near Victoria Street,E01013479,Derby 013F,Public order,Awaiting court outcome,
542e05309130bd77c4b1b3a1e7c32df28845f365bf82ecd4a9afc1a5a72a7728,2021-06,Derbyshire Constabulary,Derbyshire Constabulary,-1.472605,52.921415,On or near Parking Area,E01013479,Derby 013F,Public order,Unable to prosecute suspect,
1ab8b92935ac42fae13e4b1dbb0616f4ec2dee72c5660c0f9e4c15779366c0e3,2021-06,Derbyshire Constabulary,Derbyshire Constabulary,-1.474227,52.925054,On or near Stuart Street,E01013479,Derby 013F,Public order,Further investigation is not in the public interest,
c83dfc5d45743350bd771916a0929abb9e2334bbfa8608eb01f528d2f81f3dc6,2021-06,Derbyshire Constabulary,Derbyshire Constabulary,-1.475678,52.921959,On or near Shopping Area,E01013479,Derby 013F,Public order,Unable to prosecute suspect,
d5e33b0a56dadcdf07d63c52808d2b138d23e5e4ceb0764b453345ceef0617b0,2021-06,Derbyshire Constabulary,Derbyshire Constabulary,-1.472799,52.920193,On or near Shopping Area,E01013479,Derby 013F,Public order,Unable to prosecute suspect,
fb0d357ec4e9bf1337f8f7c7007077d7ffbc5a0dfbbb2fdefc8a55b5d83d6054,2021-06,Derbyshire Constabulary,Derbyshire Constabulary,-1.477840,52.919038,On or near Degge Street,E01013479,Derby 013F,Public order,Unable to prosecute suspect,
a485fc578af2468d52439a12c06aba5e97f40147070054c8198061c9fb559d3e,2021-06,Derbyshire Constabulary,Derbyshire Constabulary,-1.474001,52.921601,On or near Shopping Area,E01013479,Derby 013F,Public order,Unable to prosecute suspect,
0be2c796f0dbcf43d2dd748a522d076eebdbcc2abc6842b9fedd34256f432004,2021-06,Derbyshire Constabulary,Derbyshire Constabulary,-1.472605,52.921415,On or near Parking Area,E01013479,Derby 013F,Public order,Unable to prosecute suspect,
1b21fc77f725691db99ca6d6e85171161dde2520cbdffced57bde950be99b3a3,2021-06,Derbyshire Constabulary,Derbyshire Constabulary,-1.479872,52.923227,On or near Sadler Gate,E01013479,Derby 013F,Public order,Investigation complete; no suspect identified,
0d8e93c936958bc5e1e88ade1c5534141e8b98c10a9013415202dd67e1b11eb8,2021-06,Derbyshire Constabulary,Derbyshire Constabulary,-1.479985,52.922463,On or near Wardwick,E01013479,Derby 013F,Public order,Offender given penalty notice,
9fb0e53db0bea5c0d6f2dca6902eaeedea5d7d553795b0797a5a35f6872b5855,2021-06,Derbyshire Constabulary,Derbyshire Constabulary,-1.472247,52.919085,On or near Shopping Area,E01013479,Derby 013F,Public order,Unable to prosecute suspect,
dbb8ff947c0749821a111138bc98ffd61bd142152148723bdd04379c6900d5bd,2021-06,Derbyshire Constabulary,Derbyshire Constabulary,-1.477840,52.919038,On or near Degge Street,E01013479,Derby 013F,Public order,Unable to prosecute suspect,
7f7bdb0e18f52dde446c94f28790e4ab3eb150f2975276e5c25b27b0807b035a,2021-06,Derbyshire Constabulary,Derbyshire Constabulary,-1.477671,52.923163,On or near Nightclub,E01013479,Derby 013F,Public order,Awaiting court outcome,
387143bf82d133b5f2a5bf3e2830221e2aacbba9de4e4b762369a268baddecee,2021-06,Derbyshire Constabulary,Derbyshire Constabulary,-1.476478,52.924632,On or near Full Street,E01013479,Derby 013F,Public order,Unable to prosecute suspect,
fa022810e027b8e9dbee9ed4402af35c0bd6071a15bb238d14579ac5f7595e8e,2021-06,Derbyshire Constabulary,Derbyshire Constabulary,-1.480541,52.920731,On or near Macklin Street,E01013479,Derby 013F,Robbery,Unable to prosecute suspect,
b472c866746c4d4fea11257afd225bb75894f97200fac6f8275adb264d16af8b,2021-06,Derbyshire Constabulary,Derbyshire Constabulary,-1.477764,52.921617,On or near Victoria Street,E01013479,Derby 013F,Robbery,Investigation complete; no suspect identified,
bc9f063ce645a162f4eeaacead86ac17bb28f744d80504e6874b7ea921b3c490,2021-06,Derbyshire Constabulary,Derbyshire Constabulary,-1.475160,52.920509,On or near Shopping Area,E01013479,Derby 013F,Robbery,Status update unavailable,
fa022810e027b8e9dbee9ed4402af35c0bd6071a15bb238d14579ac5f7595e8e,2021-06,Derbyshire Constabulary,Derbyshire Constabulary,-1.479985,52.922463,On or near Wardwick,E01013479,Derby 013F,Robbery,Status update unavailable,
deddd0bc37b8e57e9cd13dd220d90bad55e1fa221beaacf50e6abd127ebf5422,2021-06,Derbyshire Constabulary,Derbyshire Constabulary,-1.472247,52.919085,On or near Shopping Area,E01013479,Derby 013F,Robbery,Awaiting court outcome,
489332a22efd4893c603b1465527f8af03f845be226c27ccd7fb4f1069bfc46a,2021-06,Derbyshire Constabulary,Derbyshire Constabulary,-1.472799,52.920193,On or near Shopping Area,E01013479,Derby 013F,Shoplifting,Awaiting court outcome,
24933b0926a8a3527cebde5ecd26782fad34032d78335d91024a84121c7ea52a,2021-06,Derbyshire Constabulary,Derbyshire Constabulary,-1.472247,52.919085,On or near Shopping Area,E01013479,Derby 013F,Shoplifting,Investigation complete; no suspect identified,
3e183bc56a9d5f1f33d09b8d01aa1e4e4d005111d7d7d24d4fbaf0c6b797543f,2021-06,Derbyshire Constabulary,Derbyshire Constabulary,-1.471725,52.920395,On or near Theatre/Concert Hall,E01013479,Derby 013F,Shoplifting,Awaiting court outcome,
66cdf288bc69548e4f5242e775f73835d18bc49a36171073b5de5b8eeb18ffa2,2021-06,Derbyshire Constabulary,Derbyshire Constabulary,-1.475678,52.921959,On or near Shopping Area,E01013479,Derby 013F,Shoplifting,Investigation complete; no suspect identified,
73cfa06ef61f6f0cd9af6dc8229970565a1999df705e298f0b20fe8f12b011d7,2021-06,Derbyshire Constabulary,Derbyshire Constabulary,-1.477764,52.921617,On or near Victoria Street,E01013479,Derby 013F,Shoplifting,Unable to prosecute suspect,
39d4ec057cffd26cf74a8abc8d7c84c77e199d27f0a1e642b43c3d8af01f7f96,2021-06,Derbyshire Constabulary,Derbyshire Constabulary,-1.477764,52.921617,On or near Victoria Street,E01013479,Derby 013F,Shoplifting,Awaiting court outcome,
dc2483e7e40afefef29ec83419b7a9eb662015162efe335e5f5045f41558a40c,2021-06,Derbyshire Constabulary,Derbyshire Constabulary,-1.478486,52.923437,On or near Nightclub,E01013479,Derby 013F,Shoplifting,Investigation complete; no suspect identified,
b49bb0da15835efc2a5ab3cc55d4f9f3f50ddc8e4ede328adbf004328ecba65b,2021-06,Derbyshire Constabulary,Derbyshire Constabulary,-1.472247,52.919085,On or near Shopping Area,E01013479,Derby 013F,Shoplifting,Investigation complete; no suspect identified,
11c6998ea59862dbeb1f6e51c0f9915df7d9ae6c22396791e7dcc99c52cba5c7,2021-06,Derbyshire Constabulary,Derbyshire Constabulary,-1.475160,52.920509,On or near Shopping Area,E01013479,Derby 013F,Shoplifting,Unable to prosecute suspect,
f4465d40a5e347485a481a548d3146e61107ecf4a532ce0bbb648171ae763b50,2021-06,Derbyshire Constabulary,Derbyshire Constabulary,-1.472799,52.920193,On or near Shopping Area,E01013479,Derby 013F,Shoplifting,Unable to prosecute suspect,
8c49e115bd8f4d79552a90d25d58bfe59004c8e42afa9cbc1271b85439cdada7,2021-06,Derbyshire Constabulary,Derbyshire Constabulary,-1.472799,52.920193,On or near Shopping Area,E01013479,Derby 013F,Shoplifting,Awaiting court outcome,
c76bbfca17c917103ad79bc6690f1cc6d1f6ebb8a774ccd987685eb728b16168,2021-06,Derbyshire Constabulary,Derbyshire Constabulary,-1.478486,52.923437,On or near Nightclub,E01013479,Derby 013F,Shoplifting,Investigation complete; no suspect identified,
54273c6cb0b9e00847eb6626c3397f7304eaea9e330f590b597c7dd4fbd874ea,2021-06,Derbyshire Constabulary,Derbyshire Constabulary,-1.475678,52.921959,On or near Shopping Area,E01013479,Derby 013F,Shoplifting,Awaiting court outcome,
e20b16494617dda498fef43bcc37b4ce6d1b982196dd9b232a0f1b9de20543c8,2021-06,Derbyshire Constabulary,Derbyshire Constabulary,-1.474001,52.921601,On or near Shopping Area,E01013479,Derby 013F,Shoplifting,Investigation complete; no suspect identified,
f6cdbaa2863a32f262f6e123797cff59100d75bd2d906996420e31e6dfbcdd1b,2021-06,Derbyshire Constabulary,Derbyshire Constabulary,-1.471725,52.920395,On or near Theatre/Concert Hall,E01013479,Derby 013F,Shoplifting,Awaiting court outcome,
12439150351009f7ee0d33cdd77be3ca4a26d2ef73c734faa57c663604781424,2021-06,Derbyshire Constabulary,Derbyshire Constabulary,-1.472799,52.920193,On or near Shopping Area,E01013479,Derby 013F,Shoplifting,Investigation complete; no suspect identified,
99b4a17ed697f28553fe2dab2dac9198a0dc32a76b1b42d6905da0fdf913e135,2021-06,Derbyshire Constabulary,Derbyshire Constabulary,-1.474001,52.921601,On or near Shopping Area,E01013479,Derby 013F,Shoplifting,Investigation complete; no suspect identified,
c2ac0492b3392b427121e269d33c8531d51522e0e97e200664a0cd47b45b5b7e,2021-06,Derbyshire Constabulary,Derbyshire Constabulary,-1.472247,52.919085,On or near Shopping Area,E01013479,Derby 013F,Shoplifting,Investigation complete; no suspect identified,
cac9b4b86c85f2ec1f8ba4424386b1d534d901fde8cee14545c9a53da1df3d07,2021-06,Derbyshire Constabulary,Derbyshire Constabulary,-1.472799,52.920193,On or near Shopping Area,E01013479,Derby 013F,Shoplifting,Investigation complete; no suspect identified,
f836f9ceca09f00017de0ca3b498eaa299c8c0c88fe9e0f48c71b6746806c89a,2021-06,Derbyshire Constabulary,Derbyshire Constabulary,-1.472247,52.919085,On or near Shopping Area,E01013479,Derby 013F,Shoplifting,Investigation complete; no suspect identified,
aaf241dfa8b0dac8cf78f5041428497ec64f1d26d7c47ae5f56cb31fb9c902ac,2021-06,Derbyshire Constabulary,Derbyshire Constabulary,-1.472247,52.919085,On or near Shopping Area,E01013479,Derby 013F,Shoplifting,Status update unavailable,
ea54703da7db4dd34f5b360e063d1801b15250bd453e7ad18e2459b83f048c45,2021-06,Derbyshire Constabulary,Derbyshire Constabulary,-1.472799,52.920193,On or near Shopping Area,E01013479,Derby 013F,Shoplifting,Investigation complete; no suspect identified,
5fc194c730c31307234e5f73170c345375aeea24cf8400fc1a66acf8e0b77aac,2021-06,Derbyshire Constabulary,Derbyshire Constabulary,-1.478109,52.925062,On or near Iron Gate,E01013479,Derby 013F,Theft from the person,Status update unavailable,
8dd85af28ce6b55b3d16991901c6342755daae3465c80d3d47a0415d73dd0405,2021-06,Derbyshire Constabulary,Derbyshire Constabulary,-1.479872,52.923227,On or near Sadler Gate,E01013479,Derby 013F,Theft from the person,Investigation complete; no suspect identified,
da6e308161af821e0e69f677c854b49d885b4b27fb03a760b810824da66753a3,2021-06,Derbyshire Constabulary,Derbyshire Constabulary,-1.474001,52.921601,On or near Shopping Area,E01013479,Derby 013F,Theft from the person,Unable to prosecute suspect,
cea2545440be91d31879f6defb12f4cc6c2c11cc65658246b731e9fec0514770,2021-06,Derbyshire Constabulary,Derbyshire Constabulary,-1.482412,52.924712,On or near Cavendish Court,E01013479,Derby 013F,Vehicle crime,Investigation complete; no suspect identified,
3499d505792e54c243e5d814654ff2e4f2b56c77c5dbb661c03cee83b91a32a2,2021-06,Derbyshire Constabulary,Derbyshire Constabulary,-1.479020,52.921102,On or near Becket Well Lane,E01013479,Derby 013F,Vehicle crime,Investigation complete; no suspect identified,
c59b83eac389c202677678e280a4e91ea5ae59431f459c8e21b0472e1233a499,2021-06,Derbyshire Constabulary,Derbyshire Constabulary,-1.476381,52.922852,On or near Theatre/Concert Hall,E01013479,Derby 013F,Violence and sexual offences,Unable to prosecute suspect,
0299b10a3e2e5aa85796af2473ff88419a631844998c22f24605dd6f7491f17b,2021-06,Derbyshire Constabulary,Derbyshire Constabulary,-1.478146,52.919507,On or near Green Lane,E01013479,Derby 013F,Violence and sexual offences,Unable to prosecute suspect,
a3134e6dd9d153aeb175c61e38b3df0fed7b652768990d208a1b2a4312b4076f,2021-06,Derbyshire Constabulary,Derbyshire Constabulary,-1.478706,52.923707,On or near George Yard,E01013479,Derby 013F,Violence and sexual offences,Unable to prosecute suspect,
92b040c8f9cf62dee6421b4ad1ef605b10ff198cb87f8cee32fb6ec94cebe05b,2021-06,Derbyshire Constabulary,Derbyshire Constabulary,-1.478560,52.925909,On or near Queen Street,E01013479,Derby 013F,Violence and sexual offences,Unable to prosecute suspect,
3aac1df042fc8d4040470b6cb6f14937aea64e44f33de3c6ffd5090c804d8915,2021-06,Derbyshire Constabulary,Derbyshire Constabulary,-1.472247,52.919085,On or near Shopping Area,E01013479,Derby 013F,Violence and sexual offences,Offender given a caution,
e27b79531cbe68e15aabec66a29a0c2acaf7c76725effba3c6d20dd454f25d28,2021-06,Derbyshire Constabulary,Derbyshire Constabulary,-1.479645,52.919837,On or near Crompton Street,E01013479,Derby 013F,Violence and sexual offences,Unable to prosecute suspect,
d30ddcc4f1a341213833215af85f30413964d7918dd9a0ecebe90d43e9f68ca1,2021-06,Derbyshire Constabulary,Derbyshire Constabulary,-1.478706,52.923707,On or near George Yard,E01013479,Derby 013F,Violence and sexual offences,Unable to prosecute suspect,
b9f29c93cd3bd15bd640f4c985493e97e4ca462d6f9d5ba26ed1d233ef68da4b,2021-06,Derbyshire Constabulary,Derbyshire Constabulary,-1.479387,52.922703,On or near The Strand,E01013479,Derby 013F,Violence and sexual offences,Unable to prosecute suspect,
16c160dd18d1dae9d6166762d13fca54e4b6636bc70e70b7a96cace1399bcb94,2021-06,Derbyshire Constabulary,Derbyshire Constabulary,-1.476381,52.922852,On or near Theatre/Concert Hall,E01013479,Derby 013F,Violence and sexual offences,Unable to prosecute suspect,
ebc3adf4e3e08a5adc912a75660ea32e3dff35d75907cb4bba90e68358a5271c,2021-06,Derbyshire Constabulary,Derbyshire Constabulary,-1.472247,52.919085,On or near Shopping Area,E01013479,Derby 013F,Violence and sexual offences,Unable to prosecute suspect,
e36c12fbe3a8796e9580becb5faa11a88a08e0ee1a922e870c97dac987056e90,2021-06,Derbyshire Constabulary,Derbyshire Constabulary,-1.480541,52.920731,On or near Macklin Street,E01013479,Derby 013F,Violence and sexual offences,Awaiting court outcome,
6935a6caeedc31c73270455be7dc6c7e2efe3875f062192c9a578f6a4b9148eb,2021-06,Derbyshire Constabulary,Derbyshire Constabulary,-1.477208,52.924564,On or near Amen Alley,E01013479,Derby 013F,Violence and sexual offences,Unable to prosecute suspect,
a1b29ba7df439de41fbd979d4d655611e01f38c59ac390d532e48e4062b3aa26,2021-06,Derbyshire Constabulary,Derbyshire Constabulary,-1.482077,52.921645,On or near Newland Street,E01013479,Derby 013F,Violence and sexual offences,Unable to prosecute suspect,
bdae58731bed32c93e828d0272e5a610ca67646e5b6763a8c3deefc873dd2012,2021-06,Derbyshire Constabulary,Derbyshire Constabulary,-1.474268,52.921719,On or near Thorntree Lane,E01013479,Derby 013F,Violence and sexual offences,Unable to prosecute suspect,
81b130bf98002809315d6d275bef558ea4a8b36afa774af5a3380bfb24ec852e,2021-06,Derbyshire Constabulary,Derbyshire Constabulary,-1.480558,52.923059,On or near Cheapside,E01013479,Derby 013F,Violence and sexual offences,Unable to prosecute suspect,
21e864173ebdd511b119d90323c8466cc0fa8414bfc19b5ff215a5194cb65f17,2021-06,Derbyshire Constabulary,Derbyshire Constabulary,-1.480558,52.923059,On or near Cheapside,E01013479,Derby 013F,Violence and sexual offences,Unable to prosecute suspect,
6b3ae5d4e60e98c3678f94b6db36cd50d4cffde767ae3545b4bcf3eb7cd302e8,2021-06,Derbyshire Constabulary,Derbyshire Constabulary,-1.477764,52.921617,On or near Victoria Street,E01013479,Derby 013F,Violence and sexual offences,Offender given a caution,
b9d7051f428df4e7ff9f174509d6d4702e8dbd0c426390dbfc86505a9ce591ef,2021-06,Derbyshire Constabulary,Derbyshire Constabulary,-1.477840,52.919038,On or near Degge Street,E01013479,Derby 013F,Violence and sexual offences,Unable to prosecute suspect,
3e4d4e972a257457978a2e228e2a90e02cda98dec0f555351706eeea1a3cd1de,2021-06,Derbyshire Constabulary,Derbyshire Constabulary,-1.475678,52.921959,On or near Shopping Area,E01013479,Derby 013F,Violence and sexual offences,Unable to prosecute suspect,
265d564b3f96bab50e0e7d9b840a963b881a9d78636378a2d2ab4c4105cef0bd,2021-06,Derbyshire Constabulary,Derbyshire Constabulary,-1.479872,52.923227,On or near Sadler Gate,E01013479,Derby 013F,Violence and sexual offences,Unable to prosecute suspect,
dcaf3c6de7f8983bebc74aaabf5a72286276b3ce16d4af372b222e03261687ca,2021-06,Derbyshire Constabulary,Derbyshire Constabulary,-1.474268,52.921719,On or near Thorntree Lane,E01013479,Derby 013F,Violence and sexual offences,Unable to prosecute suspect,
50517a093c6eb5dc5b36cf174b6e91f87d427733bf1b1f6be202cfa7139b6ac3,2021-06,Derbyshire Constabulary,Derbyshire Constabulary,-1.479872,52.923227,On or near Sadler Gate,E01013479,Derby 013F,Violence and sexual offences,Investigation complete; no suspect identified,
6918067886526800b83574c18f075ef5c65ad17be12def5dbcc067e7bbb9fbb8,2021-06,Derbyshire Constabulary,Derbyshire Constabulary,-1.479872,52.923227,On or near Sadler Gate,E01013479,Derby 013F,Violence and sexual offences,Investigation complete; no suspect identified,
53191c989db2ea7e62beb06e1c1c15d7aa0e9856d234283a399e2df03897618e,2021-06,Derbyshire Constabulary,Derbyshire Constabulary,-1.477764,52.921617,On or near Victoria Street,E01013479,Derby 013F,Violence and sexual offences,Investigation complete; no suspect identified,
2d834273e52a97d534229ab8703f8df45926b0739690bc36ece3f1cda616c758,2021-06,Derbyshire Constabulary,Derbyshire Constabulary,-1.475160,52.920509,On or near Shopping Area,E01013479,Derby 013F,Violence and sexual offences,Investigation complete; no suspect identified,
f5f7f95fd8d957dad03503c98fa248557e2cdcc387f0d6446cee32cb7aeb3944,2021-06,Derbyshire Constabulary,Derbyshire Constabulary,-1.474846,52.923088,On or near Corporation Street,E01013479,Derby 013F,Violence and sexual offences,Unable to prosecute suspect,
291f939fa08ad0a2a954ad1f5e32251a6111cc783a2fcded7ae79f0d6bd2a96c,2021-06,Derbyshire Constabulary,Derbyshire Constabulary,-1.472247,52.919085,On or near Shopping Area,E01013479,Derby 013F,Violence and sexual offences,Offender given a caution,
99326338728a8c721628d648ad53f953486b1b2cb56f3d9d2c61400876d2328f,2021-06,Derbyshire Constabulary,Derbyshire Constabulary,-1.477764,52.921617,On or near Victoria Street,E01013479,Derby 013F,Violence and sexual offences,Unable to prosecute suspect,
639936b21d1fe9d5d3b2893629daf592f2053609a8e3e721f25c7fc6c29d2d17,2021-06,Derbyshire Constabulary,Derbyshire Constabulary,-1.477840,52.919038,On or near Degge Street,E01013479,Derby 013F,Violence and sexual offences,Unable to prosecute suspect,
ac24af80103857dc671c6f567e1f4919cf01b45067bfc90ef0755b0cb9cdd27e,2021-06,Derbyshire Constabulary,Derbyshire Constabulary,-1.472247,52.919085,On or near Shopping Area,E01013479,Derby 013F,Violence and sexual offences,Status update unavailable,
e3bc424e463e988a84666a03a1ea047cd60f9c7dcd8c3a2cd7521aacdb31f9d2,2021-06,Derbyshire Constabulary,Derbyshire Constabulary,-1.474846,52.923088,On or near Corporation Street,E01013479,Derby 013F,Violence and sexual offences,Investigation complete; no suspect identified,
e80ec8f1b228d0279d83cdd45b0c78ea76a67d6e867da80f503ad813136703d5,2021-06,Derbyshire Constabulary,Derbyshire Constabulary,-1.484950,52.921478,On or near Curzon Street,E01013479,Derby 013F,Violence and sexual offences,Investigation complete; no suspect identified,
da04f5b80ddc41d3dc953ab076ec161ee3bedf5961c038259ff883f809f6b351,2021-06,Derbyshire Constabulary,Derbyshire Constabulary,-1.484950,52.921478,On or near Curzon Street,E01013479,Derby 013F,Violence and sexual offences,Unable to prosecute suspect,
2dfc9967d14b1248fb5682073487a985d1d27568220eef4a5077a33cc94c4e75,2021-06,Derbyshire Constabulary,Derbyshire Constabulary,-1.472247,52.919085,On or near Shopping Area,E01013479,Derby 013F,Violence and sexual offences,Awaiting court outcome,
0a6a7648037f078d1871f02030f92e321398683070e4e873eccfa00cd8bc55c6,2021-06,Derbyshire Constabulary,Derbyshire Constabulary,-1.479387,52.922703,On or near The Strand,E01013479,Derby 013F,Violence and sexual offences,Unable to prosecute suspect,
a85ea98db9da16c6f3e9f2b2014ee01f61ba09c9047d1ef2a7db60c139068eee,2021-06,Derbyshire Constabulary,Derbyshire Constabulary,-1.478560,52.925909,On or near Queen Street,E01013479,Derby 013F,Violence and sexual offences,Unable to prosecute suspect,
a3ae6090478fddbd1917bed63b63fccf9d0c7e3c8380ec8c6312c7765d3ab461,2021-06,Derbyshire Constabulary,Derbyshire Constabulary,-1.479985,52.922463,On or near Wardwick,E01013479,Derby 013F,Violence and sexual offences,Unable to prosecute suspect,
46d0c907d9f0fc830ce5923b261cb7a6793f5038d4547d8149d7368844a37c35,2021-06,Derbyshire Constabulary,Derbyshire Constabulary,-1.483038,52.920849,On or near Abbey Street,E01013479,Derby 013F,Violence and sexual offences,Unable to prosecute suspect,
2361b27af47f9b2e144460935166031ef61b060af6936efac5a7ce146f3b0c6d,2021-06,Derbyshire Constabulary,Derbyshire Constabulary,-1.472247,52.919085,On or near Shopping Area,E01013479,Derby 013F,Violence and sexual offences,Offender given a caution,
7505773e215d1a4ab4998966a54aff767a276c579e5f8a99cdcfd32cd882592a,2021-06,Derbyshire Constabulary,Derbyshire Constabulary,-1.472605,52.921415,On or near Parking Area,E01013479,Derby 013F,Violence and sexual offences,Status update unavailable,
c31dad5622c66990b1d607d2f345d2dde817c6564677b736aa63ae7856c59de6,2021-06,Derbyshire Constabulary,Derbyshire Constabulary,-1.475160,52.920509,On or near Shopping Area,E01013479,Derby 013F,Violence and sexual offences,Unable to prosecute suspect,
4d9dba67320445ee751531a20101f77bbe259c3892fd22664bc3dff93d5734bf,2021-06,Derbyshire Constabulary,Derbyshire Constabulary,-1.472605,52.921415,On or near Parking Area,E01013479,Derby 013F,Violence and sexual offences,Unable to prosecute suspect,
dc53931222b334e3d096692ea75e50bbf9fdb28a288d7f4f24ec5534038f9658,2021-06,Derbyshire Constabulary,Derbyshire Constabulary,-1.479719,52.918552,On or near Hill Brow,E01013479,Derby 013F,Violence and sexual offences,Further investigation is not in the public interest,
6dc335931701858ae8b1d52b5d83fe359b2acd21db597b384f927a73edcc59b8,2021-06,Derbyshire Constabulary,Derbyshire Constabulary,-1.478486,52.923437,On or near Nightclub,E01013479,Derby 013F,Violence and sexual offences,Investigation complete; no suspect identified,
f194adf02b5e73c9367d59f2cfd989b56755efbef8cff0780260590780e57a28,2021-06,Derbyshire Constabulary,Derbyshire Constabulary,-1.472301,52.924416,On or near Exeter Place,E01013479,Derby 013F,Violence and sexual offences,Unable to prosecute suspect,
42efda85d0efdee927809b9ec7957b13077ad8b3ffc7021af1adfeff996e7d62,2021-06,Derbyshire Constabulary,Derbyshire Constabulary,-1.477541,52.920340,On or near St Peter'S Churchyard,E01013479,Derby 013F,Violence and sexual offences,Unable to prosecute suspect,
64bd2055c22182cd613680a96a0787eded2dfa7e188a95c911a7e9ae9ce758df,2021-06,Derbyshire Constabulary,Derbyshire Constabulary,-1.475160,52.920509,On or near Shopping Area,E01013479,Derby 013F,Violence and sexual offences,Investigation complete; no suspect identified,
75123d47ea4264e3d34fcef751e3bb2a96093e707ae1bbabf9242f9b9470db92,2021-06,Derbyshire Constabulary,Derbyshire Constabulary,-1.472247,52.919085,On or near Shopping Area,E01013479,Derby 013F,Violence and sexual offences,Unable to prosecute suspect,
377b66652afa8af1aa03d4c79117ad6ac293032a0132af6f1b9d9bd047b7a378,2021-06,Derbyshire Constabulary,Derbyshire Constabulary,-1.472247,52.919085,On or near Shopping Area,E01013479,Derby 013F,Violence and sexual offences,Status update unavailable,
807fa21b5359d98858248e5dc03119f0786dc0bd47027bceb60f7cef17a87944,2021-06,Derbyshire Constabulary,Derbyshire Constabulary,-1.479872,52.923227,On or near Sadler Gate,E01013479,Derby 013F,Violence and sexual offences,Investigation complete; no suspect identified,
bddf8d9264e12d7269810ebdda3587e305f47ba460962516e1eb260676880646,2021-06,Derbyshire Constabulary,Derbyshire Constabulary,-1.476381,52.922852,On or near Theatre/Concert Hall,E01013479,Derby 013F,Violence and sexual offences,Investigation complete; no suspect identified,
f53f3d1becc02249db2c7ebea4cb835df20d8d2090bc484d4f6b8d4e078d4a5b,2021-06,Derbyshire Constabulary,Derbyshire Constabulary,-1.482077,52.921645,On or near Newland Street,E01013479,Derby 013F,Violence and sexual offences,Unable to prosecute suspect,
777f402808f7eb7dd83354b2ac641eaca8ab091e191edda8145b4caf1b6ca318,2021-06,Derbyshire Constabulary,Derbyshire Constabulary,-1.477840,52.919038,On or near Degge Street,E01013479,Derby 013F,Violence and sexual offences,Unable to prosecute suspect,
427b70c7b8f95c6c7d7f71d2a8c983c03423bc4d091623f6f62786441f8db9d6,2021-06,Derbyshire Constabulary,Derbyshire Constabulary,-1.473744,52.925645,On or near Phoenix Street,E01013479,Derby 013F,Violence and sexual offences,Unable to prosecute suspect,
6341279288d16aad51e74edef035b9625d4c68ce7f2d6a0534af49ae431ebc2f,2021-06,Derbyshire Constabulary,Derbyshire Constabulary,-1.475430,52.922722,On or near Tennant Street,E01013479,Derby 013F,Violence and sexual offences,Unable to prosecute suspect,
1fda7b5b8980bd42aba3919749738fc0ca8d524585bdf78fafbb804241fa344b,2021-06,Derbyshire Constabulary,Derbyshire Constabulary,-1.484950,52.921478,On or near Curzon Street,E01013479,Derby 013F,Violence and sexual offences,Unable to prosecute suspect,
f7476cc4848d8d116e61de2b2320d828612b29d7268c65cb44ba7fa4b46aa74f,2021-06,Derbyshire Constabulary,Derbyshire Constabulary,-1.477840,52.919038,On or near Degge Street,E01013479,Derby 013F,Violence and sexual offences,Unable to prosecute suspect,
07a5560a606c9c7fc9078cc6f4181d8ff909c5569e5d456d1ed9e57e06e4085b,2021-06,Derbyshire Constabulary,Derbyshire Constabulary,-1.475160,52.920509,On or near Shopping Area,E01013479,Derby 013F,Violence and sexual offences,Status update unavailable,
cc75686d3fcac84bfec1a4af4ac285d5b55ac9206a330ebb0c96c0aed424deac,2021-06,Derbyshire Constabulary,Derbyshire Constabulary,-1.478486,52.923437,On or near Nightclub,E01013479,Derby 013F,Violence and sexual offences,Investigation complete; no suspect identified,
a963918dfc8fe91f35376d4f45e47da386dfd75978551beeada74535915127c4,2021-06,Derbyshire Constabulary,Derbyshire Constabulary,-1.474001,52.921601,On or near Shopping Area,E01013479,Derby 013F,Violence and sexual offences,Unable to prosecute suspect,
29c6d418f88182ed177f28805b7853e48fed57e2241751ce1ca627318195758a,2021-06,Derbyshire Constabulary,Derbyshire Constabulary,-1.475430,52.922722,On or near Tennant Street,E01013479,Derby 013F,Violence and sexual offences,Investigation complete; no suspect identified,
d24617d4f347ae6821530cea4a066dd10912d7e96b5e7e27d946afb887568cfc,2021-06,Derbyshire Constabulary,Derbyshire Constabulary,-1.474268,52.921719,On or near Thorntree Lane,E01013479,Derby 013F,Violence and sexual offences,Unable to prosecute suspect,
30691d7358258831d693240e7063184f775a5c9f46bf9537a28dea275437e4ad,2021-06,Derbyshire Constabulary,Derbyshire Constabulary,-1.474268,52.921719,On or near Thorntree Lane,E01013479,Derby 013F,Violence and sexual offences,Investigation complete; no suspect identified,
ac3e22b042500dfa99e9532a35d05d487d4dba946425dacc47490491c8593f60,2021-06,Derbyshire Constabulary,Derbyshire Constabulary,-1.477840,52.919038,On or near Degge Street,E01013479,Derby 013F,Violence and sexual offences,Status update unavailable,
4c0025d2ad904e4a9582cece9894946ed8b25847d96584edef9077f70898f240,2021-06,Derbyshire Constabulary,Derbyshire Constabulary,-1.478247,52.922276,On or near St James'S Street,E01013479,Derby 013F,Violence and sexual offences,Unable to prosecute suspect,
3b62f6454de47f52294fb07102bbf8390d07418620f2ff0e1c420a41a8dda503,2021-06,Derbyshire Constabulary,Derbyshire Constabulary,-1.472605,52.921415,On or near Parking Area,E01013479,Derby 013F,Violence and sexual offences,Unable to prosecute suspect,
d7ea3f0e173825fc626d84c7c6dcfb5fed8fa18e82898551b95909a5a9bdab73,2021-06,Derbyshire Constabulary,Derbyshire Constabulary,-1.479872,52.923227,On or near Sadler Gate,E01013479,Derby 013F,Violence and sexual offences,Investigation complete; no suspect identified,
c5ca3abe50d8bcd9645784fa321f111fdc96de608a19bd0b1ca96a0a769b1c9f,2021-06,Derbyshire Constabulary,Derbyshire Constabulary,-1.483038,52.920849,On or near Abbey Street,E01013479,Derby 013F,Violence and sexual offences,Unable to prosecute suspect,
f111d3d1ee47e1e0a21f365b5e0024f654d4b93cc72bcbee2098dd05d9944afe,2021-06,Derbyshire Constabulary,Derbyshire Constabulary,-1.472605,52.921415,On or near Parking Area,E01013479,Derby 013F,Violence and sexual offences,Unable to prosecute suspect,
aa951919f7129df865eec04066873dba3e83aa71033db18a824b6e5f273f5466,2021-06,Derbyshire Constabulary,Derbyshire Constabulary,-1.479872,52.923227,On or near Sadler Gate,E01013479,Derby 013F,Violence and sexual offences,Investigation complete; no suspect identified,
241499b31d6cfbf98b4a20c3a9ab3546105fc162b66d175ac00933558f7297cf,2021-06,Derbyshire Constabulary,Derbyshire Constabulary,-1.479872,52.923227,On or near Sadler Gate,E01013479,Derby 013F,Violence and sexual offences,Investigation complete; no suspect identified,
e4ee82d6abc4a7797595e48fd89282b16f960abebc2bfea36151d2ec8de84fd1,2021-06,Derbyshire Constabulary,Derbyshire Constabulary,-1.477764,52.921617,On or near Victoria Street,E01013479,Derby 013F,Violence and sexual offences,Investigation complete; no suspect identified,
855038d6c993ca7f9c291564d7956115e833f47e78916552a84e911e8bd3ef0c,2021-06,Derbyshire Constabulary,Derbyshire Constabulary,-1.477176,52.918568,On or near Babington Lane,E01013479,Derby 013F,Violence and sexual offences,Unable to prosecute suspect,
ca8586e9cbc825665f57537bd7dc2660b2dcb2177a98421e96782ca473d0e839,2021-06,Derbyshire Constabulary,Derbyshire Constabulary,-1.479872,52.923227,On or near Sadler Gate,E01013479,Derby 013F,Violence and sexual offences,Investigation complete; no suspect identified,
7cca4989f86166e238a1a8e64741da40cb7cf3f9b44e275e9ea44b2f0073f3cc,2021-06,Derbyshire Constabulary,Derbyshire Constabulary,-1.472605,52.921415,On or near Parking Area,E01013479,Derby 013F,Violence and sexual offences,Awaiting court outcome,
2fa0cb5fd76a093d2db31ba28d32acc29fa6c8880363fa5b2d796554ca58e194,2021-06,Derbyshire Constabulary,Derbyshire Constabulary,-1.476381,52.922852,On or near Theatre/Concert Hall,E01013479,Derby 013F,Violence and sexual offences,Unable to prosecute suspect,
3c94d11b11ae2c056e47b0d63bdaa5ef1c8c7a92c074e3e47cacb12790916c62,2021-06,Derbyshire Constabulary,Derbyshire Constabulary,-1.482756,52.923338,On or near Friar Gate,E01013479,Derby 013F,Violence and sexual offences,Awaiting court outcome,
4375e10e175b31f4919344dfedb28c8c38be554184a34a936455ba037aaad466,2021-06,Derbyshire Constabulary,Derbyshire Constabulary,-1.482077,52.921645,On or near Newland Street,E01013479,Derby 013F,Violence and sexual offences,Unable to prosecute suspect,
0e1ed3d65fbd591071a04a98251985439c60a5403284ba050e85851c14375144,2021-06,Derbyshire Constabulary,Derbyshire Constabulary,-1.479387,52.922703,On or near The Strand,E01013479,Derby 013F,Violence and sexual offences,Unable to prosecute suspect,
5c45c01eda1e5be757347f26fcea249078abc678f777dfef3961e783fe149ae0,2021-06,Derbyshire Constabulary,Derbyshire Constabulary,-1.479872,52.923227,On or near Sadler Gate,E01013479,Derby 013F,Violence and sexual offences,Local resolution,
f650ba9ec242dc85132dfda7e05cf343cc039fe78a385b9041d87007ec685408,2021-06,Derbyshire Constabulary,Derbyshire Constabulary,-1.478146,52.919507,On or near Green Lane,E01013479,Derby 013F,Violence and sexual offences,Unable to prosecute suspect,
a3c1e6731be54b5ec9b7b704e82be440b3539d11998bec63c6761cfe87ea94ed,2021-06,Derbyshire Constabulary,Derbyshire Constabulary,-1.482756,52.923338,On or near Friar Gate,E01013479,Derby 013F,Violence and sexual offences,Offender given penalty notice,
6b6b49a6c4619bc1afef5e02006ec75b3b2b5629498d835e01592785011c7c9b,2021-06,Derbyshire Constabulary,Derbyshire Constabulary,-1.472301,52.924416,On or near Exeter Place,E01013479,Derby 013F,Violence and sexual offences,Status update unavailable,
8a698a93d2018def08125e1b4cf70e385be0db19e5722996830078f4a8c61d09,2021-06,Derbyshire Constabulary,Derbyshire Constabulary,-1.481276,52.923925,On or near Parking Area,E01013479,Derby 013F,Violence and sexual offences,Unable to prosecute suspect,
52e441dfa1549ea5572aa06631a80212c7be725e1ff5efe131affec78b776493,2021-06,Derbyshire Constabulary,Derbyshire Constabulary,-1.484950,52.921478,On or near Curzon Street,E01013479,Derby 013F,Violence and sexual offences,Unable to prosecute suspect,
1a2f7e123d2369ffab1439349defa4ea8c63c06b9cf75029d262584a32220626,2021-06,Derbyshire Constabulary,Derbyshire Constabulary,-1.472301,52.924416,On or near Exeter Place,E01013479,Derby 013F,Violence and sexual offences,Status update unavailable,
4524bd164560499ae9f2e85f81c6e3f4e8bb40a655741b0e1fcd1c0c9ca6718f,2021-06,Derbyshire Constabulary,Derbyshire Constabulary,-1.479719,52.918552,On or near Hill Brow,E01013479,Derby 013F,Violence and sexual offences,Further investigation is not in the public interest,
53176936a1b0740a1e0d81095d2ac854a55181583d3cf677316f9fa1e608a988,2021-06,Derbyshire Constabulary,Derbyshire Constabulary,-1.475430,52.922722,On or near Tennant Street,E01013479,Derby 013F,Violence and sexual offences,Status update unavailable,
cbaaa3c3ad736fb2f05d17265bf9fcf87af734e43d37d9d1a1f00e4aeb84862e,2021-06,Derbyshire Constabulary,Derbyshire Constabulary,-1.474846,52.923088,On or near Corporation Street,E01013479,Derby 013F,Violence and sexual offences,Investigation complete; no suspect identified,
15d7a016b499b3da345b0959165b31f530d7d75b12910ea571f41a93e55de03c,2021-06,Derbyshire Constabulary,Derbyshire Constabulary,-1.474001,52.921601,On or near Shopping Area,E01013479,Derby 013F,Violence and sexual offences,Investigation complete; no suspect identified,
560f8400fb092ef834172e0e9293990b9db47ec0e77e8739691f94fbdec59f9a,2021-06,Derbyshire Constabulary,Derbyshire Constabulary,-1.479872,52.923227,On or near Sadler Gate,E01013479,Derby 013F,Violence and sexual offences,Unable to prosecute suspect,
b81a411ee521dab12edf7b64435531b7ccc380ecf7373224b300f49fc408af16,2021-06,Derbyshire Constabulary,Derbyshire Constabulary,-1.472301,52.924416,On or near Exeter Place,E01013479,Derby 013F,Violence and sexual offences,Status update unavailable,
8453a6c4bdf00b94f4714707942351ea4e159fb400a4e00a7f8e6270302b17d8,2021-06,Derbyshire Constabulary,Derbyshire Constabulary,-1.478486,52.923437,On or near Nightclub,E01013479,Derby 013F,Violence and sexual offences,Unable to prosecute suspect,
b28b7d275e965970e51ea6072bf8d8ceed5f0fa2b9a2093ee6f1660e4c632f62,2021-06,Derbyshire Constabulary,Derbyshire Constabulary,-1.481276,52.923925,On or near Parking Area,E01013479,Derby 013F,Violence and sexual offences,Unable to prosecute suspect,
201c5515392401bc512e45cf78c3cc410e5cae3a32bbe0e493d9023205660015,2021-06,Derbyshire Constabulary,Derbyshire Constabulary,-1.482756,52.923338,On or near Friar Gate,E01013479,Derby 013F,Violence and sexual offences,Unable to prosecute suspect,
914f3634c02c94365c5a30520b790aa99b285c918834f6e53b151f6030b9f9b1,2021-06,Derbyshire Constabulary,Derbyshire Constabulary,-1.475160,52.920509,On or near Shopping Area,E01013479,Derby 013F,Violence and sexual offences,Unable to prosecute suspect,
6373b77b1659b787ddcf06348a72deb89bd9915e37373116bf49ebaac19d30aa,2021-06,Derbyshire Constabulary,Derbyshire Constabulary,-1.474846,52.923088,On or near Corporation Street,E01013479,Derby 013F,Violence and sexual offences,Investigation complete; no suspect identified,
04b8c90bd3ccdf79317d4a6edae93459ae6a775ab4d7090e1756c32e54123de8,2021-06,Derbyshire Constabulary,Derbyshire Constabulary,-1.483427,52.924456,On or near Cavendish Street,E01013479,Derby 013F,Violence and sexual offences,Unable to prosecute suspect,
75ee427797f1f50fe3114ec48a08509ab34035e0e2607bf425556c9ebd51ef82,2021-06,Derbyshire Constabulary,Derbyshire Constabulary,-1.474846,52.923088,On or near Corporation Street,E01013479,Derby 013F,Violence and sexual offences,Unable to prosecute suspect,
d47ad9b74b67066dec0e6fa4ac964f5a0e0e4f22177daed0d90a229aa0e4946e,2021-06,Derbyshire Constabulary,Derbyshire Constabulary,-1.479719,52.918552,On or near Hill Brow,E01013479,Derby 013F,Violence and sexual offences,Unable to prosecute suspect,
2fba5a11464509eed40ced92da83bfeccdc3c06f1c4ba99c2ef0c3361e082583,2021-06,Derbyshire Constabulary,Derbyshire Constabulary,-1.478247,52.922276,On or near St James'S Street,E01013479,Derby 013F,Other crime,Unable to prosecute suspect,
3b920f73ec715d5a52cfc334bbce728d849b0ec1cf797c53f0685fe85e114003,2021-06,Derbyshire Constabulary,Derbyshire Constabulary,-1.484950,52.921478,On or near Curzon Street,E01013479,Derby 013F,Other crime,Unable to prosecute suspect,
0e9a3449932945e622036294740cb199ecb4eb4400cb4fcea0c70203370c395e,2021-06,Derbyshire Constabulary,Derbyshire Constabulary,-1.484950,52.921478,On or near Curzon Street,E01013479,Derby 013F,Other crime,Investigation complete; no suspect identified,
c023659bbb43d663c8ffce1df58fb9dc2740c951b19f19ef56b1263c9bdbbf0d,2021-06,Derbyshire Constabulary,Derbyshire Constabulary,-1.396366,52.920144,On or near Clover Close,E01013593,Derby 014A,Vehicle crime,Investigation complete; no suspect identified,
7a077f95d7ffd6f623b69596a953a4b0ac311e7d18562b4f9e315835bb0f88bb,2021-06,Derbyshire Constabulary,Derbyshire Constabulary,-1.393488,52.922800,On or near Beaumaris Court,E01013593,Derby 014A,Violence and sexual offences,Investigation complete; no suspect identified,
,2021-06,Derbyshire Constabulary,Derbyshire Constabulary,-1.412139,52.913041,On or near Towpath Way,E01013595,Derby 014B,Anti-social behaviour,,
,2021-06,Derbyshire Constabulary,Derbyshire Constabulary,-1.421197,52.917364,On or near Aspen Drive,E01013595,Derby 014B,Anti-social behaviour,,
,2021-06,Derbyshire Constabulary,Derbyshire Constabulary,-1.408797,52.913842,On or near Willowside Green,E01013595,Derby 014B,Anti-social behaviour,,
,2021-06,Derbyshire Constabulary,Derbyshire Constabulary,-1.409988,52.914819,On or near A6005,E01013595,Derby 014B,Anti-social behaviour,,
,2021-06,Derbyshire Constabulary,Derbyshire Constabulary,-1.402525,52.911402,On or near Anglers' Lane,E01013595,Derby 014B,Anti-social behaviour,,
,2021-06,Derbyshire Constabulary,Derbyshire Constabulary,-1.412139,52.913041,On or near Towpath Way,E01013595,Derby 014B,Anti-social behaviour,,
,2021-06,Derbyshire Constabulary,Derbyshire Constabulary,-1.392655,52.909005,On or near Hobson Drive,E01013595,Derby 014B,Anti-social behaviour,,
,2021-06,Derbyshire Constabulary,Derbyshire Constabulary,-1.408797,52.913842,On or near Willowside Green,E01013595,Derby 014B,Anti-social behaviour,,
,2021-06,Derbyshire Constabulary,Derbyshire Constabulary,-1.420237,52.916874,On or near Supermarket,E01013595,Derby 014B,Anti-social behaviour,,
4f6a72287204c983ee48dd7612feba2b06f0beb745255d2935c8e92fbef132d9,2021-06,Derbyshire Constabulary,Derbyshire Constabulary,-1.420237,52.916874,On or near Supermarket,E01013595,Derby 014B,Burglary,Investigation complete; no suspect identified,
ca3a1a0f14e621d00ff21a839c605742cddb2c2649d3af14040e4c7fcd89efda,2021-06,Derbyshire Constabulary,Derbyshire Constabulary,-1.410879,52.914886,On or near Derwent Road,E01013595,Derby 014B,Criminal damage and arson,Investigation complete; no suspect identified,
6cd472a5bf3bfd9416ab753ba195d6832997b71682aa07208242b2b16ca63ce0,2021-06,Derbyshire Constabulary,Derbyshire Constabulary,-1.405901,52.912425,On or near Stoney Cross,E01013595,Derby 014B,Criminal damage and arson,Status update unavailable,
328a8f99d9df2598a644c50d74e46453eacaf0ca4391331132138db1dfdf6592,2021-06,Derbyshire Constabulary,Derbyshire Constabulary,-1.408511,52.918470,On or near Sitwell Close,E01013595,Derby 014B,Criminal damage and arson,Investigation complete; no suspect identified,
8ab223f8f338255ea6875034a3598074000800e4c920ae0ded92398daa211fbe,2021-06,Derbyshire Constabulary,Derbyshire Constabulary,-1.413460,52.913182,On or near Bridgeside Way,E01013595,Derby 014B,Criminal damage and arson,Investigation complete; no suspect identified,
8a31448dcfaf2f3c7e4881db518caf29cf2b69191eb133c6ed198f1cbe76aa9c,2021-06,Derbyshire Constabulary,Derbyshire Constabulary,-1.420237,52.916874,On or near Supermarket,E01013595,Derby 014B,Other theft,Investigation complete; no suspect identified,
fca6e1f33d32d1c226c3993b2a3b489028a02d34c3098779c1c72655c4346004,2021-06,Derbyshire Constabulary,Derbyshire Constabulary,-1.411858,52.917282,On or near Priestland Avenue,E01013595,Derby 014B,Other theft,Investigation complete; no suspect identified,
2f5170c319591bd9e8d6d3b654b97004dbe0ed948a650a9bd4c421ff4cc95c11,2021-06,Derbyshire Constabulary,Derbyshire Constabulary,-1.410090,52.914936,On or near Derby Road,E01013595,Derby 014B,Public order,Unable to prosecute suspect,
a7978460cba85880db702b8cdb072072cabd38058337ee449e0d391172ff962c,2021-06,Derbyshire Constabulary,Derbyshire Constabulary,-1.420237,52.916874,On or near Supermarket,E01013595,Derby 014B,Public order,Investigation complete; no suspect identified,
0b9a729fb32bfb39d6aebadb2935a95cc849a44aadd0640983d8162616cc0a00,2021-06,Derbyshire Constabulary,Derbyshire Constabulary,-1.409988,52.914819,On or near A6005,E01013595,Derby 014B,Public order,Unable to prosecute suspect,
c95b679a5385a5c89102f9c70ab917ddb34ff25ad4c7d9ec798044c48115c91a,2021-06,Derbyshire Constabulary,Derbyshire Constabulary,-1.411858,52.917282,On or near Priestland Avenue,E01013595,Derby 014B,Public order,Unable to prosecute suspect,
9691424f4dd0d59d245297dafc4c8d142604fba211688a07b9deb1446863cd92,2021-06,Derbyshire Constabulary,Derbyshire Constabulary,-1.406785,52.915262,On or near Sports/Recreation Area,E01013595,Derby 014B,Public order,Unable to prosecute suspect,
72b0474be62e3431b6901a47dce126e0dc4a5f01bb8c1e03f60e9abac786551e,2021-06,Derbyshire Constabulary,Derbyshire Constabulary,-1.420237,52.916874,On or near Supermarket,E01013595,Derby 014B,Shoplifting,Investigation complete; no suspect identified,
00776701f5c6750701e3b300a32ac980a6c0d0455488e02c6d267cc1d0870a9b,2021-06,Derbyshire Constabulary,Derbyshire Constabulary,-1.420237,52.916874,On or near Supermarket,E01013595,Derby 014B,Shoplifting,Unable to prosecute suspect,
bd54511330402b77373e57328711bb1bea6dd4e7ad668d5a5c935ff2d6fc99b3,2021-06,Derbyshire Constabulary,Derbyshire Constabulary,-1.420237,52.916874,On or near Supermarket,E01013595,Derby 014B,Shoplifting,Investigation complete; no suspect identified,
93e83045e983525dfcf8960b64d03178cba6ca1680dd66d3e3327a033f03f82d,2021-06,Derbyshire Constabulary,Derbyshire Constabulary,-1.399033,52.911204,On or near Canalgate Park,E01013595,Derby 014B,Vehicle crime,Investigation complete; no suspect identified,
773b4f45c44334cdb8848c3735f144606dd0ab1935b2ceaae0189ad4accd6b2a,2021-06,Derbyshire Constabulary,Derbyshire Constabulary,-1.402525,52.911402,On or near Anglers' Lane,E01013595,Derby 014B,Vehicle crime,Investigation complete; no suspect identified,
fa5cb44bf0c49dd866d371a99ce87d8c9985c71e829ce5668a6975f743943717,2021-06,Derbyshire Constabulary,Derbyshire Constabulary,-1.426724,52.912132,On or near East Service Road,E01013595,Derby 014B,Vehicle crime,Investigation complete; no suspect identified,
cfe79e54c75ed8e11d5bc8c96d34922fffca2e07f588328612ff5837f1a32eec,2021-06,Derbyshire Constabulary,Derbyshire Constabulary,-1.394061,52.909489,On or near Falconside Drive,E01013595,Derby 014B,Vehicle crime,Investigation complete; no suspect identified,
28348dec04dd03c45a2bc779ad8b75a8e78ac3906fe760c0fb619f7422ce5c2f,2021-06,Derbyshire Constabulary,Derbyshire Constabulary,-1.409988,52.914819,On or near A6005,E01013595,Derby 014B,Violence and sexual offences,Status update unavailable,
446c87ee6fa49f4b4c20197415aaba53d67b69a399bd5029534854328b1bd2c3,2021-06,Derbyshire Constabulary,Derbyshire Constabulary,-1.411797,52.918478,On or near Mercian Mews,E01013595,Derby 014B,Violence and sexual offences,Unable to prosecute suspect,
1eba611a67d1838b7b310d34654fd484ded9aef5a2ff9abcc51b0a62fcaf0bee,2021-06,Derbyshire Constabulary,Derbyshire Constabulary,-1.409988,52.914819,On or near A6005,E01013595,Derby 014B,Violence and sexual offences,Unable to prosecute suspect,
7d349cab583e1ede06cc8526d2f8d292843d889e95e45b07e9464de51c6b6cf8,2021-06,Derbyshire Constabulary,Derbyshire Constabulary,-1.406248,52.916428,On or near Willowcroft Road,E01013595,Derby 014B,Violence and sexual offences,Status update unavailable,
a77560910853def804ecd085d883cfd9173da249d030e656eaccff949b6c8b81,2021-06,Derbyshire Constabulary,Derbyshire Constabulary,-1.409988,52.914819,On or near A6005,E01013595,Derby 014B,Violence and sexual offences,Unable to prosecute suspect,
8fa0d2b5b6c0e887aaf04d06d53948e5c5c34d8c7d9f5810fc696b232acf640b,2021-06,Derbyshire Constabulary,Derbyshire Constabulary,-1.412139,52.913041,On or near Towpath Way,E01013595,Derby 014B,Other crime,Investigation complete; no suspect identified,
,2021-06,Derbyshire Constabulary,Derbyshire Constabulary,-1.398818,52.914916,On or near Arnhem Terrace,E01013597,Derby 014C,Anti-social behaviour,,
,2021-06,Derbyshire Constabulary,Derbyshire Constabulary,-1.404785,52.916843,On or near Borrowash By-Pass,E01013597,Derby 014C,Anti-social behaviour,,
,2021-06,Derbyshire Constabulary,Derbyshire Constabulary,-1.403672,52.914491,On or near Cambridge Street,E01013597,Derby 014C,Anti-social behaviour,,
54d95f65275c178fd22ffcbd6d0de925d63c358f2aff8835a08f61b594ad20dd,2021-06,Derbyshire Constabulary,Derbyshire Constabulary,-1.400058,52.915614,On or near Park Leys Court,E01013597,Derby 014C,Criminal damage and arson,Investigation complete; no suspect identified,
3ee014dfdd1d7aa3d2ee3652c4d7dbbd63860cd39a83e4b9586cace40882e96b,2021-06,Derbyshire Constabulary,Derbyshire Constabulary,-1.396065,52.916125,On or near Haddon Drive,E01013597,Derby 014C,Other theft,Investigation complete; no suspect identified,
fd3bf7fd77bc79d1fbbb395de1adebda214711a312bbf0aa9879deb375c389af,2021-06,Derbyshire Constabulary,Derbyshire Constabulary,-1.403672,52.914491,On or near Cambridge Street,E01013597,Derby 014C,Possession of weapons,Unable to prosecute suspect,
9c7eac2851451bdda44b8589a02c8fe265891ab483a819ec4c1317acc2dc4115,2021-06,Derbyshire Constabulary,Derbyshire Constabulary,-1.400058,52.915614,On or near Park Leys Court,E01013597,Derby 014C,Public order,Unable to prosecute suspect,
42516ccbfa6b3937f4a14a17ab8024f13b8589f3792723ef2f9e8fa36e2e851f,2021-06,Derbyshire Constabulary,Derbyshire Constabulary,-1.403672,52.914491,On or near Cambridge Street,E01013597,Derby 014C,Violence and sexual offences,Unable to prosecute suspect,
8b9ffd7509bf3d98120334509f56dd6ec2b5385b02311d3bbf420652d29d44ae,2021-06,Derbyshire Constabulary,Derbyshire Constabulary,-1.400058,52.915614,On or near Park Leys Court,E01013597,Derby 014C,Violence and sexual offences,Unable to prosecute suspect,
1c7ed2a306d667f393764f49a829ed2ee2bc7402c0a69e0a4600fbf169dc5e8e,2021-06,Derbyshire Constabulary,Derbyshire Constabulary,-1.403672,52.914491,On or near Cambridge Street,E01013597,Derby 014C,Violence and sexual offences,Unable to prosecute suspect,
c281d6b00daa2637bc4387903ad7e036d797ce134d15da8aae36118064a981c1,2021-06,Derbyshire Constabulary,Derbyshire Constabulary,-1.400058,52.915614,On or near Park Leys Court,E01013597,Derby 014C,Violence and sexual offences,Unable to prosecute suspect,
4cf3df6fdf1a9f714d1cbaf3d9a6184efcbc08fd0262b6ea962279e3a9a7fa68,2021-06,Derbyshire Constabulary,Derbyshire Constabulary,-1.400058,52.915614,On or near Park Leys Court,E01013597,Derby 014C,Violence and sexual offences,Unable to prosecute suspect,
c9ad5f95dcd6f822de8a31f1085a12bae8e0b9d200d8e7b984e1dd5feb282933,2021-06,Derbyshire Constabulary,Derbyshire Constabulary,-1.400058,52.915614,On or near Park Leys Court,E01013597,Derby 014C,Violence and sexual offences,Unable to prosecute suspect,
e29ef6070928f84507663e4671b9a33977a109909b25822afe55bf3fb5edbb95,2021-06,Derbyshire Constabulary,Derbyshire Constabulary,-1.403036,52.916375,On or near Kirk Leys Avenue South,E01013597,Derby 014C,Violence and sexual offences,Unable to prosecute suspect,
45f262adeb4ee2ba64568e4541b557875e08bd275316e2c7533c0f2463f192a6,2021-06,Derbyshire Constabulary,Derbyshire Constabulary,-1.400058,52.915614,On or near Park Leys Court,E01013597,Derby 014C,Violence and sexual offences,Unable to prosecute suspect,
eb15dd2751ef9c415e5c0e5ef994fa0c982c68fe58dd33855f0e1f88150fa115,2021-06,Derbyshire Constabulary,Derbyshire Constabulary,-1.403672,52.914491,On or near Cambridge Street,E01013597,Derby 014C,Violence and sexual offences,Unable to prosecute suspect,
29711ca966baaf523d2f5256fe2fc6eba7a8b435d42fa56d78c94a2c28f230bc,2021-06,Derbyshire Constabulary,Derbyshire Constabulary,-1.404785,52.916843,On or near Borrowash By-Pass,E01013597,Derby 014C,Other crime,Unable to prosecute suspect,
dccbe8851f907ccfac66438886400e22af72098fba427a8408bc320a29d60835,2021-06,Derbyshire Constabulary,Derbyshire Constabulary,-1.398471,52.913152,On or near Dovedale Road,E01013598,Derby 014D,Burglary,Investigation complete; no suspect identified,
ba91001e3a05666e96be3d487ba5a19ddf22b0f939152231419609da1ed88a1f,2021-06,Derbyshire Constabulary,Derbyshire Constabulary,-1.398471,52.913152,On or near Dovedale Road,E01013598,Derby 014D,Criminal damage and arson,Unable to prosecute suspect,
2f6af2c492bd4ca6972285d2c5a1009050410e4b2da06e99717e5e146d3198ff,2021-06,Derbyshire Constabulary,Derbyshire Constabulary,-1.393765,52.911528,On or near Litton Drive,E01013598,Derby 014D,Criminal damage and arson,Unable to prosecute suspect,
54111bf36c25c453f13c5b909e2bc984c6bc32e38043a6c6f5c1fd235e92e2b4,2021-06,Derbyshire Constabulary,Derbyshire Constabulary,-1.395003,52.914456,On or near Wensley Drive,E01013598,Derby 014D,Vehicle crime,Status update unavailable,
b113cf81571e28c58048e54156018f5905c6b466754e674a33621d5189c62b98,2021-06,Derbyshire Constabulary,Derbyshire Constabulary,-1.393765,52.911528,On or near Litton Drive,E01013598,Derby 014D,Violence and sexual offences,Local resolution,
4fa8ea85ab6811b25825c60292f2debba6c761f26a51975e397c397bbe28b62c,2021-06,Derbyshire Constabulary,Derbyshire Constabulary,-1.398471,52.913152,On or near Dovedale Road,E01013598,Derby 014D,Violence and sexual offences,Unable to prosecute suspect,
3a442760f49a631e7e2b5ad051fb01bf6390e9e1f4d0d6b8cff05bf17b9d815c,2021-06,Derbyshire Constabulary,Derbyshire Constabulary,-1.397889,52.912187,On or near Borrowfield Road,E01013598,Derby 014D,Violence and sexual offences,Unable to prosecute suspect,
bf8889f90251f0f1861b4004f6785a90be37a85610be942bb3f20f18a1fea060,2021-06,Derbyshire Constabulary,Derbyshire Constabulary,-1.398471,52.913152,On or near Dovedale Road,E01013598,Derby 014D,Violence and sexual offences,Awaiting court outcome,
93380c8a7b1f727fe2516ce76b390a4d811939ffed2d7edad3300b349c6b108b,2021-06,Derbyshire Constabulary,Derbyshire Constabulary,-1.397144,52.916606,On or near Ladybower Road,E01013598,Derby 014D,Violence and sexual offences,Unable to prosecute suspect,
4cac40b55e076344956926a938db7e493ca16aecae9920843e8b86f5f0eb665c,2021-06,Derbyshire Constabulary,Derbyshire Constabulary,-1.398471,52.913152,On or near Dovedale Road,E01013598,Derby 014D,Violence and sexual offences,Unable to prosecute suspect,
6df1ad636a02028467c281312f1957453723795a816b6b3b9e62d8fa40aed65f,2021-06,Derbyshire Constabulary,Derbyshire Constabulary,-1.397144,52.916606,On or near Ladybower Road,E01013598,Derby 014D,Violence and sexual offences,Unable to prosecute suspect,
cbd7d29c0d8605cac0c314896dacfbded542306e2a218d001d073dca17104162,2021-06,Derbyshire Constabulary,Derbyshire Constabulary,-1.553290,52.908801,On or near Ladybank Road,E01013556,Derby 015A,Public order,Unable to prosecute suspect,
e2406d7f81bd89c05988386e17d942ea4ef0701ba0bd530f1d48074a2b36f15f,2021-06,Derbyshire Constabulary,Derbyshire Constabulary,-1.548507,52.912684,On or near Hoylake Drive,E01013556,Derby 015A,Other crime,Status update unavailable,
,2021-06,Derbyshire Constabulary,Derbyshire Constabulary,-1.534137,52.915874,On or near Cairns Close,E01013557,Derby 015B,Anti-social behaviour,,
884ab9954d1991b3cb410252524f2e089f6a8a65f045bb6fad2284a61ee3c61a,2021-06,Derbyshire Constabulary,Derbyshire Constabulary,-1.542893,52.910568,On or near Edale Avenue,E01013557,Derby 015B,Criminal damage and arson,Unable to prosecute suspect,
8ca98cd678a30b07302d98610d38f54f5092ec15d00211681e9efaa0b52c3881,2021-06,Derbyshire Constabulary,Derbyshire Constabulary,-1.537835,52.914989,On or near Clifton Drive,E01013557,Derby 015B,Public order,Unable to prosecute suspect,
ef2d21bf7ddadc646751019b8ebce5607f000a4f6b6701232d5299adeecdd69f,2021-06,Derbyshire Constabulary,Derbyshire Constabulary,-1.544549,52.909990,On or near Hope Avenue,E01013557,Derby 015B,Violence and sexual offences,Unable to prosecute suspect,
7efb1556d35e59e30cf71afe1f95f31663d0f8975cf5856d8339db6e11fb9059,2021-06,Derbyshire Constabulary,Derbyshire Constabulary,-1.544549,52.909990,On or near Hope Avenue,E01013557,Derby 015B,Violence and sexual offences,Awaiting court outcome,
1f3a3b17c653ca3c831c1d248d00d9da20d4cf661ca378e0caa2a47a83364bcf,2021-06,Derbyshire Constabulary,Derbyshire Constabulary,-1.539769,52.913460,On or near Lea Drive,E01013557,Derby 015B,Violence and sexual offences,Awaiting court outcome,
830803aeaacdc31e78f9f0245e75650dee1de2b6123a77d6c694a5ed36adff1e,2021-06,Derbyshire Constabulary,Derbyshire Constabulary,-1.537835,52.914989,On or near Clifton Drive,E01013557,Derby 015B,Violence and sexual offences,Unable to prosecute suspect,
35637c1b57fd34fd60c8192942caf18d3b6749adc2bb247c476b4519f0ffb1a1,2021-06,Derbyshire Constabulary,Derbyshire Constabulary,-1.537835,52.914989,On or near Clifton Drive,E01013557,Derby 015B,Violence and sexual offences,Unable to prosecute suspect,
e2e086a3a2a4544cb45c48396ae728e8db59635cce30370eca2b3995f5798516,2021-06,Derbyshire Constabulary,Derbyshire Constabulary,-1.542893,52.910568,On or near Edale Avenue,E01013557,Derby 015B,Violence and sexual offences,Unable to prosecute suspect,
046fe832131be0d418bde34a64d105ed8fd525db634b7004dc179af947e98d02,2021-06,Derbyshire Constabulary,Derbyshire Constabulary,-1.537835,52.914989,On or near Clifton Drive,E01013557,Derby 015B,Other crime,Unable to prosecute suspect,
,2021-06,Derbyshire Constabulary,Derbyshire Constabulary,-1.528780,52.912104,On or near Further/Higher Educational Building,E01013558,Derby 015C,Anti-social behaviour,,
,2021-06,Derbyshire Constabulary,Derbyshire Constabulary,-1.530825,52.915492,On or near Tasman Close,E01013558,Derby 015C,Anti-social behaviour,,
,2021-06,Derbyshire Constabulary,Derbyshire Constabulary,-1.532705,52.913495,On or near Hamilton Close,E01013558,Derby 015C,Anti-social behaviour,,
,2021-06,Derbyshire Constabulary,Derbyshire Constabulary,-1.531543,52.916475,On or near Murray Road,E01013558,Derby 015C,Anti-social behaviour,,
,2021-06,Derbyshire Constabulary,Derbyshire Constabulary,-1.529657,52.910705,On or near Chevin Avenue,E01013558,Derby 015C,Anti-social behaviour,,
,2021-06,Derbyshire Constabulary,Derbyshire Constabulary,-1.527354,52.911883,On or near Girton Way,E01013558,Derby 015C,Anti-social behaviour,,
,2021-06,Derbyshire Constabulary,Derbyshire Constabulary,-1.527354,52.911883,On or near Girton Way,E01013558,Derby 015C,Anti-social behaviour,,
,2021-06,Derbyshire Constabulary,Derbyshire Constabulary,-1.531209,52.917130,On or near Earlswood Drive,E01013558,Derby 015C,Anti-social behaviour,,
,2021-06,Derbyshire Constabulary,Derbyshire Constabulary,-1.531543,52.916475,On or near Murray Road,E01013558,Derby 015C,Anti-social behaviour,,
c6545d0da01bb3e3ff8a78319812572ad2c5bf68d868c78048831ecb2af9dda9,2021-06,Derbyshire Constabulary,Derbyshire Constabulary,-1.534884,52.912775,On or near Darwin Road,E01013558,Derby 015C,Burglary,Investigation complete; no suspect identified,
ceb2ef76a8e470a35ae95ffe2c9f348a98c9cbe1321891bfbdbfe7092b53fcc5,2021-06,Derbyshire Constabulary,Derbyshire Constabulary,-1.529307,52.911459,On or near Bishop Lonsdale Way,E01013558,Derby 015C,Criminal damage and arson,Investigation complete; no suspect identified,
ce649ded86de5a86c8787b8ae0fd4f113193b6602e4c0f9e05bc096160ce5b73,2021-06,Derbyshire Constabulary,Derbyshire Constabulary,-1.531650,52.909293,On or near Arundel Avenue,E01013558,Derby 015C,Criminal damage and arson,Investigation complete; no suspect identified,
ca0365e16a23769b48d936e5d97b966079a5b07c0c5d0920fca1665baf98da36,2021-06,Derbyshire Constabulary,Derbyshire Constabulary,-1.529307,52.911459,On or near Bishop Lonsdale Way,E01013558,Derby 015C,Criminal damage and arson,Unable to prosecute suspect,
8339a2d6f265a0a8fbd3962d29a375a369af2daa21d1c8b780e5ae68174d6db2,2021-06,Derbyshire Constabulary,Derbyshire Constabulary,-1.531553,52.911396,On or near Hobart Close,E01013558,Derby 015C,Other theft,Unable to prosecute suspect,
af222ba87c60d5529555ff80812a1a3797106bbe4c228233f5647093c291e45b,2021-06,Derbyshire Constabulary,Derbyshire Constabulary,-1.531099,52.909372,On or near Newton Green,E01013558,Derby 015C,Other theft,Investigation complete; no suspect identified,
cdc3fd9f455a7afc2e50059c1d546ba63b6c764415bd69376bd960fa726c45e1,2021-06,Derbyshire Constabulary,Derbyshire Constabulary,-1.529657,52.910705,On or near Chevin Avenue,E01013558,Derby 015C,Public order,Offender given a caution,
db1ec3cb7d80c177d07d1f4a33098d90a311fd205501d953442ef09ae0db8618,2021-06,Derbyshire Constabulary,Derbyshire Constabulary,-1.528780,52.912104,On or near Further/Higher Educational Building,E01013558,Derby 015C,Public order,Unable to prosecute suspect,
06df0ec0356a3d4e187a057a1d10b77170cae3ca3e247f927f9c935a677aa85b,2021-06,Derbyshire Constabulary,Derbyshire Constabulary,-1.531209,52.917130,On or near Earlswood Drive,E01013558,Derby 015C,Public order,Unable to prosecute suspect,
4448a686f164d6872461512ba509c495eda685e2fa89c12d120888d045c2f616,2021-06,Derbyshire Constabulary,Derbyshire Constabulary,-1.529687,52.912099,On or near Templeton Close,E01013558,Derby 015C,Violence and sexual offences,Investigation complete; no suspect identified,
d85279b334f54550a2ddb306100dcb8368ffd205ad991322189dd51616d8b3e8,2021-06,Derbyshire Constabulary,Derbyshire Constabulary,-1.528780,52.912104,On or near Further/Higher Educational Building,E01013558,Derby 015C,Violence and sexual offences,Awaiting court outcome,
038128773d445b9bd51c105776d83199fa3a323fe4b560ce9e7d8b9214128d01,2021-06,Derbyshire Constabulary,Derbyshire Constabulary,-1.529307,52.911459,On or near Bishop Lonsdale Way,E01013558,Derby 015C,Violence and sexual offences,Unable to prosecute suspect,
013aec6a61b3ff98983f68dc5b9323780d399ecd3cc5d26b3e23c8256e3078fe,2021-06,Derbyshire Constabulary,Derbyshire Constabulary,-1.531553,52.911396,On or near Hobart Close,E01013558,Derby 015C,Violence and sexual offences,Unable to prosecute suspect,
05a642106e00eaf820b550bc1e0ab6b8cfd1efca5d212716c3aaaae354a26f43,2021-06,Derbyshire Constabulary,Derbyshire Constabulary,-1.528780,52.912104,On or near Further/Higher Educational Building,E01013558,Derby 015C,Violence and sexual offences,Unable to prosecute suspect,
4b1790e43aa5c9bca539ea745b079e5157be7cdfb2c33c2e5d40f1dd8c1d1ff9,2021-06,Derbyshire Constabulary,Derbyshire Constabulary,-1.528780,52.912104,On or near Further/Higher Educational Building,E01013558,Derby 015C,Violence and sexual offences,Unable to prosecute suspect,
4467abe03673dbceed3e390142c532bc8617650b3ebd39c05ade6f87939676f6,2021-06,Derbyshire Constabulary,Derbyshire Constabulary,-1.531209,52.917130,On or near Earlswood Drive,E01013558,Derby 015C,Violence and sexual offences,Unable to prosecute suspect,
f0431ffdaa666a5af7d8153404a851e27a8e5a63249fc7c4c5e69999f580d6f9,2021-06,Derbyshire Constabulary,Derbyshire Constabulary,-1.531553,52.911396,On or near Hobart Close,E01013558,Derby 015C,Violence and sexual offences,Unable to prosecute suspect,
1e054074993a5a326b1223bea99760ce4b0628a2f10cec3dd4323b17a3b8783e,2021-06,Derbyshire Constabulary,Derbyshire Constabulary,-1.514538,52.921027,On or near Kingsway,E01013558,Derby 015C,Violence and sexual offences,Unable to prosecute suspect,
136fbea2327a15b2e684030f9fedc7a7adef946dc7253a535031e8334437bcf1,2021-06,Derbyshire Constabulary,Derbyshire Constabulary,-1.528780,52.912104,On or near Further/Higher Educational Building,E01013558,Derby 015C,Violence and sexual offences,Unable to prosecute suspect,
0f7822f494fc0178850cc0a117b2e12f57baaf69cdf137090fc52de7a14859d7,2021-06,Derbyshire Constabulary,Derbyshire Constabulary,-1.531553,52.911396,On or near Hobart Close,E01013558,Derby 015C,Violence and sexual offences,Status update unavailable,
75dee1acb6d3ce4d8f786c85e8a99e76fd14ed8f0613140e611ce432f3e0e606,2021-06,Derbyshire Constabulary,Derbyshire Constabulary,-1.531553,52.911396,On or near Hobart Close,E01013558,Derby 015C,Violence and sexual offences,Unable to prosecute suspect,
3606cb8ede7a070aa794923f7ac32548896cec0726dff322e4d490c9b2913b4d,2021-06,Derbyshire Constabulary,Derbyshire Constabulary,-1.529687,52.912099,On or near Templeton Close,E01013558,Derby 015C,Violence and sexual offences,Investigation complete; no suspect identified,
d7f2e7ed8c0c201e632269d217af57482fea4cdf839120948b1ab00851a420b0,2021-06,Derbyshire Constabulary,Derbyshire Constabulary,-1.531209,52.917130,On or near Earlswood Drive,E01013558,Derby 015C,Violence and sexual offences,Unable to prosecute suspect,
96df960a9b9c1ae9826e440a053860e67ab0b1f063f8d418e1169f65c4539c22,2021-06,Derbyshire Constabulary,Derbyshire Constabulary,-1.529657,52.910705,On or near Chevin Avenue,E01013558,Derby 015C,Violence and sexual offences,Unable to prosecute suspect,
8151a17702f57ebe9b04b41e96579e0058eff472032bde1f609528e682066c99,2021-06,Derbyshire Constabulary,Derbyshire Constabulary,-1.528780,52.912104,On or near Further/Higher Educational Building,E01013558,Derby 015C,Violence and sexual offences,Unable to prosecute suspect,
b3123fabd6b492802b4b8467d3d3d81aa93f2e9c1d805bf53674c274c8ab5950,2021-06,Derbyshire Constabulary,Derbyshire Constabulary,-1.529687,52.912099,On or near Templeton Close,E01013558,Derby 015C,Violence and sexual offences,Investigation complete; no suspect identified,
94441b116e07559f65ad5599cb9e69cc8a622668e27f9942e1f0fcc14a143a79,2021-06,Derbyshire Constabulary,Derbyshire Constabulary,-1.527469,52.910966,On or near Sports/Recreation Area,E01013558,Derby 015C,Violence and sexual offences,Unable to prosecute suspect,
78e2f4f9e9dc0dcfa2349657d91de3540c935829449001e8ffc4424bf42ff6bf,2021-06,Derbyshire Constabulary,Derbyshire Constabulary,-1.528780,52.912104,On or near Further/Higher Educational Building,E01013558,Derby 015C,Violence and sexual offences,Unable to prosecute suspect,
862da5b1ab0ab8c73840ecf68ee6c0d2ca7552392ea605b96bad6be7660900d3,2021-06,Derbyshire Constabulary,Derbyshire Constabulary,-1.529687,52.912099,On or near Templeton Close,E01013558,Derby 015C,Violence and sexual offences,Investigation complete; no suspect identified,
58283270b60a0ec4713fc62014815461ca7b1a0ff70c588d2f7a779ff42128b3,2021-06,Derbyshire Constabulary,Derbyshire Constabulary,-1.529687,52.912099,On or near Templeton Close,E01013558,Derby 015C,Violence and sexual offences,Investigation complete; no suspect identified,
347e2068c291fdcffe922aca262195aa61a93296480bc955b01db409a0cec102,2021-06,Derbyshire Constabulary,Derbyshire Constabulary,-1.548062,52.909644,On or near Sports/Recreation Area,E01013559,Derby 015D,Burglary,Unable to prosecute suspect,
d195537f2c327d16227b0f9ba5e24157fd5ceac5b3fc73c960dff9922b00ee60,2021-06,Derbyshire Constabulary,Derbyshire Constabulary,-1.548062,52.909644,On or near Sports/Recreation Area,E01013559,Derby 015D,Criminal damage and arson,Unable to prosecute suspect,
034dc28f6d048223015ded9a7bc243e5a86490962f23594d3ea74206cbc0beff,2021-06,Derbyshire Constabulary,Derbyshire Constabulary,-1.548676,52.912091,On or near Hoylake Court,E01013559,Derby 015D,Violence and sexual offences,Unable to prosecute suspect,
0c29d6b13d48dec48f060f270ad15eaa0d828f5255bd87921fabf2438001a871,2021-06,Derbyshire Constabulary,Derbyshire Constabulary,-1.550774,52.910580,On or near Fenton Road,E01013559,Derby 015D,Violence and sexual offences,Awaiting court outcome,
652c588d853bccb3f2e2bcebe6f092009c5f57e1418bd793cbccff62b438fff1,2021-06,Derbyshire Constabulary,Derbyshire Constabulary,-1.548062,52.909644,On or near Sports/Recreation Area,E01013559,Derby 015D,Violence and sexual offences,Unable to prosecute suspect,
81663803a6e059f7fadb974a9850bf4330ce0a1832a0d06bbf455ebe6d9e59f9,2021-06,Derbyshire Constabulary,Derbyshire Constabulary,-1.548062,52.909644,On or near Sports/Recreation Area,E01013559,Derby 015D,Violence and sexual offences,Unable to prosecute suspect,
,2021-06,Derbyshire Constabulary,Derbyshire Constabulary,-1.545947,52.919929,On or near Crystal Close,E01013564,Derby 015E,Anti-social behaviour,,
,2021-06,Derbyshire Constabulary,Derbyshire Constabulary,-1.545947,52.919929,On or near Crystal Close,E01013564,Derby 015E,Anti-social behaviour,,
,2021-06,Derbyshire Constabulary,Derbyshire Constabulary,-1.538927,52.917124,On or near Rangemore Close,E01013564,Derby 015E,Anti-social behaviour,,
59c4bae2cb9f8e2877f87cf971dc0cbcdeb52282bfc1ccbebd1f8a5c1ade1684,2021-06,Derbyshire Constabulary,Derbyshire Constabulary,-1.545297,52.920969,On or near Starflower Way,E01013564,Derby 015E,Bicycle theft,Investigation complete; no suspect identified,
bef286222075333914124110326b4d94127ec3d76188e50a6558396d994f5ffc,2021-06,Derbyshire Constabulary,Derbyshire Constabulary,-1.545297,52.920969,On or near Starflower Way,E01013564,Derby 015E,Burglary,Investigation complete; no suspect identified,
1434faa8a8830b0d3259239adfe0246bf6c96faf4b46a0066bf421c85b65554a,2021-06,Derbyshire Constabulary,Derbyshire Constabulary,-1.545297,52.920969,On or near Starflower Way,E01013564,Derby 015E,Criminal damage and arson,Unable to prosecute suspect,
101aafbc9c739cdf70725ec8668916ff377b81c6846ea1282c020701e1859dde,2021-06,Derbyshire Constabulary,Derbyshire Constabulary,-1.542906,52.922048,On or near Radbourne Gate,E01013564,Derby 015E,Other theft,Investigation complete; no suspect identified,
b5d0f1eedf65ebca85477990a4ec0ea97c371a9332ca7c2d99a6ac7c400d957b,2021-06,Derbyshire Constabulary,Derbyshire Constabulary,-1.545947,52.919929,On or near Crystal Close,E01013564,Derby 015E,Violence and sexual offences,Unable to prosecute suspect,
9931bdade142dcc2d6d97d12ec00b5039d8738b7b02f04c0f63ed76c66ec4ffc,2021-06,Derbyshire Constabulary,Derbyshire Constabulary,-1.545297,52.920969,On or near Starflower Way,E01013564,Derby 015E,Violence and sexual offences,Unable to prosecute suspect,
2e3589d6b6a1410803c296ad3edb1e97f1d21d669559af779f5f65b80b6e43d8,2021-06,Derbyshire Constabulary,Derbyshire Constabulary,-1.545947,52.919929,On or near Crystal Close,E01013564,Derby 015E,Violence and sexual offences,Unable to prosecute suspect,
6ac94208f4aa2532fce32173a06be30db50c0d5136a435754e38f83371cff642,2021-06,Derbyshire Constabulary,Derbyshire Constabulary,-1.545947,52.919929,On or near Crystal Close,E01013564,Derby 015E,Violence and sexual offences,Unable to prosecute suspect,
dd82664ababaac75f83e80fb506da56fba96d9263e35719e7cde3732f183fde2,2021-06,Derbyshire Constabulary,Derbyshire Constabulary,-1.545947,52.919929,On or near Crystal Close,E01013564,Derby 015E,Violence and sexual offences,Unable to prosecute suspect,
b307938d0f506d37b257384462889c00cb9bb884af23b20a805e03f836f6f006,2021-06,Derbyshire Constabulary,Derbyshire Constabulary,-1.545297,52.920969,On or near Starflower Way,E01013564,Derby 015E,Violence and sexual offences,Unable to prosecute suspect,
2ada07585ca2cfa47793f680bfc75f7fc2afcb3cf264dbffda8492b7dc8ff12c,2021-06,Derbyshire Constabulary,Derbyshire Constabulary,-1.545297,52.920969,On or near Starflower Way,E01013564,Derby 015E,Violence and sexual offences,Unable to prosecute suspect,
22edad9eefa8a514dd23860b710609a9301ccd2bd9791083a8ff460e8a2d1c45,2021-06,Derbyshire Constabulary,Derbyshire Constabulary,-1.545297,52.920969,On or near Starflower Way,E01013564,Derby 015E,Violence and sexual offences,Status update unavailable,
b3f5a850681424b6b12e6d677c6708bf4db8d0d44bb7f49b5d1badfd6c451c92,2021-06,Derbyshire Constabulary,Derbyshire Constabulary,-1.545297,52.920969,On or near Starflower Way,E01013564,Derby 015E,Violence and sexual offences,Status update unavailable,
764650b99beee13c82c628a49b0bd3ea996b2cc47960642677ee147b67faf883,2021-06,Derbyshire Constabulary,Derbyshire Constabulary,-1.545297,52.920969,On or near Starflower Way,E01013564,Derby 015E,Violence and sexual offences,Unable to prosecute suspect,
ff0bdad9a46691fa1d5f8e4618623896f28d671ad6cfab57ffde9c88627452b1,2021-06,Derbyshire Constabulary,Derbyshire Constabulary,-1.545947,52.919929,On or near Crystal Close,E01013564,Derby 015E,Violence and sexual offences,Unable to prosecute suspect,
b63e6c543ba2fb1fd18eda57f242b96c1ab8c7f6bee67951f00c7c738b567d59,2021-06,Derbyshire Constabulary,Derbyshire Constabulary,-1.539329,52.918501,On or near Onslow Road,E01013564,Derby 015E,Violence and sexual offences,Unable to prosecute suspect,
28b05fc29c9b07521476178019b10f1e50f47f5b5c8ab34d8da5b8b53b624083,2021-06,Derbyshire Constabulary,Derbyshire Constabulary,-1.545297,52.920969,On or near Starflower Way,E01013564,Derby 015E,Violence and sexual offences,Unable to prosecute suspect,
ea7b1fc21c67d1dfdcd327075721ddd3f6bfb2aad6591405385de966ef48ab37,2021-06,Derbyshire Constabulary,Derbyshire Constabulary,-1.545297,52.920969,On or near Starflower Way,E01013564,Derby 015E,Violence and sexual offences,Unable to prosecute suspect,
5f87039e9322d23e70240582a38f31458163e75dee655412410e42fb958e46fe,2021-06,Derbyshire Constabulary,Derbyshire Constabulary,-1.545297,52.920969,On or near Starflower Way,E01013564,Derby 015E,Violence and sexual offences,Unable to prosecute suspect,
51fe24a4478f94838b9e8a2d1f88a87378d22ad4a0800654aab21c3ce2bcb1cd,2021-06,Derbyshire Constabulary,Derbyshire Constabulary,-1.545297,52.920969,On or near Starflower Way,E01013564,Derby 015E,Violence and sexual offences,Further investigation is not in the public interest,
f0a867160930b9ae68e76410d131b9b9f531061fd9c708b1196ae949f03d3757,2021-06,Derbyshire Constabulary,Derbyshire Constabulary,-1.545947,52.919929,On or near Crystal Close,E01013564,Derby 015E,Violence and sexual offences,Unable to prosecute suspect,
246321c23877989fbb9b92ae41f18098d3e2bfb6e4b420b0e7fde8f3f047a0c7,2021-06,Derbyshire Constabulary,Derbyshire Constabulary,-1.545947,52.919929,On or near Crystal Close,E01013564,Derby 015E,Violence and sexual offences,Unable to prosecute suspect,
4e57157aae39667c36d840f7ddbb3fefafb22b1f6d9255e94279b0524d25e671,2021-06,Derbyshire Constabulary,Derbyshire Constabulary,-1.542906,52.922048,On or near Radbourne Gate,E01013564,Derby 015E,Violence and sexual offences,Unable to prosecute suspect,
,2021-06,Derbyshire Constabulary,Derbyshire Constabulary,-1.474645,52.918781,On or near Further/Higher Educational Building,E01013480,Derby 016A,Anti-social behaviour,,
,2021-06,Derbyshire Constabulary,Derbyshire Constabulary,-1.479864,52.916386,On or near Burton Road,E01013480,Derby 016A,Anti-social behaviour,,
,2021-06,Derbyshire Constabulary,Derbyshire Constabulary,-1.482986,52.914044,On or near Burton Road,E01013480,Derby 016A,Anti-social behaviour,,
,2021-06,Derbyshire Constabulary,Derbyshire Constabulary,-1.475801,52.919110,On or near Nightclub,E01013480,Derby 016A,Anti-social behaviour,,
,2021-06,Derbyshire Constabulary,Derbyshire Constabulary,-1.477812,52.917590,On or near A601,E01013480,Derby 016A,Anti-social behaviour,,
,2021-06,Derbyshire Constabulary,Derbyshire Constabulary,-1.479431,52.915332,On or near Mount Street,E01013480,Derby 016A,Anti-social behaviour,,
,2021-06,Derbyshire Constabulary,Derbyshire Constabulary,-1.480150,52.914913,On or near Swinburne Street,E01013480,Derby 016A,Anti-social behaviour,,
,2021-06,Derbyshire Constabulary,Derbyshire Constabulary,-1.477224,52.917057,On or near Conference/Exhibition Centre,E01013480,Derby 016A,Anti-social behaviour,,
,2021-06,Derbyshire Constabulary,Derbyshire Constabulary,-1.477812,52.912673,On or near Dashwood Street,E01013480,Derby 016A,Anti-social behaviour,,
,2021-06,Derbyshire Constabulary,Derbyshire Constabulary,-1.482986,52.914044,On or near Burton Road,E01013480,Derby 016A,Anti-social behaviour,,
,2021-06,Derbyshire Constabulary,Derbyshire Constabulary,-1.474645,52.918781,On or near Further/Higher Educational Building,E01013480,Derby 016A,Anti-social behaviour,,
,2021-06,Derbyshire Constabulary,Derbyshire Constabulary,-1.474645,52.918781,On or near Further/Higher Educational Building,E01013480,Derby 016A,Anti-social behaviour,,
,2021-06,Derbyshire Constabulary,Derbyshire Constabulary,-1.477812,52.917590,On or near A601,E01013480,Derby 016A,Anti-social behaviour,,
,2021-06,Derbyshire Constabulary,Derbyshire Constabulary,-1.473698,52.918363,On or near Shopping Area,E01013480,Derby 016A,Anti-social behaviour,,
,2021-06,Derbyshire Constabulary,Derbyshire Constabulary,-1.477175,52.913695,On or near Petrol Station,E01013480,Derby 016A,Anti-social behaviour,,
,2021-06,Derbyshire Constabulary,Derbyshire Constabulary,-1.476417,52.916119,On or near Leopold Street,E01013480,Derby 016A,Anti-social behaviour,,
,2021-06,Derbyshire Constabulary,Derbyshire Constabulary,-1.481195,52.914531,On or near Lime Avenue,E01013480,Derby 016A,Anti-social behaviour,,
,2021-06,Derbyshire Constabulary,Derbyshire Constabulary,-1.482986,52.914044,On or near Burton Road,E01013480,Derby 016A,Anti-social behaviour,,
,2021-06,Derbyshire Constabulary,Derbyshire Constabulary,-1.482804,52.915581,On or near Spa Lane,E01013480,Derby 016A,Anti-social behaviour,,
,2021-06,Derbyshire Constabulary,Derbyshire Constabulary,-1.482765,52.915104,On or near Lower Eley Street,E01013480,Derby 016A,Anti-social behaviour,,
,2021-06,Derbyshire Constabulary,Derbyshire Constabulary,-1.474645,52.918781,On or near Further/Higher Educational Building,E01013480,Derby 016A,Anti-social behaviour,,
,2021-06,Derbyshire Constabulary,Derbyshire Constabulary,-1.477224,52.917057,On or near Conference/Exhibition Centre,E01013480,Derby 016A,Anti-social behaviour,,
,2021-06,Derbyshire Constabulary,Derbyshire Constabulary,-1.480662,52.916848,On or near Harcourt Street,E01013480,Derby 016A,Anti-social behaviour,,
,2021-06,Derbyshire Constabulary,Derbyshire Constabulary,-1.474645,52.918781,On or near Further/Higher Educational Building,E01013480,Derby 016A,Anti-social behaviour,,
,2021-06,Derbyshire Constabulary,Derbyshire Constabulary,-1.482986,52.914044,On or near Burton Road,E01013480,Derby 016A,Anti-social behaviour,,
,2021-06,Derbyshire Constabulary,Derbyshire Constabulary,-1.480662,52.916848,On or near Harcourt Street,E01013480,Derby 016A,Anti-social behaviour,,
,2021-06,Derbyshire Constabulary,Derbyshire Constabulary,-1.482986,52.914044,On or near Burton Road,E01013480,Derby 016A,Anti-social behaviour,,
,2021-06,Derbyshire Constabulary,Derbyshire Constabulary,-1.474645,52.918781,On or near Further/Higher Educational Building,E01013480,Derby 016A,Anti-social behaviour,,
,2021-06,Derbyshire Constabulary,Derbyshire Constabulary,-1.476417,52.916119,On or near Leopold Street,E01013480,Derby 016A,Anti-social behaviour,,
,2021-06,Derbyshire Constabulary,Derbyshire Constabulary,-1.479431,52.915332,On or near Mount Street,E01013480,Derby 016A,Anti-social behaviour,,
,2021-06,Derbyshire Constabulary,Derbyshire Constabulary,-1.482986,52.914044,On or near Burton Road,E01013480,Derby 016A,Anti-social behaviour,,
,2021-06,Derbyshire Constabulary,Derbyshire Constabulary,-1.482804,52.915581,On or near Spa Lane,E01013480,Derby 016A,Anti-social behaviour,,
,2021-06,Derbyshire Constabulary,Derbyshire Constabulary,-1.482804,52.915581,On or near Spa Lane,E01013480,Derby 016A,Anti-social behaviour,,
,2021-06,Derbyshire Constabulary,Derbyshire Constabulary,-1.474645,52.918781,On or near Further/Higher Educational Building,E01013480,Derby 016A,Anti-social behaviour,,
,2021-06,Derbyshire Constabulary,Derbyshire Constabulary,-1.479864,52.916386,On or near Burton Road,E01013480,Derby 016A,Anti-social behaviour,,
,2021-06,Derbyshire Constabulary,Derbyshire Constabulary,-1.482986,52.914044,On or near Burton Road,E01013480,Derby 016A,Anti-social behaviour,,
1f62520092a2b4faada5f481a10d0c75a0225afcb153d512bb2946b371f06601,2021-06,Derbyshire Constabulary,Derbyshire Constabulary,-1.474645,52.918781,On or near Further/Higher Educational Building,E01013480,Derby 016A,Bicycle theft,Investigation complete; no suspect identified,
8a7d2c87650ba68f842f1cd1380d81062b5f9120a0133280c4f6955691e70bc8,2021-06,Derbyshire Constabulary,Derbyshire Constabulary,-1.480150,52.914913,On or near Swinburne Street,E01013480,Derby 016A,Bicycle theft,Investigation complete; no suspect identified,
97fab1fe833a55a657ebda909f8a18fe08d387e8394435eb741a6ecab945bdee,2021-06,Derbyshire Constabulary,Derbyshire Constabulary,-1.480150,52.914913,On or near Swinburne Street,E01013480,Derby 016A,Bicycle theft,Investigation complete; no suspect identified,
7f4855a72bc9ea07955fbc78f186283648458614a2bb38b7a909606183050294,2021-06,Derbyshire Constabulary,Derbyshire Constabulary,-1.474645,52.918781,On or near Further/Higher Educational Building,E01013480,Derby 016A,Bicycle theft,Investigation complete; no suspect identified,
20ced1e81b31510042accf211e8a84607155e19a3f3ea2600618332aa5dd1b49,2021-06,Derbyshire Constabulary,Derbyshire Constabulary,-1.474645,52.918781,On or near Further/Higher Educational Building,E01013480,Derby 016A,Bicycle theft,Investigation complete; no suspect identified,
8288217446f5af2de8a3fd8b7fcc5973f9ecff02991c9d77c39a537f34094a7b,2021-06,Derbyshire Constabulary,Derbyshire Constabulary,-1.475801,52.919110,On or near Nightclub,E01013480,Derby 016A,Burglary,Investigation complete; no suspect identified,
81b2266cf722a21b8a88b50b9fb54d891ec481f79e90c3167b868eee1c6b1dcc,2021-06,Derbyshire Constabulary,Derbyshire Constabulary,-1.475801,52.919110,On or near Nightclub,E01013480,Derby 016A,Burglary,Investigation complete; no suspect identified,
95f7b0337b81840234c63d7914081a3d97d8f54e0e445ac0109109a60da973fa,2021-06,Derbyshire Constabulary,Derbyshire Constabulary,-1.482986,52.914044,On or near Burton Road,E01013480,Derby 016A,Burglary,Investigation complete; no suspect identified,
79555de4cc6c96eae3da8a5b72b20f53887398b58b4d561e7a625e07ce55cfe0,2021-06,Derbyshire Constabulary,Derbyshire Constabulary,-1.482765,52.915104,On or near Lower Eley Street,E01013480,Derby 016A,Burglary,Investigation complete; no suspect identified,
71f85533da8ed3f0188f89b9d0843cb55ccc3c503a773033589ba49b719f0b37,2021-06,Derbyshire Constabulary,Derbyshire Constabulary,-1.475163,52.915278,On or near Melbourne Street,E01013480,Derby 016A,Burglary,Unable to prosecute suspect,
f8f6073f122ce6cfc77a8681b63b554559065b9c02db24813fe2b0b14e5a99c5,2021-06,Derbyshire Constabulary,Derbyshire Constabulary,-1.477224,52.917057,On or near Conference/Exhibition Centre,E01013480,Derby 016A,Burglary,Investigation complete; no suspect identified,
8615d1adf5eb489d95498842040cd5a5bcfd04f7014ebbee530b8c10577daaa3,2021-06,Derbyshire Constabulary,Derbyshire Constabulary,-1.476417,52.916119,On or near Leopold Street,E01013480,Derby 016A,Burglary,Status update unavailable,
b4950ffa7e68c9c5b951ed38219c74e94aa1393ecce785d7f2e51e4d736a9c43,2021-06,Derbyshire Constabulary,Derbyshire Constabulary,-1.477175,52.913695,On or near Petrol Station,E01013480,Derby 016A,Criminal damage and arson,Unable to prosecute suspect,
c0d3f06aadf1e0dc677d1bdb4e90b4f82e253c7bdd851bbcef8a6190860cce82,2021-06,Derbyshire Constabulary,Derbyshire Constabulary,-1.474645,52.918781,On or near Further/Higher Educational Building,E01013480,Derby 016A,Criminal damage and arson,Investigation complete; no suspect identified,
2a25f5fb6963417fa10dc7d17648781b0f50315d68f3b6e5942d93e116fdf9ba,2021-06,Derbyshire Constabulary,Derbyshire Constabulary,-1.473641,52.916961,On or near Osmaston Road,E01013480,Derby 016A,Criminal damage and arson,Investigation complete; no suspect identified,
22573a426785ec474868d65590024c4988d9c38c22c100df0626afeeb778097b,2021-06,Derbyshire Constabulary,Derbyshire Constabulary,-1.477812,52.917590,On or near A601,E01013480,Derby 016A,Criminal damage and arson,Investigation complete; no suspect identified,
dab0dda557ed2011a7f98868eb80184014ba5a6497580ed42449a1484ed84a7c,2021-06,Derbyshire Constabulary,Derbyshire Constabulary,-1.476417,52.916119,On or near Leopold Street,E01013480,Derby 016A,Criminal damage and arson,Status update unavailable,
bfc0f8898aac7f6ec772613c3bfe23a2b9e0635826cb79821fa8686ed432e9ff,2021-06,Derbyshire Constabulary,Derbyshire Constabulary,-1.476417,52.916119,On or near Leopold Street,E01013480,Derby 016A,Criminal damage and arson,Status update unavailable,
a3b24bc90eafbfc4cdfeb0b095e3001d76081590f8b5b89cdc81fe7b3740f7f3,2021-06,Derbyshire Constabulary,Derbyshire Constabulary,-1.476417,52.916119,On or near Leopold Street,E01013480,Derby 016A,Criminal damage and arson,Status update unavailable,
5993ab1ddc3857a65ce824794b386b55e5ba417ecd8ad66ea9166bc0c96a9c35,2021-06,Derbyshire Constabulary,Derbyshire Constabulary,-1.476065,52.916989,On or near Lara Croft Way,E01013480,Derby 016A,Criminal damage and arson,Investigation complete; no suspect identified,
930c6b1c3c353c5244089a00da7824c28dda0088c9caade7044c1194a5e38ad3,2021-06,Derbyshire Constabulary,Derbyshire Constabulary,-1.476417,52.916119,On or near Leopold Street,E01013480,Derby 016A,Criminal damage and arson,Status update unavailable,
5229acf21b86f62d51407c5fb3f7e5ce767652d3012242b7f7fc21adf8bebbd3,2021-06,Derbyshire Constabulary,Derbyshire Constabulary,-1.476491,52.917414,On or near Sacheverel Street,E01013480,Derby 016A,Criminal damage and arson,Investigation complete; no suspect identified,
7b812b309ee15693dd3ad51afe9fb9bed1c14e735b50bf7d848aa64ddf9fcfe4,2021-06,Derbyshire Constabulary,Derbyshire Constabulary,-1.477812,52.917590,On or near A601,E01013480,Derby 016A,Criminal damage and arson,Investigation complete; no suspect identified,
9def0488256b2f1c82e7d5617c330067bc625fcb608d09f2d4038a0e07511175,2021-06,Derbyshire Constabulary,Derbyshire Constabulary,-1.482986,52.914044,On or near Burton Road,E01013480,Derby 016A,Criminal damage and arson,Unable to prosecute suspect,
aeef35fa26300c197f9246202d2b06e350c98f3da33d417ef90d791571a86edb,2021-06,Derbyshire Constabulary,Derbyshire Constabulary,-1.474645,52.918781,On or near Further/Higher Educational Building,E01013480,Derby 016A,Criminal damage and arson,Investigation complete; no suspect identified,
87f0f7406282be885734ded855349f5ca3126e1d91c1acef4f63dec87374de57,2021-06,Derbyshire Constabulary,Derbyshire Constabulary,-1.479431,52.915332,On or near Mount Street,E01013480,Derby 016A,Drugs,Awaiting court outcome,
70bf107d3c77ff915d61b078cbf176830b46da6345543ce286d7525ab8285223,2021-06,Derbyshire Constabulary,Derbyshire Constabulary,-1.474645,52.918781,On or near Further/Higher Educational Building,E01013480,Derby 016A,Drugs,Unable to prosecute suspect,
82d5edccfb2cbd5b649f41c84c6fb927be2da354d04768c510582bb276c1d8af,2021-06,Derbyshire Constabulary,Derbyshire Constabulary,-1.476065,52.916989,On or near Lara Croft Way,E01013480,Derby 016A,Drugs,Formal action is not in the public interest,
3f7d0337fc793b43f4cfea3998cff79f6c8d69a891676b681d59805f62f14431,2021-06,Derbyshire Constabulary,Derbyshire Constabulary,-1.475499,52.915827,On or near Charnwood Street,E01013480,Derby 016A,Other theft,Investigation complete; no suspect identified,
5c42bbb356cc422f37440d969fa256a2ed82db20115cab71fd3a5beb33eb408b,2021-06,Derbyshire Constabulary,Derbyshire Constabulary,-1.474645,52.918781,On or near Further/Higher Educational Building,E01013480,Derby 016A,Other theft,Investigation complete; no suspect identified,
5f7e9307c1a018fcd309b063dce0de94396d5c0fd2e46bfd68d745c179692c21,2021-06,Derbyshire Constabulary,Derbyshire Constabulary,-1.474645,52.918781,On or near Further/Higher Educational Building,E01013480,Derby 016A,Other theft,Investigation complete; no suspect identified,
5226a29725678d489da94936fc1b0c9aaf995891ad9bfec24d033d5a05deb378,2021-06,Derbyshire Constabulary,Derbyshire Constabulary,-1.473641,52.916961,On or near Osmaston Road,E01013480,Derby 016A,Other theft,Investigation complete; no suspect identified,
00e5dced8bf4d19e9970d5a1304d76cec3a09839bd5349c7f80bffbda2ec460a,2021-06,Derbyshire Constabulary,Derbyshire Constabulary,-1.479864,52.916386,On or near Burton Road,E01013480,Derby 016A,Other theft,Investigation complete; no suspect identified,
e81a00f85c95ae441b0fdfb71c4241cbaea9964ff7b1c88c198ddf769d337409,2021-06,Derbyshire Constabulary,Derbyshire Constabulary,-1.479431,52.915332,On or near Mount Street,E01013480,Derby 016A,Other theft,Investigation complete; no suspect identified,
e62c95564da0f6fa00c7398f7264b73c83ba1011ac9dc4221bd5f598b6925cee,2021-06,Derbyshire Constabulary,Derbyshire Constabulary,-1.474645,52.918781,On or near Further/Higher Educational Building,E01013480,Derby 016A,Other theft,Status update unavailable,
fe02b61ab5e8e17ff142b86f8b1567d303db6c657679bbf1fd921e3b1d6f2be3,2021-06,Derbyshire Constabulary,Derbyshire Constabulary,-1.479431,52.915332,On or near Mount Street,E01013480,Derby 016A,Other theft,Investigation complete; no suspect identified,
0fd0bdb53f67c4fc7acf7ea91133b3a1f23011e00ba72f75c37f37fe8f45ad02,2021-06,Derbyshire Constabulary,Derbyshire Constabulary,-1.482986,52.914044,On or near Burton Road,E01013480,Derby 016A,Other theft,Investigation complete; no suspect identified,
506429da9292a4d8aeec79e28665b04bbd197825be249b730ed7bfce0ac86f09,2021-06,Derbyshire Constabulary,Derbyshire Constabulary,-1.474645,52.918781,On or near Further/Higher Educational Building,E01013480,Derby 016A,Other theft,Investigation complete; no suspect identified,
e9bacf4a904f8552dac0a23d47dd2a5db6192e60bc7c758df8be029685ea86a6,2021-06,Derbyshire Constabulary,Derbyshire Constabulary,-1.482765,52.915104,On or near Lower Eley Street,E01013480,Derby 016A,Other theft,Investigation complete; no suspect identified,
db93bcf377b3b256895f0f95d1d5f5cc8f35d33054f4ad898a0062de69486166,2021-06,Derbyshire Constabulary,Derbyshire Constabulary,-1.477175,52.913695,On or near Petrol Station,E01013480,Derby 016A,Other theft,Investigation complete; no suspect identified,
da63616c95f93328ee9e96d17953846716ff3a530122d64a4d83134df4487ad8,2021-06,Derbyshire Constabulary,Derbyshire Constabulary,-1.476417,52.916119,On or near Leopold Street,E01013480,Derby 016A,Possession of weapons,Status update unavailable,
c5fbf66c21541011762840d4c43214ae3b199aaf9a9655d128479008e5ba818f,2021-06,Derbyshire Constabulary,Derbyshire Constabulary,-1.474645,52.918781,On or near Further/Higher Educational Building,E01013480,Derby 016A,Possession of weapons,Unable to prosecute suspect,
ad349d86db38292b9153141eccfb157b2552e809b0320b3e4b677f84359817a5,2021-06,Derbyshire Constabulary,Derbyshire Constabulary,-1.477812,52.917590,On or near A601,E01013480,Derby 016A,Public order,Investigation complete; no suspect identified,
19f02a9127aa617d740d371e06d4eee76afc7add49c4bdc146b2f7fa48b9915c,2021-06,Derbyshire Constabulary,Derbyshire Constabulary,-1.477812,52.917590,On or near A601,E01013480,Derby 016A,Public order,Status update unavailable,
8ff26f798dfb5527138d556d4da9a8b45792c21077260921f915ecf2d29eeeca,2021-06,Derbyshire Constabulary,Derbyshire Constabulary,-1.477224,52.917057,On or near Conference/Exhibition Centre,E01013480,Derby 016A,Public order,Unable to prosecute suspect,
3c125675dd3c5a31b014c7adef2b89a84053052ce6299979a73088a9fb7da3f1,2021-06,Derbyshire Constabulary,Derbyshire Constabulary,-1.482804,52.915581,On or near Spa Lane,E01013480,Derby 016A,Public order,Unable to prosecute suspect,
b3b45c8302fe0a87ece7c6c7258bfaf957e365ae8f379bb45bbc85618cd74005,2021-06,Derbyshire Constabulary,Derbyshire Constabulary,-1.474645,52.918781,On or near Further/Higher Educational Building,E01013480,Derby 016A,Public order,Unable to prosecute suspect,
7678877c22ef00c3af7a34d3bc794c474f420d602ea06efd572c10ed6a277a11,2021-06,Derbyshire Constabulary,Derbyshire Constabulary,-1.479431,52.915332,On or near Mount Street,E01013480,Derby 016A,Public order,Awaiting court outcome,
6f25afacc3135c5699c943997ebfa542dc15df2bf7d0a58468e4a88ca7b2de9e,2021-06,Derbyshire Constabulary,Derbyshire Constabulary,-1.474645,52.918781,On or near Further/Higher Educational Building,E01013480,Derby 016A,Public order,Unable to prosecute suspect,
673a96e3b920de7e13406ac33c210746bbf0e2e270a2efe06023dc6b6e8de9d2,2021-06,Derbyshire Constabulary,Derbyshire Constabulary,-1.476417,52.916119,On or near Leopold Street,E01013480,Derby 016A,Public order,Status update unavailable,
46c3e5eb2caae8ccfb9a7b5bf2c1d2601ebb3fed6a05f7a9a714a4b59c8e6bac,2021-06,Derbyshire Constabulary,Derbyshire Constabulary,-1.476417,52.916119,On or near Leopold Street,E01013480,Derby 016A,Public order,Status update unavailable,
f968b4af11882c5e8ddae4f50dcfdf0d6c48b3cf0fabfbae08e403eb2d0bd4cd,2021-06,Derbyshire Constabulary,Derbyshire Constabulary,-1.476417,52.916119,On or near Leopold Street,E01013480,Derby 016A,Public order,Status update unavailable,
3c125675dd3c5a31b014c7adef2b89a84053052ce6299979a73088a9fb7da3f1,2021-06,Derbyshire Constabulary,Derbyshire Constabulary,-1.482804,52.915581,On or near Spa Lane,E01013480,Derby 016A,Public order,Status update unavailable,
84817adf4644c9f458aae3071370ba01402524779dd62a395b9283f609bd8239,2021-06,Derbyshire Constabulary,Derbyshire Constabulary,-1.482804,52.915581,On or near Spa Lane,E01013480,Derby 016A,Public order,Unable to prosecute suspect,
c9db0e34213c364c24d01d67baadd127a97d86f2e2706ea3d1d4f3e5b02027ab,2021-06,Derbyshire Constabulary,Derbyshire Constabulary,-1.473641,52.916961,On or near Osmaston Road,E01013480,Derby 016A,Public order,Unable to prosecute suspect,
b1fa6c590ef2b3d2a3fc0003c7bea423a59889eece611a166256a481ed2e43b2,2021-06,Derbyshire Constabulary,Derbyshire Constabulary,-1.482804,52.915581,On or near Spa Lane,E01013480,Derby 016A,Public order,Unable to prosecute suspect,
fb614bb1ebd71c18921b612577cf42e73f86ba819a63a0e729613b67305acc0a,2021-06,Derbyshire Constabulary,Derbyshire Constabulary,-1.477812,52.917590,On or near A601,E01013480,Derby 016A,Public order,Investigation complete; no suspect identified,
07a3f683ddf585b3323d483753531a60c9e05259ff7f0bfb94b1ddfad440ab72,2021-06,Derbyshire Constabulary,Derbyshire Constabulary,-1.479431,52.915332,On or near Mount Street,E01013480,Derby 016A,Public order,Unable to prosecute suspect,
2c9c6a662282abeedffd51bedba68121c61004659e106b5b50bc87932705f94e,2021-06,Derbyshire Constabulary,Derbyshire Constabulary,-1.482804,52.915581,On or near Spa Lane,E01013480,Derby 016A,Public order,Investigation complete; no suspect identified,
e8b584458ed9b39597c5ec0e225a8346724c8372b5e6d4e9b952e4233a082c70,2021-06,Derbyshire Constabulary,Derbyshire Constabulary,-1.474645,52.918781,On or near Further/Higher Educational Building,E01013480,Derby 016A,Public order,Investigation complete; no suspect identified,
e803a0da1323489b885285b40e37d47fe7c2e946a8f5f2ff87d241d5a1e75e2f,2021-06,Derbyshire Constabulary,Derbyshire Constabulary,-1.474645,52.918781,On or near Further/Higher Educational Building,E01013480,Derby 016A,Public order,Unable to prosecute suspect,
952b57eb33f29a6806a2f2155163ce6d2ec57b0996ca424ceb9ef87e7dd19531,2021-06,Derbyshire Constabulary,Derbyshire Constabulary,-1.479431,52.915332,On or near Mount Street,E01013480,Derby 016A,Public order,Investigation complete; no suspect identified,
371800a20b3a6624b86769b9dac56b7564f028632f14265cc66f2733915c86e6,2021-06,Derbyshire Constabulary,Derbyshire Constabulary,-1.479864,52.916386,On or near Burton Road,E01013480,Derby 016A,Public order,Unable to prosecute suspect,
473e96c8fda16151f751bc2c88166bebb329d6ce9b85906686ee96591baee144,2021-06,Derbyshire Constabulary,Derbyshire Constabulary,-1.477812,52.917590,On or near A601,E01013480,Derby 016A,Public order,Unable to prosecute suspect,
4a1165880135fde70571ffb1efd31df5561b33d8b3e538593a0c8a2605db69c2,2021-06,Derbyshire Constabulary,Derbyshire Constabulary,-1.482804,52.915581,On or near Spa Lane,E01013480,Derby 016A,Public order,Unable to prosecute suspect,
e902b9d8a47dac7fa40f59a9cb1ce032b83520611a407528076fe119843ca8f3,2021-06,Derbyshire Constabulary,Derbyshire Constabulary,-1.474645,52.918781,On or near Further/Higher Educational Building,E01013480,Derby 016A,Robbery,Investigation complete; no suspect identified,
a4ef6ee0fb792061cefa4d072f7c6c3b3949706d194b432cc31884585cbc7d5b,2021-06,Derbyshire Constabulary,Derbyshire Constabulary,-1.482765,52.915104,On or near Lower Eley Street,E01013480,Derby 016A,Robbery,Unable to prosecute suspect,
f0182af7a93316162f165a014f50efa348788297f8cb4838e1a6374016039006,2021-06,Derbyshire Constabulary,Derbyshire Constabulary,-1.474645,52.918781,On or near Further/Higher Educational Building,E01013480,Derby 016A,Shoplifting,Awaiting court outcome,
a5af33648b85e5142b8073c597b4f32862b323207b312edf179a50a10b347f26,2021-06,Derbyshire Constabulary,Derbyshire Constabulary,-1.474645,52.918781,On or near Further/Higher Educational Building,E01013480,Derby 016A,Shoplifting,Investigation complete; no suspect identified,
48f08d6564e93dc987dc915ac8c98fb261e8092f7bb23b9d133327c96b09a7ae,2021-06,Derbyshire Constabulary,Derbyshire Constabulary,-1.474645,52.918781,On or near Further/Higher Educational Building,E01013480,Derby 016A,Shoplifting,Awaiting court outcome,
07d486ca03572b3326110b250af9bbe6ed27cf54a606eeaed4cd30c3aa815c58,2021-06,Derbyshire Constabulary,Derbyshire Constabulary,-1.473698,52.918363,On or near Shopping Area,E01013480,Derby 016A,Shoplifting,Investigation complete; no suspect identified,
81a2d83aec0a74dc349ffc74435b54b08b694712491c65802cad29e9bbdb2fb6,2021-06,Derbyshire Constabulary,Derbyshire Constabulary,-1.474645,52.918781,On or near Further/Higher Educational Building,E01013480,Derby 016A,Shoplifting,Awaiting court outcome,
7520c9e7a303e7cd10efefea3cd222758006c29664d79c6fc6bc9f3b9b515165,2021-06,Derbyshire Constabulary,Derbyshire Constabulary,-1.473698,52.918363,On or near Shopping Area,E01013480,Derby 016A,Shoplifting,Unable to prosecute suspect,
d8caa7ea1d7f8f4bbdf6b1733204e03baf3b9a5632da41da295068718483fb08,2021-06,Derbyshire Constabulary,Derbyshire Constabulary,-1.474645,52.918781,On or near Further/Higher Educational Building,E01013480,Derby 016A,Shoplifting,Awaiting court outcome,
fdf24cb41def3449c786b4eb192465c9a3aef9a561f3bd0455f939f236fe7c80,2021-06,Derbyshire Constabulary,Derbyshire Constabulary,-1.474645,52.918781,On or near Further/Higher Educational Building,E01013480,Derby 016A,Shoplifting,Investigation complete; no suspect identified,
306f123cd2df24c20ebd4865a28aab04a82eb532ec08d461006aa79ec73a7867,2021-06,Derbyshire Constabulary,Derbyshire Constabulary,-1.474645,52.918781,On or near Further/Higher Educational Building,E01013480,Derby 016A,Shoplifting,Investigation complete; no suspect identified,
f98c294debd7d4b4c56d483eef1bf4e8b9b88888a99722e27ca736b0ed9e8414,2021-06,Derbyshire Constabulary,Derbyshire Constabulary,-1.473698,52.918363,On or near Shopping Area,E01013480,Derby 016A,Shoplifting,Investigation complete; no suspect identified,
0686f4c4f6d71d3e3db238acfcc5ca22574b5ae89f4df5d673b3c98ac2f960cf,2021-06,Derbyshire Constabulary,Derbyshire Constabulary,-1.472627,52.917145,On or near Bradshaw Way,E01013480,Derby 016A,Shoplifting,Investigation complete; no suspect identified,
05c9aa4680afeea944f22ad434854a81fe87f11b667d68235e3f2fa33d5faed4,2021-06,Derbyshire Constabulary,Derbyshire Constabulary,-1.472627,52.917145,On or near Bradshaw Way,E01013480,Derby 016A,Shoplifting,Investigation complete; no suspect identified,
3aaef97f9c914637e2ef6d3c190217f82f433e672c75dd1cf09413163cdbc12e,2021-06,Derbyshire Constabulary,Derbyshire Constabulary,-1.472627,52.917145,On or near Bradshaw Way,E01013480,Derby 016A,Shoplifting,Unable to prosecute suspect,
eb99c582744cd055ea7addab34e4639d9aa844e7a6d9154a3ebfd23d7c030c43,2021-06,Derbyshire Constabulary,Derbyshire Constabulary,-1.474645,52.918781,On or near Further/Higher Educational Building,E01013480,Derby 016A,Shoplifting,Offender given penalty notice,
edfb90f1bb1b5c8bcc1bedaa135e43a506bab3356fcc6af5ff980b85fa220825,2021-06,Derbyshire Constabulary,Derbyshire Constabulary,-1.473698,52.918363,On or near Shopping Area,E01013480,Derby 016A,Shoplifting,Investigation complete; no suspect identified,
2e793cc2e6e9dedf3532820bb5bdcdfc65fd25555d1a5cbd81e3f670b4da7273,2021-06,Derbyshire Constabulary,Derbyshire Constabulary,-1.473698,52.918363,On or near Shopping Area,E01013480,Derby 016A,Shoplifting,Awaiting court outcome,
6d92e167527e2d94ac9fa128fd1e75419ddc4dec0f870a365d4b799a3870ce04,2021-06,Derbyshire Constabulary,Derbyshire Constabulary,-1.473698,52.918363,On or near Shopping Area,E01013480,Derby 016A,Shoplifting,Investigation complete; no suspect identified,
464f595ef5649bdb03a115022c96095afe54c64179e7a219f0fef95eb62015c7,2021-06,Derbyshire Constabulary,Derbyshire Constabulary,-1.474645,52.918781,On or near Further/Higher Educational Building,E01013480,Derby 016A,Shoplifting,Awaiting court outcome,
a03258e37409b20f8c0244233b5354a9cd226ecc0c26845a1f9ebf51383b34e0,2021-06,Derbyshire Constabulary,Derbyshire Constabulary,-1.474645,52.918781,On or near Further/Higher Educational Building,E01013480,Derby 016A,Shoplifting,Awaiting court outcome,
a6f4528c14915ad86266c45f9259c4a59246efc54df4052fea11821114babd3c,2021-06,Derbyshire Constabulary,Derbyshire Constabulary,-1.473698,52.918363,On or near Shopping Area,E01013480,Derby 016A,Theft from the person,Unable to prosecute suspect,
db017e2e9132daa19fa962cbfaf4d07f0f97a9bd6e6b0fd42f2ae2b5cab602bc,2021-06,Derbyshire Constabulary,Derbyshire Constabulary,-1.480150,52.914913,On or near Swinburne Street,E01013480,Derby 016A,Theft from the person,Unable to prosecute suspect,
b5ff89f6c4faeaf99153f98729e00b21c048b0b1d736ea91846e4b71addab813,2021-06,Derbyshire Constabulary,Derbyshire Constabulary,-1.477224,52.917057,On or near Conference/Exhibition Centre,E01013480,Derby 016A,Violence and sexual offences,Investigation complete; no suspect identified,
f600d4eaf800ca1daa1f83f2df8850b8f02d094809a066d6f1db185d74cd1017,2021-06,Derbyshire Constabulary,Derbyshire Constabulary,-1.479431,52.915332,On or near Mount Street,E01013480,Derby 016A,Violence and sexual offences,Unable to prosecute suspect,
e2e982163d2e5c7179a4a54b4f858194444f2174798da7cae7e14b494db301c2,2021-06,Derbyshire Constabulary,Derbyshire Constabulary,-1.475480,52.916133,On or near The Avenue,E01013480,Derby 016A,Violence and sexual offences,Unable to prosecute suspect,
8288bcd6f515092079d06894f9cba3287346b51adb9e834f2df2e72cbed58f86,2021-06,Derbyshire Constabulary,Derbyshire Constabulary,-1.474645,52.918781,On or near Further/Higher Educational Building,E01013480,Derby 016A,Violence and sexual offences,Unable to prosecute suspect,
0c5b9ed9ec3221c045683a046bc0936ca660f335ec898b987823a946f8ef3e17,2021-06,Derbyshire Constabulary,Derbyshire Constabulary,-1.480150,52.914913,On or near Swinburne Street,E01013480,Derby 016A,Violence and sexual offences,Awaiting court outcome,
05d8379aeafd0cc6e022ab4e9a275462766bc741c816cac83cfac5ee16eae4d9,2021-06,Derbyshire Constabulary,Derbyshire Constabulary,-1.475784,52.913105,On or near Grove Street,E01013480,Derby 016A,Violence and sexual offences,Unable to prosecute suspect,
21b658ad011e77f40fd88976d8d6f669b1089e887a5140391c26ab6d104c1a2e,2021-06,Derbyshire Constabulary,Derbyshire Constabulary,-1.479431,52.915332,On or near Mount Street,E01013480,Derby 016A,Violence and sexual offences,Unable to prosecute suspect,
88a3745fe4d19b9e1177e954c835fb7e4d3346529f087e906261c56e6df80199,2021-06,Derbyshire Constabulary,Derbyshire Constabulary,-1.474645,52.918781,On or near Further/Higher Educational Building,E01013480,Derby 016A,Violence and sexual offences,Awaiting court outcome,
37008ea2857d05abaf5046cec5ee9d3db5bec52ed3984ca1e1cb341370975fd5,2021-06,Derbyshire Constabulary,Derbyshire Constabulary,-1.474645,52.918781,On or near Further/Higher Educational Building,E01013480,Derby 016A,Violence and sexual offences,Unable to prosecute suspect,
a6a9e0ac186536a6915103821eb58b4bcb1307d55865622a6e3062a76695b73e,2021-06,Derbyshire Constabulary,Derbyshire Constabulary,-1.482765,52.915104,On or near Lower Eley Street,E01013480,Derby 016A,Violence and sexual offences,Unable to prosecute suspect,
e314a1727064443df067d5915cac8fc29fad6e6adbb662383994fb75e6dfa01c,2021-06,Derbyshire Constabulary,Derbyshire Constabulary,-1.477812,52.917590,On or near A601,E01013480,Derby 016A,Violence and sexual offences,Status update unavailable,
8453e459174ff4b4e9507d29bcef76bc7b86adaa44c0ae6271c52ceace5e89de,2021-06,Derbyshire Constabulary,Derbyshire Constabulary,-1.482765,52.915104,On or near Lower Eley Street,E01013480,Derby 016A,Violence and sexual offences,Unable to prosecute suspect,
d302410604f39fa49c2ff1e8c0cb892d217beb3a53bd14081c3b9255fd665335,2021-06,Derbyshire Constabulary,Derbyshire Constabulary,-1.477224,52.917057,On or near Conference/Exhibition Centre,E01013480,Derby 016A,Violence and sexual offences,Awaiting court outcome,
910ad0e427b54f949adcb3dc54ce4c6532aeedcfce3658138ff04e4e125deb70,2021-06,Derbyshire Constabulary,Derbyshire Constabulary,-1.480662,52.916848,On or near Harcourt Street,E01013480,Derby 016A,Violence and sexual offences,Unable to prosecute suspect,
cf188ef7be0629ce3d3b9e146ac733f4dd382a7cb4ceb39cb6990800e4f41840,2021-06,Derbyshire Constabulary,Derbyshire Constabulary,-1.482765,52.915104,On or near Lower Eley Street,E01013480,Derby 016A,Violence and sexual offences,Unable to prosecute suspect,
7b8bce3d6a719cdae83a22d9fb98160641dde6745b1255a5f0b9ee100eebe1f5,2021-06,Derbyshire Constabulary,Derbyshire Constabulary,-1.482986,52.914044,On or near Burton Road,E01013480,Derby 016A,Violence and sexual offences,Unable to prosecute suspect,
30cd213862d0ad22d80ff1db66b839965cf7d868ede8a06fe1dc170eb42ab65a,2021-06,Derbyshire Constabulary,Derbyshire Constabulary,-1.474645,52.918781,On or near Further/Higher Educational Building,E01013480,Derby 016A,Violence and sexual offences,Status update unavailable,
260c09157cc971787891c025f2bc6f2388e1ab9b8a71f7ffd08f7cca5a912933,2021-06,Derbyshire Constabulary,Derbyshire Constabulary,-1.482986,52.914044,On or near Burton Road,E01013480,Derby 016A,Violence and sexual offences,Unable to prosecute suspect,
179085753a61f54692195e10bb0929b44b42723351094df92b8e95475db09bc3,2021-06,Derbyshire Constabulary,Derbyshire Constabulary,-1.479864,52.916386,On or near Burton Road,E01013480,Derby 016A,Violence and sexual offences,Unable to prosecute suspect,
38bc2554e1f59e03adf55bb981cba0861ceee90047278becd2098706f5cb6800,2021-06,Derbyshire Constabulary,Derbyshire Constabulary,-1.479864,52.916386,On or near Burton Road,E01013480,Derby 016A,Violence and sexual offences,Unable to prosecute suspect,
75b74f98b41f42373c10831bb9d9081c2e7891f4817fea953049fa404b71765d,2021-06,Derbyshire Constabulary,Derbyshire Constabulary,-1.473698,52.918363,On or near Shopping Area,E01013480,Derby 016A,Violence and sexual offences,Investigation complete; no suspect identified,
7f4dbc353a105d3327565c1c019054ac7cc70134781df172aff4775507d9cd5c,2021-06,Derbyshire Constabulary,Derbyshire Constabulary,-1.477812,52.917590,On or near A601,E01013480,Derby 016A,Violence and sexual offences,Investigation complete; no suspect identified,
2671eca764a27d316d49b1c8666040e69ee836a7087842e66ecede3796e6549e,2021-06,Derbyshire Constabulary,Derbyshire Constabulary,-1.474645,52.918781,On or near Further/Higher Educational Building,E01013480,Derby 016A,Violence and sexual offences,Unable to prosecute suspect,
56393f7d374bd3755e8cccd2964742f1d4c5cc42ed1e88f9a80ca51a519a4e3c,2021-06,Derbyshire Constabulary,Derbyshire Constabulary,-1.482986,52.914044,On or near Burton Road,E01013480,Derby 016A,Violence and sexual offences,Further investigation is not in the public interest,
25a46d5fcbf23ec93d75ba93e56363d3f8a0f3f21a25a5f8066c193161a50d55,2021-06,Derbyshire Constabulary,Derbyshire Constabulary,-1.474645,52.918781,On or near Further/Higher Educational Building,E01013480,Derby 016A,Violence and sexual offences,Investigation complete; no suspect identified,
308d5b218376d93baaa1195a9775c4c72e0dfd67a5a8f6f7bdb3d4214271bca1,2021-06,Derbyshire Constabulary,Derbyshire Constabulary,-1.474645,52.918781,On or near Further/Higher Educational Building,E01013480,Derby 016A,Violence and sexual offences,Investigation complete; no suspect identified,
21ff866f2ca7d3e9d820b6281431bbdfcc5302cd911d69502b332882afe58b7f,2021-06,Derbyshire Constabulary,Derbyshire Constabulary,-1.476417,52.916119,On or near Leopold Street,E01013480,Derby 016A,Violence and sexual offences,Unable to prosecute suspect,
89367cdd0365072d6237ca63876ff4f051c2ebba270d3807e39278bcb2aefa88,2021-06,Derbyshire Constabulary,Derbyshire Constabulary,-1.476417,52.916119,On or near Leopold Street,E01013480,Derby 016A,Violence and sexual offences,Investigation complete; no suspect identified,
bc82f068e22ce32ca8f03348af4b6d6a857954b1bd97335b10ef6dd3fdbf1c0e,2021-06,Derbyshire Constabulary,Derbyshire Constabulary,-1.482765,52.915104,On or near Lower Eley Street,E01013480,Derby 016A,Violence and sexual offences,Unable to prosecute suspect,
b6805d0e135a15b8d6a4f2dbb0e5688e6d5d6806e77d32cfc2e52d65f75f3b64,2021-06,Derbyshire Constabulary,Derbyshire Constabulary,-1.482986,52.914044,On or near Burton Road,E01013480,Derby 016A,Violence and sexual offences,Unable to prosecute suspect,
edf67d72c4f5a99b9177419d987e7ae5c341b9a17f9cd5774f9fe3410fed28ef,2021-06,Derbyshire Constabulary,Derbyshire Constabulary,-1.482986,52.914044,On or near Burton Road,E01013480,Derby 016A,Violence and sexual offences,Unable to prosecute suspect,
a43959cd3e55fdf7077ad1624dbbc0b8eeffbedca63083a0ce833380e9014e11,2021-06,Derbyshire Constabulary,Derbyshire Constabulary,-1.476477,52.918582,On or near Sitwell Street,E01013480,Derby 016A,Violence and sexual offences,Unable to prosecute suspect,
17cfff2d5dd740cc05312795ccc16e1d6eb3ffaf8c14b43d79caf7ce73353ae3,2021-06,Derbyshire Constabulary,Derbyshire Constabulary,-1.482765,52.915104,On or near Lower Eley Street,E01013480,Derby 016A,Violence and sexual offences,Unable to prosecute suspect,
1e732e602b8eb722ad7acc019c27a7aae9200fef036dcb1eb3e9bcef1ff4f2b1,2021-06,Derbyshire Constabulary,Derbyshire Constabulary,-1.474645,52.918781,On or near Further/Higher Educational Building,E01013480,Derby 016A,Violence and sexual offences,Unable to prosecute suspect,
000cb1eb025d85d1c9c9b0396ee63a0ca6be9997ff503f71d05c8bd8659aa228,2021-06,Derbyshire Constabulary,Derbyshire Constabulary,-1.479431,52.915332,On or near Mount Street,E01013480,Derby 016A,Violence and sexual offences,Unable to prosecute suspect,
78de62e06b1b1a1cb7461acb6d9d95b834b176fae0590188c0009a14e0fe1920,2021-06,Derbyshire Constabulary,Derbyshire Constabulary,-1.482765,52.915104,On or near Lower Eley Street,E01013480,Derby 016A,Violence and sexual offences,Status update unavailable,
f00bb7d345ff04a8b3836cab16b8c2f78f771a686bef5479c5d1dd196fd201e8,2021-06,Derbyshire Constabulary,Derbyshire Constabulary,-1.476417,52.916119,On or near Leopold Street,E01013480,Derby 016A,Violence and sexual offences,Investigation complete; no suspect identified,
066fd46308a9e2484bb19ab8b3a124751437f7181f0b3889cc3187ba5b115303,2021-06,Derbyshire Constabulary,Derbyshire Constabulary,-1.482804,52.915581,On or near Spa Lane,E01013480,Derby 016A,Violence and sexual offences,Unable to prosecute suspect,
ec2f2f7da17f05be2833387268984f7bd681a33177c09a7386be014f264ffdfb,2021-06,Derbyshire Constabulary,Derbyshire Constabulary,-1.479431,52.915332,On or near Mount Street,E01013480,Derby 016A,Violence and sexual offences,Unable to prosecute suspect,
bf8f40aef65bcb6ce8b2656aba8774603a054f884dbe9ccddab7d54cc1dd8818,2021-06,Derbyshire Constabulary,Derbyshire Constabulary,-1.476477,52.918582,On or near Sitwell Street,E01013480,Derby 016A,Violence and sexual offences,Unable to prosecute suspect,
a1ff84f1920df50176f43ea28903dbd9bb257e8e2e14644bced5baf15d048da6,2021-06,Derbyshire Constabulary,Derbyshire Constabulary,-1.476491,52.917414,On or near Sacheverel Street,E01013480,Derby 016A,Violence and sexual offences,Unable to prosecute suspect,
ac3e22b042500dfa99e9532a35d05d487d4dba946425dacc47490491c8593f60,2021-06,Derbyshire Constabulary,Derbyshire Constabulary,-1.476417,52.916119,On or near Leopold Street,E01013480,Derby 016A,Violence and sexual offences,Unable to prosecute suspect,
69c80297989863062b30429b2453c7ad963fd4198a0bc514b6402f8ed2f4cf65,2021-06,Derbyshire Constabulary,Derbyshire Constabulary,-1.482765,52.915104,On or near Lower Eley Street,E01013480,Derby 016A,Violence and sexual offences,Unable to prosecute suspect,
8b7245a109e4aef187f2116c3eec90cdd5e5408164adea22d67bb033dcd6bb0c,2021-06,Derbyshire Constabulary,Derbyshire Constabulary,-1.482765,52.915104,On or near Lower Eley Street,E01013480,Derby 016A,Violence and sexual offences,Unable to prosecute suspect,
3abb05feb11cc2c216b959c95e5df3e6a1ba0c0907b2eecfacafe69ef0901b44,2021-06,Derbyshire Constabulary,Derbyshire Constabulary,-1.482765,52.915104,On or near Lower Eley Street,E01013480,Derby 016A,Violence and sexual offences,Unable to prosecute suspect,
af5625c20c278dbb705dcd799c0797bb82ccd949da8962749a0d97075d6ce642,2021-06,Derbyshire Constabulary,Derbyshire Constabulary,-1.480150,52.914913,On or near Swinburne Street,E01013480,Derby 016A,Violence and sexual offences,Unable to prosecute suspect,
be74818f433213827aae94b80634ee0b9a4b05c3e87c14df48af86c3e93de743,2021-06,Derbyshire Constabulary,Derbyshire Constabulary,-1.476417,52.916119,On or near Leopold Street,E01013480,Derby 016A,Violence and sexual offences,Unable to prosecute suspect,
f7a9854ca38ffd82d3a1946680ccb3a4105d1406414efe39989e05d709ba83be,2021-06,Derbyshire Constabulary,Derbyshire Constabulary,-1.482986,52.914044,On or near Burton Road,E01013480,Derby 016A,Violence and sexual offences,Unable to prosecute suspect,
02978d0f9ad7b47c4e4ea2ae00dea7c2abd01d854516933434163b8bd912351e,2021-06,Derbyshire Constabulary,Derbyshire Constabulary,-1.477224,52.917057,On or near Conference/Exhibition Centre,E01013480,Derby 016A,Other crime,Unable to prosecute suspect,
3eed4a233a40cf413cbae7e76a61753157d2a5df763d37b30112f17cf11833a4,2021-06,Derbyshire Constabulary,Derbyshire Constabulary,-1.480662,52.916848,On or near Harcourt Street,E01013480,Derby 016A,Other crime,Investigation complete; no suspect identified,
,2021-06,Derbyshire Constabulary,Derbyshire Constabulary,-1.482348,52.911381,On or near Gordon Road,E01013483,Derby 016B,Anti-social behaviour,,
,2021-06,Derbyshire Constabulary,Derbyshire Constabulary,-1.489854,52.910415,On or near Whitaker Road,E01013483,Derby 016B,Anti-social behaviour,,
,2021-06,Derbyshire Constabulary,Derbyshire Constabulary,-1.481129,52.912571,On or near Mill Hill Road,E01013483,Derby 016B,Anti-social behaviour,,
,2021-06,Derbyshire Constabulary,Derbyshire Constabulary,-1.481129,52.912571,On or near Mill Hill Road,E01013483,Derby 016B,Anti-social behaviour,,
,2021-06,Derbyshire Constabulary,Derbyshire Constabulary,-1.484365,52.911821,On or near Empress Road,E01013483,Derby 016B,Anti-social behaviour,,
,2021-06,Derbyshire Constabulary,Derbyshire Constabulary,-1.483074,52.910359,On or near Howard Street,E01013483,Derby 016B,Anti-social behaviour,,
,2021-06,Derbyshire Constabulary,Derbyshire Constabulary,-1.483074,52.910359,On or near Howard Street,E01013483,Derby 016B,Anti-social behaviour,,
,2021-06,Derbyshire Constabulary,Derbyshire Constabulary,-1.481256,52.911960,On or near Western Road,E01013483,Derby 016B,Anti-social behaviour,,
,2021-06,Derbyshire Constabulary,Derbyshire Constabulary,-1.483452,52.912338,On or near Mount Carmel Street,E01013483,Derby 016B,Anti-social behaviour,,
,2021-06,Derbyshire Constabulary,Derbyshire Constabulary,-1.478069,52.913546,On or near Supermarket,E01013483,Derby 016B,Anti-social behaviour,,
,2021-06,Derbyshire Constabulary,Derbyshire Constabulary,-1.480934,52.911491,On or near Temple Street,E01013483,Derby 016B,Anti-social behaviour,,
,2021-06,Derbyshire Constabulary,Derbyshire Constabulary,-1.486125,52.910156,On or near Stone Hill Road,E01013483,Derby 016B,Anti-social behaviour,,
,2021-06,Derbyshire Constabulary,Derbyshire Constabulary,-1.479022,52.912193,On or near Bainbridge Street,E01013483,Derby 016B,Anti-social behaviour,,
,2021-06,Derbyshire Constabulary,Derbyshire Constabulary,-1.478069,52.913546,On or near Supermarket,E01013483,Derby 016B,Anti-social behaviour,,
,2021-06,Derbyshire Constabulary,Derbyshire Constabulary,-1.483452,52.912338,On or near Mount Carmel Street,E01013483,Derby 016B,Anti-social behaviour,,
,2021-06,Derbyshire Constabulary,Derbyshire Constabulary,-1.478476,52.913135,On or near Belgrave Street,E01013483,Derby 016B,Anti-social behaviour,,
,2021-06,Derbyshire Constabulary,Derbyshire Constabulary,-1.488915,52.909377,On or near St Chad'S Road,E01013483,Derby 016B,Anti-social behaviour,,
,2021-06,Derbyshire Constabulary,Derbyshire Constabulary,-1.481129,52.912571,On or near Mill Hill Road,E01013483,Derby 016B,Anti-social behaviour,,
,2021-06,Derbyshire Constabulary,Derbyshire Constabulary,-1.486125,52.910156,On or near Stone Hill Road,E01013483,Derby 016B,Anti-social behaviour,,
9f9f480b64fb4e0b49a6082bebe1eb298f7519b162347a42cbfe0dc27bce1e65,2021-06,Derbyshire Constabulary,Derbyshire Constabulary,-1.478069,52.913546,On or near Supermarket,E01013483,Derby 016B,Bicycle theft,Investigation complete; no suspect identified,
01889fdce67002a976424f39dec6c670d863b9a5231a050af1784ba8c5d04d0b,2021-06,Derbyshire Constabulary,Derbyshire Constabulary,-1.478069,52.913546,On or near Supermarket,E01013483,Derby 016B,Bicycle theft,Investigation complete; no suspect identified,
2959c12fc6a93dba8290b8371483d0cf21dcaac405ac2caa653b7b0c2f80f513,2021-06,Derbyshire Constabulary,Derbyshire Constabulary,-1.478069,52.913546,On or near Supermarket,E01013483,Derby 016B,Bicycle theft,Investigation complete; no suspect identified,
ba3ceebfa56700a4c7dcb8cef0e11f684b11958576d76a61470faa49e3c987ff,2021-06,Derbyshire Constabulary,Derbyshire Constabulary,-1.484365,52.911821,On or near Empress Road,E01013483,Derby 016B,Burglary,Investigation complete; no suspect identified,
76b97d0f0dfcb57d3114b673945e3211ddcaedb6098e4001faf548ce959dcacd,2021-06,Derbyshire Constabulary,Derbyshire Constabulary,-1.483074,52.910359,On or near Howard Street,E01013483,Derby 016B,Burglary,Investigation complete; no suspect identified,
988b1879958df565fc12bd266dd0f898f9dfa8761e28eeb9b5d842e89630a0e5,2021-06,Derbyshire Constabulary,Derbyshire Constabulary,-1.480198,52.913403,On or near Renals Street,E01013483,Derby 016B,Burglary,Investigation complete; no suspect identified,
8be86e256a076f4b4557813343573c2bccb429ed1024933788b59b2e42528200,2021-06,Derbyshire Constabulary,Derbyshire Constabulary,-1.483452,52.912338,On or near Mount Carmel Street,E01013483,Derby 016B,Burglary,Investigation complete; no suspect identified,
6ea45c762e2fe56d8d972569c46b701f9d60b6119f0568d1f7fa96c2fdedecb7,2021-06,Derbyshire Constabulary,Derbyshire Constabulary,-1.484365,52.911821,On or near Empress Road,E01013483,Derby 016B,Criminal damage and arson,Unable to prosecute suspect,
f31ab921e1c321ca2418c5b67efe059221d424ee4a222cada79aa7e9bff4ab45,2021-06,Derbyshire Constabulary,Derbyshire Constabulary,-1.488245,52.910651,On or near Vicarage Avenue,E01013483,Derby 016B,Criminal damage and arson,Investigation complete; no suspect identified,
c8c3ccf2138365ac47daca7c02f4439b74b6ab89e51d4c356d611652ab4ba134,2021-06,Derbyshire Constabulary,Derbyshire Constabulary,-1.481129,52.912571,On or near Mill Hill Road,E01013483,Derby 016B,Criminal damage and arson,Status update unavailable,
868136e57394286b76182e9ce292840e2c7b530ea448aa9ade195b86abd3a843,2021-06,Derbyshire Constabulary,Derbyshire Constabulary,-1.479342,52.914055,On or near Avondale Road,E01013483,Derby 016B,Criminal damage and arson,Investigation complete; no suspect identified,
da30fa6ff42c9de4c0a22af79297ed54d57a73ae9f1f2715d259fbe66614c632,2021-06,Derbyshire Constabulary,Derbyshire Constabulary,-1.484365,52.911821,On or near Empress Road,E01013483,Derby 016B,Criminal damage and arson,Investigation complete; no suspect identified,
fd08c307167454b40fb3bb5718c0dea79e3035037acf5531198a98450a789fb5,2021-06,Derbyshire Constabulary,Derbyshire Constabulary,-1.489854,52.910415,On or near Whitaker Road,E01013483,Derby 016B,Criminal damage and arson,Investigation complete; no suspect identified,
e0860efd1c6502c016faaf0965c2df5261375850832ffabc26c429619280269b,2021-06,Derbyshire Constabulary,Derbyshire Constabulary,-1.481129,52.912571,On or near Mill Hill Road,E01013483,Derby 016B,Criminal damage and arson,Further investigation is not in the public interest,
347e9749ddf6f24dddbc9003e2688c77e439009c77ea3097e2350e9732c003bd,2021-06,Derbyshire Constabulary,Derbyshire Constabulary,-1.484365,52.911821,On or near Empress Road,E01013483,Derby 016B,Criminal damage and arson,Unable to prosecute suspect,
f7ec8b0e158e41919ccaf2e3c3f366b5270bc45928b00f1dec0ceeae2d36f410,2021-06,Derbyshire Constabulary,Derbyshire Constabulary,-1.479342,52.914055,On or near Avondale Road,E01013483,Derby 016B,Criminal damage and arson,Investigation complete; no suspect identified,
12ca0de777d74c7bb7880d0dc43e62ae3befbef2f6726727eba8b5927494d2ca,2021-06,Derbyshire Constabulary,Derbyshire Constabulary,-1.480145,52.912782,On or near Salisbury Street,E01013483,Derby 016B,Drugs,Offender given a drugs possession warning,
7d4fea6b93b9b821fddf08dd3867e0c5de081706c7869414ed0eb0ad37685b2a,2021-06,Derbyshire Constabulary,Derbyshire Constabulary,-1.489854,52.910415,On or near Whitaker Road,E01013483,Derby 016B,Other theft,Investigation complete; no suspect identified,
d7e5628051e9b0d573d4f2a8a097ef634a450d86bb617143334723c9d38d458c,2021-06,Derbyshire Constabulary,Derbyshire Constabulary,-1.478069,52.913546,On or near Supermarket,E01013483,Derby 016B,Other theft,Investigation complete; no suspect identified,
3eb6a642b725184a281268009f6186443f8c898012abf7f63e6b4ca18a9ade40,2021-06,Derbyshire Constabulary,Derbyshire Constabulary,-1.483074,52.910359,On or near Howard Street,E01013483,Derby 016B,Public order,Status update unavailable,
861a3563e80768674b9120dbe593b1824074da19d7aeef66467ed1bd5c9ced94,2021-06,Derbyshire Constabulary,Derbyshire Constabulary,-1.479342,52.914055,On or near Avondale Road,E01013483,Derby 016B,Public order,Awaiting court outcome,
4874b14782d1865cbdd898139781387c54268468f82ac13bea1fd969138d935b,2021-06,Derbyshire Constabulary,Derbyshire Constabulary,-1.488915,52.909377,On or near St Chad'S Road,E01013483,Derby 016B,Public order,Unable to prosecute suspect,
bf7493016efae7498f91c73cdcba415644f9e7e7b40629590234d5c801733766,2021-06,Derbyshire Constabulary,Derbyshire Constabulary,-1.479342,52.914055,On or near Avondale Road,E01013483,Derby 016B,Public order,Investigation complete; no suspect identified,
00d1e3583cdd96759752b3f6a17f429aea33230c3cd0be089427b8aaf19443ad,2021-06,Derbyshire Constabulary,Derbyshire Constabulary,-1.478069,52.913546,On or near Supermarket,E01013483,Derby 016B,Shoplifting,Awaiting court outcome,
267a22cd2cb0f064ba86b612c5a34215de477652873b3dd25006f22d8767811f,2021-06,Derbyshire Constabulary,Derbyshire Constabulary,-1.478069,52.913546,On or near Supermarket,E01013483,Derby 016B,Shoplifting,Unable to prosecute suspect,
2c1f05a1fc18d8a4a97d22b5768c0cd361184f6ede243e90aadbc8df7e41f73a,2021-06,Derbyshire Constabulary,Derbyshire Constabulary,-1.478069,52.913546,On or near Supermarket,E01013483,Derby 016B,Shoplifting,Awaiting court outcome,
34f1530313d349d648eae1e336d607bf895a992a79c8e2f77a783418ec17e242,2021-06,Derbyshire Constabulary,Derbyshire Constabulary,-1.478069,52.913546,On or near Supermarket,E01013483,Derby 016B,Shoplifting,Investigation complete; no suspect identified,
ea26a3c266b0f2e5bd23537c9528d7715d304165cd37d64b6947ec7d6e9585ce,2021-06,Derbyshire Constabulary,Derbyshire Constabulary,-1.483074,52.910359,On or near Howard Street,E01013483,Derby 016B,Vehicle crime,Investigation complete; no suspect identified,
93f357528d607030af1886d21291398f38f6a477c5df0f618ef51108308919e6,2021-06,Derbyshire Constabulary,Derbyshire Constabulary,-1.480145,52.912782,On or near Salisbury Street,E01013483,Derby 016B,Vehicle crime,Investigation complete; no suspect identified,
a777289ee5b218b1418c81101c048e5d79a19d71338b26b1b7fe27c3ed827ecc,2021-06,Derbyshire Constabulary,Derbyshire Constabulary,-1.481129,52.912571,On or near Mill Hill Road,E01013483,Derby 016B,Violence and sexual offences,Unable to prosecute suspect,
d875aa0b3de4a6d99062d5007b0b7a7258ac45f3b4b7f7ceaf061ce57b8b50b3,2021-06,Derbyshire Constabulary,Derbyshire Constabulary,-1.481129,52.912571,On or near Mill Hill Road,E01013483,Derby 016B,Violence and sexual offences,Unable to prosecute suspect,
c88d7a367454c5e74614bfd886722e3f19a6dd1d4642ad315535ff7a6af570a6,2021-06,Derbyshire Constabulary,Derbyshire Constabulary,-1.481129,52.912571,On or near Mill Hill Road,E01013483,Derby 016B,Violence and sexual offences,Unable to prosecute suspect,
0102c181a6892110e9f092b2495316ce9dce8af09af6f324750f4a9e6b51293a,2021-06,Derbyshire Constabulary,Derbyshire Constabulary,-1.481129,52.912571,On or near Mill Hill Road,E01013483,Derby 016B,Violence and sexual offences,Unable to prosecute suspect,
0d646e2455a04ab009f1834555cc82e5f47c05a6495fd4df355914548a83a4f3,2021-06,Derbyshire Constabulary,Derbyshire Constabulary,-1.478069,52.913546,On or near Supermarket,E01013483,Derby 016B,Violence and sexual offences,Unable to prosecute suspect,
54da8626e4c227e18e4416a39f02f8196d806b3e22ba066c8292acc3523c1290,2021-06,Derbyshire Constabulary,Derbyshire Constabulary,-1.486125,52.910156,On or near Stone Hill Road,E01013483,Derby 016B,Violence and sexual offences,Unable to prosecute suspect,
332e626dcb2daff4cc142ae69d60649afb279431c3971c0d4de2cb7e09835454,2021-06,Derbyshire Constabulary,Derbyshire Constabulary,-1.482348,52.911381,On or near Gordon Road,E01013483,Derby 016B,Violence and sexual offences,Awaiting court outcome,
7c686c2afb5941da4026ed8058dfe1443ab45a480df91948131400c9dbb7b9d1,2021-06,Derbyshire Constabulary,Derbyshire Constabulary,-1.481129,52.912571,On or near Mill Hill Road,E01013483,Derby 016B,Violence and sexual offences,Status update unavailable,
f71eb7523f85dee3a20a2ff219e09bbba3bb0baab4105fe656228045267728eb,2021-06,Derbyshire Constabulary,Derbyshire Constabulary,-1.478069,52.913546,On or near Supermarket,E01013483,Derby 016B,Violence and sexual offences,Investigation complete; no suspect identified,
573050cfcee7e28f2941f62205d73ccf229a5e474cb0392f4a08ead19096fcb9,2021-06,Derbyshire Constabulary,Derbyshire Constabulary,-1.480145,52.912782,On or near Salisbury Street,E01013483,Derby 016B,Violence and sexual offences,Unable to prosecute suspect,
34c166e8bd2e2bbabb1f12b4560b2e20b4610573a41add6102f8dd1ba9e22a6e,2021-06,Derbyshire Constabulary,Derbyshire Constabulary,-1.478069,52.913546,On or near Supermarket,E01013483,Derby 016B,Violence and sexual offences,Unable to prosecute suspect,
01cc9feca5d7fce04f24bb38141d5db104f03be532104235c6280c724ecfa1dd,2021-06,Derbyshire Constabulary,Derbyshire Constabulary,-1.481256,52.911960,On or near Western Road,E01013483,Derby 016B,Violence and sexual offences,Unable to prosecute suspect,
2f72b4536a4bd2b9a5cb6e6e6d051dd84297def99687df4d893c659d8d8f4dd1,2021-06,Derbyshire Constabulary,Derbyshire Constabulary,-1.478069,52.913546,On or near Supermarket,E01013483,Derby 016B,Violence and sexual offences,Awaiting court outcome,
cc4975aecfc09baf175232fb6780228abf293d51b1803334cd468e1446ceae01,2021-06,Derbyshire Constabulary,Derbyshire Constabulary,-1.480934,52.911491,On or near Temple Street,E01013483,Derby 016B,Violence and sexual offences,Unable to prosecute suspect,
5c5980563c2d9dbcc907d08d7bf03ed2b85dee523b6f551279f4d8cfedbed9e1,2021-06,Derbyshire Constabulary,Derbyshire Constabulary,-1.478069,52.913546,On or near Supermarket,E01013483,Derby 016B,Violence and sexual offences,Status update unavailable,
d6578a067ed1d399c62cb895067cf8e2f3e2b913322a6e4466c14a36a90078c6,2021-06,Derbyshire Constabulary,Derbyshire Constabulary,-1.478069,52.913546,On or near Supermarket,E01013483,Derby 016B,Violence and sexual offences,Investigation complete; no suspect identified,
ac5a4dffb4e0ad2da4eaa039a3e0d94791c4009eadbf7e90634cd70b10d2f825,2021-06,Derbyshire Constabulary,Derbyshire Constabulary,-1.478476,52.913135,On or near Belgrave Street,E01013483,Derby 016B,Violence and sexual offences,Unable to prosecute suspect,
2d23cb401ff27ddc5407da70d13c0bdbfd1ea43d66a0b7c04e467f4a65bac53e,2021-06,Derbyshire Constabulary,Derbyshire Constabulary,-1.479342,52.914055,On or near Avondale Road,E01013483,Derby 016B,Violence and sexual offences,Investigation complete; no suspect identified,
f76f08c4ac6c064aa2d7a3cea9d8e6e2ebd8c94de3a31933664db8875f9ab0fd,2021-06,Derbyshire Constabulary,Derbyshire Constabulary,-1.483074,52.910359,On or near Howard Street,E01013483,Derby 016B,Violence and sexual offences,Local resolution,
,2021-06,Derbyshire Constabulary,Derbyshire Constabulary,-1.480881,52.910961,On or near Provident Street,E01013485,Derby 016C,Anti-social behaviour,,
,2021-06,Derbyshire Constabulary,Derbyshire Constabulary,-1.482564,52.909476,On or near Northumberland Street,E01013485,Derby 016C,Anti-social behaviour,,
,2021-06,Derbyshire Constabulary,Derbyshire Constabulary,-1.480544,52.910510,On or near Society Place,E01013485,Derby 016C,Anti-social behaviour,,
,2021-06,Derbyshire Constabulary,Derbyshire Constabulary,-1.484799,52.909135,On or near Cromwell Road,E01013485,Derby 016C,Anti-social behaviour,,
,2021-06,Derbyshire Constabulary,Derbyshire Constabulary,-1.480544,52.910510,On or near Society Place,E01013485,Derby 016C,Anti-social behaviour,,
,2021-06,Derbyshire Constabulary,Derbyshire Constabulary,-1.480881,52.910961,On or near Provident Street,E01013485,Derby 016C,Anti-social behaviour,,
,2021-06,Derbyshire Constabulary,Derbyshire Constabulary,-1.480881,52.910961,On or near Provident Street,E01013485,Derby 016C,Anti-social behaviour,,
,2021-06,Derbyshire Constabulary,Derbyshire Constabulary,-1.480544,52.910510,On or near Society Place,E01013485,Derby 016C,Anti-social behaviour,,
,2021-06,Derbyshire Constabulary,Derbyshire Constabulary,-1.482564,52.909476,On or near Northumberland Street,E01013485,Derby 016C,Anti-social behaviour,,
,2021-06,Derbyshire Constabulary,Derbyshire Constabulary,-1.480804,52.908704,On or near Lower Dale Road,E01013485,Derby 016C,Anti-social behaviour,,
f214b24f635064c40b082c275d7d2caa551ce2c1a703c47172447e0a96829566,2021-06,Derbyshire Constabulary,Derbyshire Constabulary,-1.483949,52.909320,On or near Byron Street,E01013485,Derby 016C,Criminal damage and arson,Unable to prosecute suspect,
5011e5ae98a5b19f1915ce176a0f9d165c5d0170bf20fb855dadbe5573f0764c,2021-06,Derbyshire Constabulary,Derbyshire Constabulary,-1.484799,52.909135,On or near Cromwell Road,E01013485,Derby 016C,Criminal damage and arson,Local resolution,
ef5b1df548f9353810065d53c6a4f340e0173e46263e743baefa19929558031e,2021-06,Derbyshire Constabulary,Derbyshire Constabulary,-1.485693,52.911476,On or near Breedon Hill Road,E01013485,Derby 016C,Drugs,Formal action is not in the public interest,
4c31c0483875a17eb665e59df7bfc9be69cd435269a975128f1573eeea8583ce,2021-06,Derbyshire Constabulary,Derbyshire Constabulary,-1.480881,52.910961,On or near Provident Street,E01013485,Derby 016C,Drugs,Status update unavailable,
e7b23374f3bc116cd5e43257a60c0f328f2311eaca0a1c003822844642692441,2021-06,Derbyshire Constabulary,Derbyshire Constabulary,-1.482564,52.909476,On or near Northumberland Street,E01013485,Derby 016C,Other theft,Investigation complete; no suspect identified,
c43a22db5a6c3b0ec8485a65d229b593043f2cbde365fd417d5cb4f5616baaac,2021-06,Derbyshire Constabulary,Derbyshire Constabulary,-1.485693,52.911476,On or near Breedon Hill Road,E01013485,Derby 016C,Violence and sexual offences,Unable to prosecute suspect,
1a9a0e43ae9159c6a0aef8f268970258b146ebbea51b34f6e9deacedc845aa47,2021-06,Derbyshire Constabulary,Derbyshire Constabulary,-1.480881,52.910961,On or near Provident Street,E01013485,Derby 016C,Violence and sexual offences,Unable to prosecute suspect,
04cd01c3f2de489ffa2a7ebe84e46909b4f18fa01e4d4a143076493e8948c546,2021-06,Derbyshire Constabulary,Derbyshire Constabulary,-1.483949,52.909320,On or near Byron Street,E01013485,Derby 016C,Violence and sexual offences,Unable to prosecute suspect,
1245fbbc35926de78efb11255ba0e8355eabf8984cd8e234453d443e25ea11d7,2021-06,Derbyshire Constabulary,Derbyshire Constabulary,-1.483949,52.909320,On or near Byron Street,E01013485,Derby 016C,Violence and sexual offences,Unable to prosecute suspect,
239318568d74ba6b4bc0694cec25132b7675f30d7371a1c6c6b135d996a8ac67,2021-06,Derbyshire Constabulary,Derbyshire Constabulary,-1.485693,52.911476,On or near Breedon Hill Road,E01013485,Derby 016C,Violence and sexual offences,Unable to prosecute suspect,
178e0d5626cf5e7ee1af341eebd0a4a805e58819c7815f91d6b2dd8e7bdd6ed0,2021-06,Derbyshire Constabulary,Derbyshire Constabulary,-1.480544,52.910510,On or near Society Place,E01013485,Derby 016C,Violence and sexual offences,Awaiting court outcome,
4bfde414f04cd68d508636ee983645b90fdf0de011d22d407b592f8864dfcd96,2021-06,Derbyshire Constabulary,Derbyshire Constabulary,-1.480544,52.910510,On or near Society Place,E01013485,Derby 016C,Violence and sexual offences,Unable to prosecute suspect,
d7db1f6f88604d26874049a6d286095d5ac30594a24481391a4cb1d251b3fa59,2021-06,Derbyshire Constabulary,Derbyshire Constabulary,-1.480804,52.908704,On or near Lower Dale Road,E01013485,Derby 016C,Violence and sexual offences,Awaiting court outcome,
dc50a6a141432333db8758b3a0f74ab1b731b6e29ce156ca7c5b93a7fc77b2aa,2021-06,Derbyshire Constabulary,Derbyshire Constabulary,-1.480544,52.910510,On or near Society Place,E01013485,Derby 016C,Violence and sexual offences,Unable to prosecute suspect,
257a5b3da4e4b1ccc5274572933209003a7e21ed7ab453a16f5d6417742d0636,2021-06,Derbyshire Constabulary,Derbyshire Constabulary,-1.480544,52.910510,On or near Society Place,E01013485,Derby 016C,Violence and sexual offences,Awaiting court outcome,
83bbade96bdc6981d0d9082cfeb8b49f4d665fcd759e310d1232abf010d571ad,2021-06,Derbyshire Constabulary,Derbyshire Constabulary,-1.480544,52.910510,On or near Society Place,E01013485,Derby 016C,Violence and sexual offences,Investigation complete; no suspect identified,
de8a82fa970881ce845acaf17aa513ca5ac0fcf42c4de4f015fd471900b8ee95,2021-06,Derbyshire Constabulary,Derbyshire Constabulary,-1.481863,52.909635,On or near Darby Street,E01013485,Derby 016C,Violence and sexual offences,Unable to prosecute suspect,
b8e8fe3725520822ab17f3eda6e5f2d3a6f68a985480cb6f7e00b68de49e2a60,2021-06,Derbyshire Constabulary,Derbyshire Constabulary,-1.480881,52.910961,On or near Provident Street,E01013485,Derby 016C,Other crime,Investigation complete; no suspect identified,
,2021-06,Derbyshire Constabulary,Derbyshire Constabulary,-1.489997,52.907072,On or near Overdale Road,E01013565,Derby 016D,Anti-social behaviour,,
,2021-06,Derbyshire Constabulary,Derbyshire Constabulary,-1.487346,52.908732,On or near Hamilton Road,E01013565,Derby 016D,Anti-social behaviour,,
,2021-06,Derbyshire Constabulary,Derbyshire Constabulary,-1.485951,52.907279,On or near Porter Road,E01013565,Derby 016D,Anti-social behaviour,,
b27f230c1f3c07b72b3810d1a2b10fae91febbb8067867d1df7e1183dc2e4d8a,2021-06,Derbyshire Constabulary,Derbyshire Constabulary,-1.486236,52.905797,On or near Stanton Street,E01013565,Derby 016D,Burglary,Investigation complete; no suspect identified,
f0e0a7a2862468d5e0e90a219783839910cd6c68e54d3e7a10df92abe6668f35,2021-06,Derbyshire Constabulary,Derbyshire Constabulary,-1.485951,52.907279,On or near Porter Road,E01013565,Derby 016D,Criminal damage and arson,Investigation complete; no suspect identified,
b02e0efa30e82380dfcc45864deb0a413895431d85bcfab3b9262d58200b4960,2021-06,Derbyshire Constabulary,Derbyshire Constabulary,-1.485951,52.907279,On or near Porter Road,E01013565,Derby 016D,Criminal damage and arson,Investigation complete; no suspect identified,
97b3957c8ff8c3ed07226d1ec10a378dc5edafe7e00a7162fa96c87ecfadc491,2021-06,Derbyshire Constabulary,Derbyshire Constabulary,-1.485951,52.907279,On or near Porter Road,E01013565,Derby 016D,Drugs,Status update unavailable,
625a9cee43f94bfb8d592abe284689341c4e5f70889bddf177b43b387a428b79,2021-06,Derbyshire Constabulary,Derbyshire Constabulary,-1.487346,52.908732,On or near Hamilton Road,E01013565,Derby 016D,Drugs,Investigation complete; no suspect identified,
a22819ec6c6000a01b8fcfd970a9c93811de80a397542b0f9b1c36890e46694f,2021-06,Derbyshire Constabulary,Derbyshire Constabulary,-1.485951,52.907279,On or near Porter Road,E01013565,Derby 016D,Other theft,Status update unavailable,
2754e2779c681f6965506049cc106daefe5cc67638c18d55d90e8a35125d8116,2021-06,Derbyshire Constabulary,Derbyshire Constabulary,-1.485951,52.907279,On or near Porter Road,E01013565,Derby 016D,Public order,Unable to prosecute suspect,
ff044ddf4a3b60a78dcd3d6a31815aee73ef08ca67e30a3a093958c3a1c3a42a,2021-06,Derbyshire Constabulary,Derbyshire Constabulary,-1.485951,52.907279,On or near Porter Road,E01013565,Derby 016D,Theft from the person,Unable to prosecute suspect,
eeb0ad3b7a1f0e34dbba23dab8282194c5cd50b9e0aed72bb968bd1e87fbec9f,2021-06,Derbyshire Constabulary,Derbyshire Constabulary,-1.486467,52.908846,On or near Fairfax Road,E01013565,Derby 016D,Theft from the person,Unable to prosecute suspect,
c27ca10d4d93a6ed84877bd0e7ec14b3908e9be087fc803101e4e4dda5e0c995,2021-06,Derbyshire Constabulary,Derbyshire Constabulary,-1.486236,52.905797,On or near Stanton Street,E01013565,Derby 016D,Violence and sexual offences,Unable to prosecute suspect,
f675556b575274220b84ec7c308a75bc636be97705e422edcaface9f445b9145,2021-06,Derbyshire Constabulary,Derbyshire Constabulary,-1.485699,52.905948,On or near Clarence Road,E01013565,Derby 016D,Violence and sexual offences,Status update unavailable,
394c8315e3a58f8f37776564480ee2467ed5394b14d994c2b1ac4cbccc340799,2021-06,Derbyshire Constabulary,Derbyshire Constabulary,-1.488912,52.905836,On or near Haddon Street,E01013565,Derby 016D,Violence and sexual offences,Unable to prosecute suspect,
08ab6df260a59641a29ac2b476c1be770e94725a41b3c68d5c8dc81caa5b4a19,2021-06,Derbyshire Constabulary,Derbyshire Constabulary,-1.486467,52.908846,On or near Fairfax Road,E01013565,Derby 016D,Violence and sexual offences,Awaiting court outcome,
fb042bcec92706c33020590fc0a746e4f93a94e3f5101c38860e7971a973ef0a,2021-06,Derbyshire Constabulary,Derbyshire Constabulary,-1.488912,52.905836,On or near Haddon Street,E01013565,Derby 016D,Violence and sexual offences,Investigation complete; no suspect identified,
9f6d8e20da813a14826127f3e10ac9f9ad93a4d1ed7cbfab7583de6d007d047b,2021-06,Derbyshire Constabulary,Derbyshire Constabulary,-1.485951,52.907279,On or near Porter Road,E01013565,Derby 016D,Other crime,Unable to prosecute suspect,
,2021-06,Derbyshire Constabulary,Derbyshire Constabulary,-1.480524,52.907202,On or near Stanhope Street,E01013566,Derby 016E,Anti-social behaviour,,
,2021-06,Derbyshire Constabulary,Derbyshire Constabulary,-1.484527,52.906985,On or near Thorn Street,E01013566,Derby 016E,Anti-social behaviour,,
,2021-06,Derbyshire Constabulary,Derbyshire Constabulary,-1.482783,52.907319,On or near Dale Road,E01013566,Derby 016E,Anti-social behaviour,,
,2021-06,Derbyshire Constabulary,Derbyshire Constabulary,-1.483547,52.906846,On or near Woolrych Street,E01013566,Derby 016E,Anti-social behaviour,,
,2021-06,Derbyshire Constabulary,Derbyshire Constabulary,-1.479366,52.908320,On or near Charlotte Street,E01013566,Derby 016E,Anti-social behaviour,,
,2021-06,Derbyshire Constabulary,Derbyshire Constabulary,-1.482296,52.908270,On or near Fairdene,E01013566,Derby 016E,Anti-social behaviour,,
,2021-06,Derbyshire Constabulary,Derbyshire Constabulary,-1.481696,52.904959,On or near Crewe Street,E01013566,Derby 016E,Anti-social behaviour,,
,2021-06,Derbyshire Constabulary,Derbyshire Constabulary,-1.482783,52.907319,On or near Dale Road,E01013566,Derby 016E,Anti-social behaviour,,
,2021-06,Derbyshire Constabulary,Derbyshire Constabulary,-1.481696,52.904959,On or near Crewe Street,E01013566,Derby 016E,Anti-social behaviour,,
,2021-06,Derbyshire Constabulary,Derbyshire Constabulary,-1.479366,52.908320,On or near Charlotte Street,E01013566,Derby 016E,Anti-social behaviour,,
,2021-06,Derbyshire Constabulary,Derbyshire Constabulary,-1.479366,52.908320,On or near Charlotte Street,E01013566,Derby 016E,Anti-social behaviour,,
,2021-06,Derbyshire Constabulary,Derbyshire Constabulary,-1.479366,52.908320,On or near Charlotte Street,E01013566,Derby 016E,Anti-social behaviour,,
,2021-06,Derbyshire Constabulary,Derbyshire Constabulary,-1.484527,52.906985,On or near Thorn Street,E01013566,Derby 016E,Anti-social behaviour,,
,2021-06,Derbyshire Constabulary,Derbyshire Constabulary,-1.481272,52.908122,On or near Rawdon Street,E01013566,Derby 016E,Anti-social behaviour,,
57c4a068316a1154797a9ca209104b6936d5422ff90f9986247b9f956266001f,2021-06,Derbyshire Constabulary,Derbyshire Constabulary,-1.483547,52.906846,On or near Woolrych Street,E01013566,Derby 016E,Criminal damage and arson,Investigation complete; no suspect identified,
89de8f763bfbe52dd274082841e506805da56531df45e82502ed90934989d8ac,2021-06,Derbyshire Constabulary,Derbyshire Constabulary,-1.479535,52.906640,On or near Dover Street,E01013566,Derby 016E,Criminal damage and arson,Awaiting court outcome,
a41bdaaac4895aeb2bcb9e8487b700fca8565994032c87b45b0cebae10780666,2021-06,Derbyshire Constabulary,Derbyshire Constabulary,-1.483547,52.906846,On or near Woolrych Street,E01013566,Derby 016E,Criminal damage and arson,Investigation complete; no suspect identified,
8e79b6ce93998403970802385a64b0f76ad5b6175597a1614a4cb27facc4f581,2021-06,Derbyshire Constabulary,Derbyshire Constabulary,-1.479535,52.906640,On or near Dover Street,E01013566,Derby 016E,Criminal damage and arson,Investigation complete; no suspect identified,
fd32f8af4c08a67d221bd414c787ea29c5e428a8f989efca5c4cc821a99d45b0,2021-06,Derbyshire Constabulary,Derbyshire Constabulary,-1.480701,52.906106,On or near Hastings Street,E01013566,Derby 016E,Other theft,Investigation complete; no suspect identified,
ba0d75320980096b167b30ca58a2e307783fe4c35733b7b3e6c4b2122ab86288,2021-06,Derbyshire Constabulary,Derbyshire Constabulary,-1.478015,52.906930,On or near Pear Tree Road,E01013566,Derby 016E,Other theft,Unable to prosecute suspect,
59bc9fdcea7030293d90a5ae81f9a1f50ba9a196009fdb77a456c09c7d963a13,2021-06,Derbyshire Constabulary,Derbyshire Constabulary,-1.484527,52.906985,On or near Thorn Street,E01013566,Derby 016E,Other theft,Investigation complete; no suspect identified,
85ba32618398ae384bcd442ac0b08325aa6430151badf41bae570e9f4c73b87d,2021-06,Derbyshire Constabulary,Derbyshire Constabulary,-1.481696,52.904959,On or near Crewe Street,E01013566,Derby 016E,Other theft,Investigation complete; no suspect identified,
f4ae48a0011f9dac1175dd333ab769e8e5ae315fd1786a775f2f6c081ec31628,2021-06,Derbyshire Constabulary,Derbyshire Constabulary,-1.483547,52.906846,On or near Woolrych Street,E01013566,Derby 016E,Other theft,Investigation complete; no suspect identified,
39b7bce54d52a6a52e1f0a1ce89406d9122b1b72cf2ee7fec78482b6fd82796e,2021-06,Derbyshire Constabulary,Derbyshire Constabulary,-1.478015,52.906930,On or near Pear Tree Road,E01013566,Derby 016E,Public order,Investigation complete; no suspect identified,
3f6d0545961f4a0ece591a4e37570aaee3834fe29764fed0937eeaebaeadab8a,2021-06,Derbyshire Constabulary,Derbyshire Constabulary,-1.479535,52.906640,On or near Dover Street,E01013566,Derby 016E,Public order,Awaiting court outcome,
991ec25431be069c9ddd4b0f81b015f8a99765d1050efaa4225ae7c58ed2797f,2021-06,Derbyshire Constabulary,Derbyshire Constabulary,-1.480362,52.905852,On or near St James' Road,E01013566,Derby 016E,Public order,Investigation complete; no suspect identified,
bc20e250e36db58b310d59e69747d1e795f03b6b4f79a1f42b509281455ae8b1,2021-06,Derbyshire Constabulary,Derbyshire Constabulary,-1.479366,52.908320,On or near Charlotte Street,E01013566,Derby 016E,Public order,Status update unavailable,
d7b6d60dd220d97e269c79772631cf9304fe4409428918cb502de00487e5b09f,2021-06,Derbyshire Constabulary,Derbyshire Constabulary,-1.480362,52.905852,On or near St James' Road,E01013566,Derby 016E,Vehicle crime,Status update unavailable,
21a0bcabaf0ee430a1bea057d3e30e5fdda31eecf2c8a60603c131926e3ba408,2021-06,Derbyshire Constabulary,Derbyshire Constabulary,-1.480524,52.907202,On or near Stanhope Street,E01013566,Derby 016E,Vehicle crime,Investigation complete; no suspect identified,
778932e12b0ab8ecde4a90b80f62ad69c9f9a975c45fc9f27329b0f191247908,2021-06,Derbyshire Constabulary,Derbyshire Constabulary,-1.478241,52.906652,On or near Parking Area,E01013566,Derby 016E,Violence and sexual offences,Unable to prosecute suspect,
73b4d868c748ff6db659dadb470697110f1d371b99fca66f1b4986b12e2bf964,2021-06,Derbyshire Constabulary,Derbyshire Constabulary,-1.479535,52.906640,On or near Dover Street,E01013566,Derby 016E,Violence and sexual offences,Awaiting court outcome,
df86c75570935565f3d5656f9ddee449029ec7cc29d0e4f897135a3422f4421a,2021-06,Derbyshire Constabulary,Derbyshire Constabulary,-1.483547,52.906846,On or near Woolrych Street,E01013566,Derby 016E,Violence and sexual offences,Status update unavailable,
457ec230b5bde643a6678595dc7e481523133b0b004cd2987f60457fbbb61b84,2021-06,Derbyshire Constabulary,Derbyshire Constabulary,-1.479535,52.906640,On or near Dover Street,E01013566,Derby 016E,Violence and sexual offences,Unable to prosecute suspect,
d42940c3dc0ebe212e051883dbf27831895af812205577e0e905f48fe2cd67a3,2021-06,Derbyshire Constabulary,Derbyshire Constabulary,-1.479535,52.906640,On or near Dover Street,E01013566,Derby 016E,Violence and sexual offences,Unable to prosecute suspect,
431c64f4ba5b32f92411ac6a1638243a40c80daedf8983116c011105c7905407,2021-06,Derbyshire Constabulary,Derbyshire Constabulary,-1.480631,52.908218,On or near Church Street,E01013566,Derby 016E,Violence and sexual offences,Unable to prosecute suspect,
90e6807365c82559cdf4a108220cec795912ca223c58ec8d5a074d0115fe60c2,2021-06,Derbyshire Constabulary,Derbyshire Constabulary,-1.483143,52.908301,On or near Lower Dale Road,E01013566,Derby 016E,Violence and sexual offences,Offender given a caution,
8dff4ebafee9a4516d3d7d83a3f8495eb8d0e30743464b83cd1c93ecdbb38d38,2021-06,Derbyshire Constabulary,Derbyshire Constabulary,-1.483143,52.908301,On or near Lower Dale Road,E01013566,Derby 016E,Violence and sexual offences,Unable to prosecute suspect,
c526185d4f3267790fac7c1a767499f6daa54069d3bb14a0162075addd3ad0db,2021-06,Derbyshire Constabulary,Derbyshire Constabulary,-1.479366,52.908320,On or near Charlotte Street,E01013566,Derby 016E,Violence and sexual offences,Status update unavailable,
d0751e8f4d462b2cb0becf717579bb1b7bf0ef611dc4b8591db84896893be075,2021-06,Derbyshire Constabulary,Derbyshire Constabulary,-1.480524,52.907202,On or near Stanhope Street,E01013566,Derby 016E,Violence and sexual offences,Unable to prosecute suspect,
eaf0c6731a026830d2861d49ae878679a5c14dbdc9f8c4a4159e919dbcccf2aa,2021-06,Derbyshire Constabulary,Derbyshire Constabulary,-1.483547,52.906846,On or near Woolrych Street,E01013566,Derby 016E,Violence and sexual offences,Unable to prosecute suspect,
4465391344b30e83c8b305d75f76cfc94aef808d096a3e9ce98a50ff3b85c051,2021-06,Derbyshire Constabulary,Derbyshire Constabulary,-1.483547,52.906846,On or near Woolrych Street,E01013566,Derby 016E,Violence and sexual offences,Status update unavailable,
24e3798af3a9a17a263c04e4fbc2166f70b1eb1d9d35266c66b1a94db197286b,2021-06,Derbyshire Constabulary,Derbyshire Constabulary,-1.483547,52.906846,On or near Woolrych Street,E01013566,Derby 016E,Violence and sexual offences,Status update unavailable,
f85836d38524babbbb2628bc34462b6d334ec84923bdb45a98fb53f42244e7f3,2021-06,Derbyshire Constabulary,Derbyshire Constabulary,-1.483547,52.906846,On or near Woolrych Street,E01013566,Derby 016E,Violence and sexual offences,Unable to prosecute suspect,
d1e59b395ac60cc8f3c9ad23ae87212f1232111860a47073de29d11113b5daa4,2021-06,Derbyshire Constabulary,Derbyshire Constabulary,-1.479535,52.906640,On or near Dover Street,E01013566,Derby 016E,Violence and sexual offences,Status update unavailable,
df024dca512e05d09b9b12ebe50b5917b3e8af037ecb815dc237555e3741eb22,2021-06,Derbyshire Constabulary,Derbyshire Constabulary,-1.480631,52.908218,On or near Church Street,E01013566,Derby 016E,Violence and sexual offences,Unable to prosecute suspect,
084c46d4c72854bf2a0b8aeb948166f2332f60cfe2f4c0d383baf606b425caf8,2021-06,Derbyshire Constabulary,Derbyshire Constabulary,-1.479366,52.908320,On or near Charlotte Street,E01013566,Derby 016E,Violence and sexual offences,Local resolution,
a8e2a6934c78850b19790c8a6ae279a423c07e2a1468c3ad50fe5726e3cd86fd,2021-06,Derbyshire Constabulary,Derbyshire Constabulary,-1.480362,52.905852,On or near St James' Road,E01013566,Derby 016E,Violence and sexual offences,Investigation complete; no suspect identified,
a094c7aa1738030f2265ef45a9d187971b60a6c09f3b13c582b79958e3d723a9,2021-06,Derbyshire Constabulary,Derbyshire Constabulary,-1.480362,52.905852,On or near St James' Road,E01013566,Derby 016E,Violence and sexual offences,Unable to prosecute suspect,
91817eda5e60f7b553b48a54abaeac932893744d1791396d1c6a7d4a9326b985,2021-06,Derbyshire Constabulary,Derbyshire Constabulary,-1.483547,52.906846,On or near Woolrych Street,E01013566,Derby 016E,Other crime,Unable to prosecute suspect,
,2021-06,Derbyshire Constabulary,Derbyshire Constabulary,-1.506470,52.916364,On or near California Gardens,E01013455,Derby 017A,Anti-social behaviour,,
,2021-06,Derbyshire Constabulary,Derbyshire Constabulary,-1.507188,52.921267,On or near Petrol Station,E01013455,Derby 017A,Anti-social behaviour,,
,2021-06,Derbyshire Constabulary,Derbyshire Constabulary,-1.501315,52.912019,On or near St David'S Close,E01013455,Derby 017A,Anti-social behaviour,,
,2021-06,Derbyshire Constabulary,Derbyshire Constabulary,-1.507188,52.921267,On or near Petrol Station,E01013455,Derby 017A,Anti-social behaviour,,
,2021-06,Derbyshire Constabulary,Derbyshire Constabulary,-1.506470,52.916364,On or near California Gardens,E01013455,Derby 017A,Anti-social behaviour,,
4e01e6a9a4855bb31501ebc8a67d79197ff3bab6a2c812e66bac809b2612458d,2021-06,Derbyshire Constabulary,Derbyshire Constabulary,-1.505043,52.918965,On or near Mayvale Grove,E01013455,Derby 017A,Drugs,Offender given a caution,
e84ad610cc139fe6216b8960b22df7469af447131bca82d220de83e7f98e902d,2021-06,Derbyshire Constabulary,Derbyshire Constabulary,-1.507188,52.921267,On or near Petrol Station,E01013455,Derby 017A,Other theft,Investigation complete; no suspect identified,
ecb590ea0cf01522b91c4f3ad9192b8416d8770f27895b15726806421dfcfe75,2021-06,Derbyshire Constabulary,Derbyshire Constabulary,-1.506470,52.916364,On or near California Gardens,E01013455,Derby 017A,Other theft,Investigation complete; no suspect identified,
7a624eefc991c70c857678326ecc86c281444f67aaaf9c6096e8deb71a6ffb47,2021-06,Derbyshire Constabulary,Derbyshire Constabulary,-1.507188,52.921267,On or near Petrol Station,E01013455,Derby 017A,Other theft,Status update unavailable,
fb6c91393b13b73d389f7febb99c5470edfe481845aded839315fec92b53326d,2021-06,Derbyshire Constabulary,Derbyshire Constabulary,-1.507188,52.921267,On or near Petrol Station,E01013455,Derby 017A,Other theft,Investigation complete; no suspect identified,
e5b926a6192437e003d67c05fb5bdcac9b1ccab7416ad8027ed89725bd93681b,2021-06,Derbyshire Constabulary,Derbyshire Constabulary,-1.507188,52.921267,On or near Petrol Station,E01013455,Derby 017A,Other theft,Investigation complete; no suspect identified,
8e2ec002b91ab7a8d9c4dd87c56fa09ca6e542e2af4b9f05d39ee553827d129d,2021-06,Derbyshire Constabulary,Derbyshire Constabulary,-1.512587,52.921298,On or near Kingsway,E01013455,Derby 017A,Public order,Unable to prosecute suspect,
a45129acfee4ca34f2a15fb823f69b71bcba965dc1f9ff7063f650f7df54fa7e,2021-06,Derbyshire Constabulary,Derbyshire Constabulary,-1.506470,52.916364,On or near California Gardens,E01013455,Derby 017A,Public order,Unable to prosecute suspect,
3babf480bbe8f16054026d57c841831fe55b65198c34d793f7ae0369847f995d,2021-06,Derbyshire Constabulary,Derbyshire Constabulary,-1.506470,52.916364,On or near California Gardens,E01013455,Derby 017A,Public order,Unable to prosecute suspect,
301e5e29063d01b747ed4049430539ae69bf9f851b0fe12c760ba43eecd5b8f0,2021-06,Derbyshire Constabulary,Derbyshire Constabulary,-1.507188,52.921267,On or near Petrol Station,E01013455,Derby 017A,Public order,Unable to prosecute suspect,
287132a17dc34bf5c426ccf9136d1df487e7c314e75d7850692e8d4a35149116,2021-06,Derbyshire Constabulary,Derbyshire Constabulary,-1.507188,52.921267,On or near Petrol Station,E01013455,Derby 017A,Public order,Awaiting court outcome,
9dc58c23c84031cb31e1a69b278c8c26aa6372acc774f10ba924fe8abd59df21,2021-06,Derbyshire Constabulary,Derbyshire Constabulary,-1.496816,52.912701,On or near Bedford Close,E01013455,Derby 017A,Public order,Unable to prosecute suspect,
27ba3afae1f77cc0f419b7fd342ea821e2e86229553fba6c7a8b3f907502899c,2021-06,Derbyshire Constabulary,Derbyshire Constabulary,-1.507188,52.921267,On or near Petrol Station,E01013455,Derby 017A,Public order,Awaiting court outcome,
611fde1b95d8c4e1e770be73e2c2ae20ce207c5fa3bd19a6ee3a8e34697b486f,2021-06,Derbyshire Constabulary,Derbyshire Constabulary,-1.507188,52.921267,On or near Petrol Station,E01013455,Derby 017A,Shoplifting,Awaiting court outcome,
9d4129b37e19cbfcc8e5008b1633e1edec42268a540c105005011de40478c50b,2021-06,Derbyshire Constabulary,Derbyshire Constabulary,-1.507188,52.921267,On or near Petrol Station,E01013455,Derby 017A,Shoplifting,Investigation complete; no suspect identified,
5d2cff431a25c8cb8d404b66dd2f26f71b92dac04d36ba1444519d2d393481d9,2021-06,Derbyshire Constabulary,Derbyshire Constabulary,-1.507188,52.921267,On or near Petrol Station,E01013455,Derby 017A,Shoplifting,Awaiting court outcome,
b99f34d07bbdcbb9cde3e846605676a630aae556a2c1442f73c3a75df05aad6f,2021-06,Derbyshire Constabulary,Derbyshire Constabulary,-1.507188,52.921267,On or near Petrol Station,E01013455,Derby 017A,Shoplifting,Investigation complete; no suspect identified,
6b034842f45caf3151929f8d9b3b582b995a21f53280a46113a8154a45cc181c,2021-06,Derbyshire Constabulary,Derbyshire Constabulary,-1.504209,52.919079,On or near Yoxall Drive,E01013455,Derby 017A,Shoplifting,Investigation complete; no suspect identified,
bd10e8c66e9c1c3c92f10bd5fe00bb9a919f7a4ba6c69b120617b7204f154eb1,2021-06,Derbyshire Constabulary,Derbyshire Constabulary,-1.507188,52.921267,On or near Petrol Station,E01013455,Derby 017A,Shoplifting,Status update unavailable,
468221cc5b6cee07f2cd02ae378916e677c6a14bcb8f0df3f7e0a05f15e335d4,2021-06,Derbyshire Constabulary,Derbyshire Constabulary,-1.505311,52.913726,On or near St Cuthbert'S Road,E01013455,Derby 017A,Violence and sexual offences,Local resolution,
9bc450bcefaf8bd43d10bd12b558b073bb6fb9c0973f971415f5d6fd3f95afa9,2021-06,Derbyshire Constabulary,Derbyshire Constabulary,-1.505043,52.918965,On or near Mayvale Grove,E01013455,Derby 017A,Violence and sexual offences,Unable to prosecute suspect,
24edf8fe68e28098edee7781b1449aa2c1530b53b5af1c489238328d13dd7962,2021-06,Derbyshire Constabulary,Derbyshire Constabulary,-1.507188,52.921267,On or near Petrol Station,E01013455,Derby 017A,Violence and sexual offences,Awaiting court outcome,
ddf2b0b2cc27a8543c0547f2234123986ee9f394a2a0b73f054385080e4f79fc,2021-06,Derbyshire Constabulary,Derbyshire Constabulary,-1.507188,52.921267,On or near Petrol Station,E01013455,Derby 017A,Violence and sexual offences,Awaiting court outcome,
99df5532f93b04b4a4e9e26a6f379e38a960f21dca2f33f82f0d4fdf9d5b2b89,2021-06,Derbyshire Constabulary,Derbyshire Constabulary,-1.506470,52.916364,On or near California Gardens,E01013455,Derby 017A,Violence and sexual offences,Unable to prosecute suspect,
50a5cd89c336e260fb9fa4cb674684ab3c4ead5b0b0fd80276ad0f0dfbee5eda,2021-06,Derbyshire Constabulary,Derbyshire Constabulary,-1.506470,52.916364,On or near California Gardens,E01013455,Derby 017A,Violence and sexual offences,Unable to prosecute suspect,
9f3c06344b59a026094f8a559c90b3e7583e6479eaf77acfa744756858fc13ff,2021-06,Derbyshire Constabulary,Derbyshire Constabulary,-1.501315,52.912019,On or near St David'S Close,E01013455,Derby 017A,Violence and sexual offences,Unable to prosecute suspect,
3a3751dff58b2150fac3cb03d380871ed263b2fea1e2f57fe83c72f4ca62236e,2021-06,Derbyshire Constabulary,Derbyshire Constabulary,-1.506470,52.916364,On or near California Gardens,E01013455,Derby 017A,Violence and sexual offences,Unable to prosecute suspect,
5d59bfc68683c5f4d89449bd6599b6a50a4ac1705dc9ec4eb224b9383898ec56,2021-06,Derbyshire Constabulary,Derbyshire Constabulary,-1.496816,52.912701,On or near Bedford Close,E01013455,Derby 017A,Violence and sexual offences,Unable to prosecute suspect,
,2021-06,Derbyshire Constabulary,Derbyshire Constabulary,-1.498758,52.905509,On or near Warwick Avenue,E01013458,Derby 017B,Anti-social behaviour,,
,2021-06,Derbyshire Constabulary,Derbyshire Constabulary,-1.488996,52.911337,On or near Vicarage Avenue,E01013458,Derby 017B,Anti-social behaviour,,
,2021-06,Derbyshire Constabulary,Derbyshire Constabulary,-1.498966,52.910661,On or near St Clare'S Close,E01013458,Derby 017B,Anti-social behaviour,,
,2021-06,Derbyshire Constabulary,Derbyshire Constabulary,-1.488996,52.911337,On or near Vicarage Avenue,E01013458,Derby 017B,Anti-social behaviour,,
,2021-06,Derbyshire Constabulary,Derbyshire Constabulary,-1.498758,52.905509,On or near Warwick Avenue,E01013458,Derby 017B,Anti-social behaviour,,
,2021-06,Derbyshire Constabulary,Derbyshire Constabulary,-1.495984,52.904949,On or near Colwyn Avenue,E01013458,Derby 017B,Anti-social behaviour,,
,2021-06,Derbyshire Constabulary,Derbyshire Constabulary,-1.498966,52.910661,On or near St Clare'S Close,E01013458,Derby 017B,Anti-social behaviour,,
,2021-06,Derbyshire Constabulary,Derbyshire Constabulary,-1.488996,52.911337,On or near Vicarage Avenue,E01013458,Derby 017B,Anti-social behaviour,,
,2021-06,Derbyshire Constabulary,Derbyshire Constabulary,-1.488996,52.911337,On or near Vicarage Avenue,E01013458,Derby 017B,Anti-social behaviour,,
,2021-06,Derbyshire Constabulary,Derbyshire Constabulary,-1.488996,52.911337,On or near Vicarage Avenue,E01013458,Derby 017B,Anti-social behaviour,,
8d1a1d2771edcd02ebe13125c1d3cf714f69fd3e66556e6d8a97562ae7cbd76b,2021-06,Derbyshire Constabulary,Derbyshire Constabulary,-1.498614,52.907702,On or near Horwood Avenue,E01013458,Derby 017B,Bicycle theft,Investigation complete; no suspect identified,
6f685ec78e85aaad1f2b6e2c919112e243376afd08bc111d6f15e15043cb4df8,2021-06,Derbyshire Constabulary,Derbyshire Constabulary,-1.493290,52.910340,On or near Whitaker Gardens,E01013458,Derby 017B,Criminal damage and arson,Investigation complete; no suspect identified,
60f98f5927787ea52d71e4588ce6a82e979cd7d514d959c59b803cdfbada4149,2021-06,Derbyshire Constabulary,Derbyshire Constabulary,-1.499960,52.909559,On or near Farley Road,E01013458,Derby 017B,Criminal damage and arson,Investigation complete; no suspect identified,
94e9071eb6fc8657a6d0ddbdf931cd39b1db4d635d6aa79c6b2073eb3ad3b6d8,2021-06,Derbyshire Constabulary,Derbyshire Constabulary,-1.488996,52.911337,On or near Vicarage Avenue,E01013458,Derby 017B,Public order,Awaiting court outcome,
8183239c1a6949c870662023c8ac5e2f2a9b66bf272e8061bd1496296fc992e3,2021-06,Derbyshire Constabulary,Derbyshire Constabulary,-1.488996,52.911337,On or near Vicarage Avenue,E01013458,Derby 017B,Public order,Awaiting court outcome,
83519cafc6a5936de5a05489ec6472d89728b1bc00c842043ac5313a722b24d6,2021-06,Derbyshire Constabulary,Derbyshire Constabulary,-1.497447,52.907050,On or near Arlington Road,E01013458,Derby 017B,Public order,Investigation complete; no suspect identified,
4ef58da4d7b5b3487ad3a1f22e14bfc7aff114118c2016f195cc3e304b63e2b6,2021-06,Derbyshire Constabulary,Derbyshire Constabulary,-1.495984,52.904949,On or near Colwyn Avenue,E01013458,Derby 017B,Violence and sexual offences,Unable to prosecute suspect,
3c33e96684bf38e15901843e4f6cf5fc67aa394e7483cbcbdfd0c3a07ec563cc,2021-06,Derbyshire Constabulary,Derbyshire Constabulary,-1.498758,52.905509,On or near Warwick Avenue,E01013458,Derby 017B,Violence and sexual offences,Awaiting court outcome,
9e13dd35a07a05681aceb568cf0f5066f7a016f27df5f1e10afda93f130d03f0,2021-06,Derbyshire Constabulary,Derbyshire Constabulary,-1.495984,52.904949,On or near Colwyn Avenue,E01013458,Derby 017B,Violence and sexual offences,Unable to prosecute suspect,
d44ca1d96684a43e0c8392bcdb6162c20623766f4529839362409d989e7e540a,2021-06,Derbyshire Constabulary,Derbyshire Constabulary,-1.498758,52.905509,On or near Warwick Avenue,E01013458,Derby 017B,Violence and sexual offences,Awaiting court outcome,
,2021-06,Derbyshire Constabulary,Derbyshire Constabulary,-1.510166,52.910384,On or near Owlers Lane,E01013542,Derby 017C,Anti-social behaviour,,
,2021-06,Derbyshire Constabulary,Derbyshire Constabulary,-1.510427,52.917585,On or near Sports/Recreation Area,E01013542,Derby 017C,Anti-social behaviour,,
,2021-06,Derbyshire Constabulary,Derbyshire Constabulary,-1.510166,52.910384,On or near Owlers Lane,E01013542,Derby 017C,Anti-social behaviour,,
,2021-06,Derbyshire Constabulary,Derbyshire Constabulary,-1.510166,52.910384,On or near Owlers Lane,E01013542,Derby 017C,Anti-social behaviour,,
,2021-06,Derbyshire Constabulary,Derbyshire Constabulary,-1.505007,52.906434,On or near Harrington Road,E01013542,Derby 017C,Anti-social behaviour,,
,2021-06,Derbyshire Constabulary,Derbyshire Constabulary,-1.510166,52.910384,On or near Owlers Lane,E01013542,Derby 017C,Anti-social behaviour,,
,2021-06,Derbyshire Constabulary,Derbyshire Constabulary,-1.510427,52.917585,On or near Sports/Recreation Area,E01013542,Derby 017C,Anti-social behaviour,,
,2021-06,Derbyshire Constabulary,Derbyshire Constabulary,-1.508977,52.911682,On or near Manor Avenue,E01013542,Derby 017C,Anti-social behaviour,,
,2021-06,Derbyshire Constabulary,Derbyshire Constabulary,-1.501200,52.907803,On or near Burton Road,E01013542,Derby 017C,Anti-social behaviour,,
,2021-06,Derbyshire Constabulary,Derbyshire Constabulary,-1.510166,52.910384,On or near Owlers Lane,E01013542,Derby 017C,Anti-social behaviour,,
,2021-06,Derbyshire Constabulary,Derbyshire Constabulary,-1.510166,52.910384,On or near Owlers Lane,E01013542,Derby 017C,Anti-social behaviour,,
,2021-06,Derbyshire Constabulary,Derbyshire Constabulary,-1.503972,52.907221,On or near North Street,E01013542,Derby 017C,Anti-social behaviour,,
,2021-06,Derbyshire Constabulary,Derbyshire Constabulary,-1.510166,52.910384,On or near Owlers Lane,E01013542,Derby 017C,Anti-social behaviour,,
4dbe65ef89a167d998eff77e955543f750141930857d5314fbbc75851abb9b1d,2021-06,Derbyshire Constabulary,Derbyshire Constabulary,-1.508977,52.911682,On or near Manor Avenue,E01013542,Derby 017C,Burglary,Investigation complete; no suspect identified,
bfecd6b3d11ff67b3b0a799179126a77edd97ecfddc31c52a935d6f823eae72b,2021-06,Derbyshire Constabulary,Derbyshire Constabulary,-1.509643,52.918562,On or near Sports/Recreation Area,E01013542,Derby 017C,Burglary,Investigation complete; no suspect identified,
14f5b14a599b50b048f4c3508cfb05fd7e4a95c4c4f0b7aaf096bbe3827cbea5,2021-06,Derbyshire Constabulary,Derbyshire Constabulary,-1.508683,52.913982,On or near Manor Road,E01013542,Derby 017C,Criminal damage and arson,Status update unavailable,
f2eabc11a0d906f45aec7f8cf699de73e09053ffb22dece86b0d6c45c5597bcf,2021-06,Derbyshire Constabulary,Derbyshire Constabulary,-1.508358,52.912480,On or near Dalton Avenue,E01013542,Derby 017C,Criminal damage and arson,Status update unavailable,
375303b2ce296923d7449306892dc7d9ee17088e845d3d1670ee4b170a33443b,2021-06,Derbyshire Constabulary,Derbyshire Constabulary,-1.508358,52.912480,On or near Dalton Avenue,E01013542,Derby 017C,Criminal damage and arson,Unable to prosecute suspect,
88a865438f7f7b8a480d97d7ee701b3b022ee2f42029c1136a352a365357afcf,2021-06,Derbyshire Constabulary,Derbyshire Constabulary,-1.509044,52.909705,On or near Queens Drive,E01013542,Derby 017C,Criminal damage and arson,Investigation complete; no suspect identified,
c984fdd957852fc246b2ca2f716d5f9496b0cc9295703dc1872bb3d32d385900,2021-06,Derbyshire Constabulary,Derbyshire Constabulary,-1.508683,52.913982,On or near Manor Road,E01013542,Derby 017C,Criminal damage and arson,Investigation complete; no suspect identified,
f0529e2a75bebe63c9f14ce8494007a51b7ad40eb9aee7a8cbd50b0548979879,2021-06,Derbyshire Constabulary,Derbyshire Constabulary,-1.508358,52.912480,On or near Dalton Avenue,E01013542,Derby 017C,Criminal damage and arson,Unable to prosecute suspect,
d170d56c9086a1ea0bb52ff1abde435b9c9a90a853c92ca35db304e9f620672a,2021-06,Derbyshire Constabulary,Derbyshire Constabulary,-1.510166,52.910384,On or near Owlers Lane,E01013542,Derby 017C,Other theft,Investigation complete; no suspect identified,
df20f51d28277c7be2f5c2f7b8c8b09ec5a7f9967233a71c99aa937b9865b0ad,2021-06,Derbyshire Constabulary,Derbyshire Constabulary,-1.510166,52.910384,On or near Owlers Lane,E01013542,Derby 017C,Other theft,Investigation complete; no suspect identified,
3686ee58592cc0742b70b291bdb4791a4245665e2f3f1e8a900862f919612b92,2021-06,Derbyshire Constabulary,Derbyshire Constabulary,-1.509441,52.914049,On or near Uttoxeter New Road,E01013542,Derby 017C,Other theft,Investigation complete; no suspect identified,
dc012d125344e521ef487aec1f450ca25d12b8df27341f72f6629f2cd21d162d,2021-06,Derbyshire Constabulary,Derbyshire Constabulary,-1.505007,52.906434,On or near Harrington Road,E01013542,Derby 017C,Possession of weapons,Unable to prosecute suspect,
5353ba5188df305dc89ac235ba5be6054d8bc47a51818c59f049c6583c6bde18,2021-06,Derbyshire Constabulary,Derbyshire Constabulary,-1.508358,52.912480,On or near Dalton Avenue,E01013542,Derby 017C,Public order,Local resolution,
011c5326609dc041964949591b46f98d9bb2578883af80590033e3f82b196f84,2021-06,Derbyshire Constabulary,Derbyshire Constabulary,-1.510427,52.917585,On or near Sports/Recreation Area,E01013542,Derby 017C,Public order,Unable to prosecute suspect,
d37e798052723511915a97273d58d24dc29ca0995858e1b43751f3a62fc52be2,2021-06,Derbyshire Constabulary,Derbyshire Constabulary,-1.508358,52.912480,On or near Dalton Avenue,E01013542,Derby 017C,Public order,Local resolution,
5266814bfced1cb29047322f08b2ce767f1a1602048c0b2650b3f7a1cf9aea3f,2021-06,Derbyshire Constabulary,Derbyshire Constabulary,-1.508358,52.912480,On or near Dalton Avenue,E01013542,Derby 017C,Public order,Unable to prosecute suspect,
ab553ea128002647c26722c5f93ab92dc876e38f6801082d1b99a44d669aef96,2021-06,Derbyshire Constabulary,Derbyshire Constabulary,-1.514687,52.918358,On or near Cherry Tree Close,E01013542,Derby 017C,Public order,Unable to prosecute suspect,
9643b8f83c3effeb33f307469fea9a68237f84901378a2eb9c1af6eac0d84f99,2021-06,Derbyshire Constabulary,Derbyshire Constabulary,-1.508358,52.912480,On or near Dalton Avenue,E01013542,Derby 017C,Public order,Status update unavailable,
32c0e78893912c261524ae92bb385a33d5f8e39a4fb35e6fa12f971146dc1f0b,2021-06,Derbyshire Constabulary,Derbyshire Constabulary,-1.515862,52.912996,On or near Supermarket,E01013542,Derby 017C,Public order,Investigation complete; no suspect identified,
dc3577bbe88ce7b2fab2650b607041cc8dff4c1ae2024b11e592fdcb8c9921d5,2021-06,Derbyshire Constabulary,Derbyshire Constabulary,-1.510073,52.908163,On or near Crich Avenue,E01013542,Derby 017C,Public order,Unable to prosecute suspect,
3571e6bfe5276065e0538cb6951d0dbb8159a7a48f2d3ca5bcaf3534636994ab,2021-06,Derbyshire Constabulary,Derbyshire Constabulary,-1.515862,52.912996,On or near Supermarket,E01013542,Derby 017C,Shoplifting,Investigation complete; no suspect identified,
9e63beed52b0d4c02a80af47f5307eb9e1f608a66a2edb506e3e99705cc28fc0,2021-06,Derbyshire Constabulary,Derbyshire Constabulary,-1.515862,52.912996,On or near Supermarket,E01013542,Derby 017C,Shoplifting,Investigation complete; no suspect identified,
07b65a54132a8496c8472549e332ce143b647c558012501fc6e5fb5be84bb675,2021-06,Derbyshire Constabulary,Derbyshire Constabulary,-1.508211,52.908425,On or near Crich Circle,E01013542,Derby 017C,Vehicle crime,Investigation complete; no suspect identified,
f1fec91235905c464863c6731954a543d60835bda21a6d78e3d48f8fc49e054f,2021-06,Derbyshire Constabulary,Derbyshire Constabulary,-1.510427,52.917585,On or near Sports/Recreation Area,E01013542,Derby 017C,Violence and sexual offences,Unable to prosecute suspect,
5ecb4d1fb29703c8629a5e99a8701289947f094ef8648e3b39361d6eefb419e0,2021-06,Derbyshire Constabulary,Derbyshire Constabulary,-1.508358,52.912480,On or near Dalton Avenue,E01013542,Derby 017C,Violence and sexual offences,Unable to prosecute suspect,
628c6b7b145344035304e1cada47c9ca913cc4d1d2ab577151cd0561101e42a6,2021-06,Derbyshire Constabulary,Derbyshire Constabulary,-1.510427,52.917585,On or near Sports/Recreation Area,E01013542,Derby 017C,Violence and sexual offences,Investigation complete; no suspect identified,
80ea33531a137aa975a6fd02d7aedd86c49c258e502f7e764baa78fe6ba590a4,2021-06,Derbyshire Constabulary,Derbyshire Constabulary,-1.509441,52.914049,On or near Uttoxeter New Road,E01013542,Derby 017C,Violence and sexual offences,Unable to prosecute suspect,
67fc262fa59b4c8388fd1b600ac54ccadd9a53b273a38eeec341d173f4bb3a9f,2021-06,Derbyshire Constabulary,Derbyshire Constabulary,-1.510427,52.917585,On or near Sports/Recreation Area,E01013542,Derby 017C,Violence and sexual offences,Investigation complete; no suspect identified,
ad2da34e85a2b6566900196d91527e5daef75cc396ab51ce68ee171064322af0,2021-06,Derbyshire Constabulary,Derbyshire Constabulary,-1.508358,52.912480,On or near Dalton Avenue,E01013542,Derby 017C,Violence and sexual offences,Unable to prosecute suspect,
9f098fb271fe4b4c2dc5f908fc0ead962b5e8920b8e01b1926e15a4d65e49634,2021-06,Derbyshire Constabulary,Derbyshire Constabulary,-1.508358,52.912480,On or near Dalton Avenue,E01013542,Derby 017C,Violence and sexual offences,Awaiting court outcome,
5c683e1ac66fd5189115e224ae8e3ee4c8af37ca124050b213dbec282bdf5455,2021-06,Derbyshire Constabulary,Derbyshire Constabulary,-1.511997,52.912935,On or near Uttoxeter New Road,E01013542,Derby 017C,Violence and sexual offences,Unable to prosecute suspect,
53120c2a98391a9b2689bda65b6c8f68ab0d04cf09d27c321099f113d22d6920,2021-06,Derbyshire Constabulary,Derbyshire Constabulary,-1.508683,52.913982,On or near Manor Road,E01013542,Derby 017C,Violence and sexual offences,Unable to prosecute suspect,
93317ac823c62a89158c5709545fc64fd1c3c7d8790259ac3a5c14e3d89bc097,2021-06,Derbyshire Constabulary,Derbyshire Constabulary,-1.508358,52.912480,On or near Dalton Avenue,E01013542,Derby 017C,Violence and sexual offences,Unable to prosecute suspect,
aa0fcffeee91bc2a6b36196d90ddc240e94f40a2f23fc9648593786522b8581b,2021-06,Derbyshire Constabulary,Derbyshire Constabulary,-1.508358,52.912480,On or near Dalton Avenue,E01013542,Derby 017C,Violence and sexual offences,Awaiting court outcome,
09d1564dc4a04e784488c5f24577f8f6f7bc9233f16c749d8452dbca008f61ea,2021-06,Derbyshire Constabulary,Derbyshire Constabulary,-1.508548,52.911528,On or near Constable Lane,E01013542,Derby 017C,Violence and sexual offences,Unable to prosecute suspect,
0b0b4da8987bc3022f1f000b662eac698f1d38c4715c782c3538e55f07f2a13f,2021-06,Derbyshire Constabulary,Derbyshire Constabulary,-1.508358,52.912480,On or near Dalton Avenue,E01013542,Derby 017C,Violence and sexual offences,Awaiting court outcome,
89fea5613e972306953c963217fc8ffa810257cc98dee7507fa474843c31e0ac,2021-06,Derbyshire Constabulary,Derbyshire Constabulary,-1.514847,52.913334,On or near Manor Park Way,E01013542,Derby 017C,Violence and sexual offences,Unable to prosecute suspect,
657ebe3020e8a316c449b4de19942b3e0ee832078d266f31a9154d192b157b1e,2021-06,Derbyshire Constabulary,Derbyshire Constabulary,-1.508358,52.912480,On or near Dalton Avenue,E01013542,Derby 017C,Violence and sexual offences,Unable to prosecute suspect,
714745842dec70e49aec18047fc52466dd9afd3ad6ad40a34bffffa00cd2efe7,2021-06,Derbyshire Constabulary,Derbyshire Constabulary,-1.508211,52.908425,On or near Crich Circle,E01013542,Derby 017C,Violence and sexual offences,Unable to prosecute suspect,
a3d58a489193589d6dbc801e4925d2ff9442d4572d1be6f02cdae0daa06d4f50,2021-06,Derbyshire Constabulary,Derbyshire Constabulary,-1.511899,52.919012,On or near Sports/Recreation Area,E01013542,Derby 017C,Violence and sexual offences,Unable to prosecute suspect,
510ab7301056db8e45a16b7208f453bf31f38510a449ee32cda839d9cce67bfc,2021-06,Derbyshire Constabulary,Derbyshire Constabulary,-1.508358,52.912480,On or near Dalton Avenue,E01013542,Derby 017C,Violence and sexual offences,Unable to prosecute suspect,
8634ec675f26387111e2e49c4ff11db77cfcaaaef2a91b16f47566ddd7e1dd73,2021-06,Derbyshire Constabulary,Derbyshire Constabulary,-1.501200,52.907803,On or near Burton Road,E01013542,Derby 017C,Violence and sexual offences,Unable to prosecute suspect,
578e700526fc5d649ca2f856aeb0a7630457007add517282d1c0bae0c521ab35,2021-06,Derbyshire Constabulary,Derbyshire Constabulary,-1.514847,52.913334,On or near Manor Park Way,E01013542,Derby 017C,Violence and sexual offences,Unable to prosecute suspect,
a84591143e80d6b82b4b763a6ac988ae47d39c306582aa0421a465be4194240d,2021-06,Derbyshire Constabulary,Derbyshire Constabulary,-1.508358,52.912480,On or near Dalton Avenue,E01013542,Derby 017C,Violence and sexual offences,Further investigation is not in the public interest,
b0e85e4bbefeec429c0f48b265e3866c5d826355e0b1e0102327504330b8c4d1,2021-06,Derbyshire Constabulary,Derbyshire Constabulary,-1.504931,52.909185,On or near Eastwood Drive,E01013542,Derby 017C,Other crime,Unable to prosecute suspect,
,2021-06,Derbyshire Constabulary,Derbyshire Constabulary,-1.509238,52.903090,On or near Upper Hollow,E01013546,Derby 017D,Anti-social behaviour,,
,2021-06,Derbyshire Constabulary,Derbyshire Constabulary,-1.505601,52.902616,On or near Normanton Lane,E01013546,Derby 017D,Anti-social behaviour,,
,2021-06,Derbyshire Constabulary,Derbyshire Constabulary,-1.504692,52.905381,On or near Park Lane,E01013546,Derby 017D,Anti-social behaviour,,
,2021-06,Derbyshire Constabulary,Derbyshire Constabulary,-1.509499,52.902327,On or near Fernwood Close,E01013546,Derby 017D,Anti-social behaviour,,
fff200b901800645dd937da0a5bc66206faf2ebd7d23bea6fa15e3c7718ac293,2021-06,Derbyshire Constabulary,Derbyshire Constabulary,-1.504483,52.906720,On or near Wade Street,E01013546,Derby 017D,Burglary,Investigation complete; no suspect identified,
c2fb7c8ea7e562345d1f36bd22b53e07aa03424e18638d41a699966ef6a9aebf,2021-06,Derbyshire Constabulary,Derbyshire Constabulary,-1.508458,52.899760,On or near Cotswold Close,E01013546,Derby 017D,Criminal damage and arson,Unable to prosecute suspect,
b72b45049eaf9b9693c18435a71f4753632d22696712441aafb78d588abb8ee3,2021-06,Derbyshire Constabulary,Derbyshire Constabulary,-1.508458,52.899760,On or near Cotswold Close,E01013546,Derby 017D,Criminal damage and arson,Investigation complete; no suspect identified,
4c108693b94d20ed83d5d67223e58d32021b6fb7b9faa940aedb11f623ab1cc5,2021-06,Derbyshire Constabulary,Derbyshire Constabulary,-1.506585,52.904930,On or near Shepherd Street,E01013546,Derby 017D,Public order,Investigation complete; no suspect identified,
c9e47c9d7511b74645b6283ee24e0ce30f62249a83968b25f565c4ade5423102,2021-06,Derbyshire Constabulary,Derbyshire Constabulary,-1.509238,52.903090,On or near Upper Hollow,E01013546,Derby 017D,Public order,Unable to prosecute suspect,
239f4b97912ea114082a5c6c9054a5c5c624511be374788a1527196da1346ad4,2021-06,Derbyshire Constabulary,Derbyshire Constabulary,-1.509238,52.903090,On or near Upper Hollow,E01013546,Derby 017D,Public order,Unable to prosecute suspect,
be94d0da0a18894207c0baab389a5df5695f6f362a8ca7b1d78846a29883a25b,2021-06,Derbyshire Constabulary,Derbyshire Constabulary,-1.508458,52.899760,On or near Cotswold Close,E01013546,Derby 017D,Public order,Unable to prosecute suspect,
967fc6ea92a5773b6f16f4c6b68df6cbe46c2a17bedcc19aba964eab816fc8b1,2021-06,Derbyshire Constabulary,Derbyshire Constabulary,-1.501473,52.904711,On or near Broughton Avenue,E01013546,Derby 017D,Violence and sexual offences,Investigation complete; no suspect identified,
,2021-06,Derbyshire Constabulary,Derbyshire Constabulary,-1.469943,52.909258,On or near Norfolk Street,E01013481,Derby 018A,Anti-social behaviour,,
,2021-06,Derbyshire Constabulary,Derbyshire Constabulary,-1.475751,52.912188,On or near Harriet Street,E01013481,Derby 018A,Anti-social behaviour,,
,2021-06,Derbyshire Constabulary,Derbyshire Constabulary,-1.475751,52.912188,On or near Harriet Street,E01013481,Derby 018A,Anti-social behaviour,,
,2021-06,Derbyshire Constabulary,Derbyshire Constabulary,-1.475490,52.911602,On or near Loudon Street,E01013481,Derby 018A,Anti-social behaviour,,
,2021-06,Derbyshire Constabulary,Derbyshire Constabulary,-1.475490,52.911602,On or near Loudon Street,E01013481,Derby 018A,Anti-social behaviour,,
,2021-06,Derbyshire Constabulary,Derbyshire Constabulary,-1.474799,52.909756,On or near Madeley Street,E01013481,Derby 018A,Anti-social behaviour,,
,2021-06,Derbyshire Constabulary,Derbyshire Constabulary,-1.475751,52.912188,On or near Harriet Street,E01013481,Derby 018A,Anti-social behaviour,,
,2021-06,Derbyshire Constabulary,Derbyshire Constabulary,-1.475751,52.912188,On or near Harriet Street,E01013481,Derby 018A,Anti-social behaviour,,
,2021-06,Derbyshire Constabulary,Derbyshire Constabulary,-1.475490,52.911602,On or near Loudon Street,E01013481,Derby 018A,Anti-social behaviour,,
,2021-06,Derbyshire Constabulary,Derbyshire Constabulary,-1.475263,52.910765,On or near Strutt Street,E01013481,Derby 018A,Anti-social behaviour,,
231fdfb1366636f5fb7e381f0378d88c434a1e1a5900aa571e1e529ef2c0a4c1,2021-06,Derbyshire Constabulary,Derbyshire Constabulary,-1.475751,52.912188,On or near Harriet Street,E01013481,Derby 018A,Burglary,Unable to prosecute suspect,
b2758fc8859370bbb7b2e3b348b7c58e13932883b92123764be794fb3be6129a,2021-06,Derbyshire Constabulary,Derbyshire Constabulary,-1.475490,52.911602,On or near Loudon Street,E01013481,Derby 018A,Criminal damage and arson,Investigation complete; no suspect identified,
73f527ddae816f7b4a61b3a1877b7e9438287525d9c51ec2ade8a1628e4d195a,2021-06,Derbyshire Constabulary,Derbyshire Constabulary,-1.469943,52.909258,On or near Norfolk Street,E01013481,Derby 018A,Criminal damage and arson,Unable to prosecute suspect,
1bab9ad9888ce5e8da4dba7155d2e297df0a104548202e3c2a96fd89528c5589,2021-06,Derbyshire Constabulary,Derbyshire Constabulary,-1.475490,52.911602,On or near Loudon Street,E01013481,Derby 018A,Drugs,Awaiting court outcome,
2a5db7eb5a3eac313857166ab4b6fbc22adbe265f65466357c15212ea0c078ad,2021-06,Derbyshire Constabulary,Derbyshire Constabulary,-1.474172,52.908702,On or near Fleet Street,E01013481,Derby 018A,Drugs,Further investigation is not in the public interest,
931f287d8a1305f4de942379932234a6779c57dc5bc0febe65ee1d605750d342,2021-06,Derbyshire Constabulary,Derbyshire Constabulary,-1.475751,52.912188,On or near Harriet Street,E01013481,Derby 018A,Drugs,Further investigation is not in the public interest,
6a4fe9fb600159f8ec2d394796e8bbe180b5cae9645da1c8fb7517d7e7842507,2021-06,Derbyshire Constabulary,Derbyshire Constabulary,-1.475263,52.910765,On or near Strutt Street,E01013481,Derby 018A,Other theft,Investigation complete; no suspect identified,
c52c7f1d21840656ae9bc698d65172bb3f4ff3ec21da80f26204da5550f440c5,2021-06,Derbyshire Constabulary,Derbyshire Constabulary,-1.474172,52.908702,On or near Fleet Street,E01013481,Derby 018A,Other theft,Unable to prosecute suspect,
8e70c87fe1f9c67dfecaaca8e8ebb2ddd41063365c4ce8391e31e2e8c332d2bb,2021-06,Derbyshire Constabulary,Derbyshire Constabulary,-1.475751,52.912188,On or near Harriet Street,E01013481,Derby 018A,Public order,Awaiting court outcome,
a84791e84dd010b1eecabf0100501ea9dce60d63220f50e71284b4fbc863a921,2021-06,Derbyshire Constabulary,Derbyshire Constabulary,-1.475490,52.911602,On or near Loudon Street,E01013481,Derby 018A,Public order,Investigation complete; no suspect identified,
ad215000a24d06eeece10a14551601b0a9caef6375bb53a94207d4690908b622,2021-06,Derbyshire Constabulary,Derbyshire Constabulary,-1.475490,52.911602,On or near Loudon Street,E01013481,Derby 018A,Public order,Investigation complete; no suspect identified,
f2d1af914f12253ed81c134ae5da8d4686907da68f46e7a636310d210349b583,2021-06,Derbyshire Constabulary,Derbyshire Constabulary,-1.474172,52.908702,On or near Fleet Street,E01013481,Derby 018A,Public order,Unable to prosecute suspect,
683a1070c5c8eee616cc83fa84b91c33c3eafa012b53767f2ae7ebaf10280b4b,2021-06,Derbyshire Constabulary,Derbyshire Constabulary,-1.475490,52.911602,On or near Loudon Street,E01013481,Derby 018A,Public order,Investigation complete; no suspect identified,
3a2c578678ab9eb4cc3f7e94d719d6001686c363e751ba9f14a7e885074f19f2,2021-06,Derbyshire Constabulary,Derbyshire Constabulary,-1.469943,52.909258,On or near Norfolk Street,E01013481,Derby 018A,Robbery,Investigation complete; no suspect identified,
65831be14857e773a0019cff95241227439a8f152a82daa95dac0d5b03417602,2021-06,Derbyshire Constabulary,Derbyshire Constabulary,-1.475751,52.912188,On or near Harriet Street,E01013481,Derby 018A,Theft from the person,Unable to prosecute suspect,
5d8557d662b242754341cdaa3a218c30ae2458bf1854965b8dfa0b44dbf32ffc,2021-06,Derbyshire Constabulary,Derbyshire Constabulary,-1.475751,52.912188,On or near Harriet Street,E01013481,Derby 018A,Violence and sexual offences,Offender given a caution,
c9992cf6b44d0013766abf46c23fc604f9cfecd97cbe9a7b2f29153adc38ec8c,2021-06,Derbyshire Constabulary,Derbyshire Constabulary,-1.475751,52.912188,On or near Harriet Street,E01013481,Derby 018A,Violence and sexual offences,Unable to prosecute suspect,
eeb3bca9e90606d3cc2bd0ec84f05361fe8b9b31c9387381571fad008812deb8,2021-06,Derbyshire Constabulary,Derbyshire Constabulary,-1.473106,52.908383,On or near Wilfred Street,E01013481,Derby 018A,Violence and sexual offences,Status update unavailable,
63c255ef012865c3c4d951b211efe8e108f41ca8296a2493d9674c9701900a0f,2021-06,Derbyshire Constabulary,Derbyshire Constabulary,-1.475490,52.911602,On or near Loudon Street,E01013481,Derby 018A,Violence and sexual offences,Investigation complete; no suspect identified,
2a0957cb374298ccbceba00093d6b6ef77390b498592b1b3c0694648a8c9cd7a,2021-06,Derbyshire Constabulary,Derbyshire Constabulary,-1.473106,52.908383,On or near Wilfred Street,E01013481,Derby 018A,Violence and sexual offences,Status update unavailable,
1f29e6bbacb2d4ce0cc52cdd9063b47043fba6feb8e3e094159e3c4e8c1db371,2021-06,Derbyshire Constabulary,Derbyshire Constabulary,-1.475490,52.911602,On or near Loudon Street,E01013481,Derby 018A,Violence and sexual offences,Investigation complete; no suspect identified,
32c63a2884749d444bec100a7761404b687d15513c3d78b9deaf078ed59d63e4,2021-06,Derbyshire Constabulary,Derbyshire Constabulary,-1.475751,52.912188,On or near Harriet Street,E01013481,Derby 018A,Violence and sexual offences,Unable to prosecute suspect,
e0c0599d57a801696c13710937bf92fa599f601e60c7c644716cdaf808275d97,2021-06,Derbyshire Constabulary,Derbyshire Constabulary,-1.467795,52.909743,On or near Grange Street,E01013481,Derby 018A,Violence and sexual offences,Unable to prosecute suspect,
3da2464b9101cdd50c1efbe585f7ea9025cd005889f82e3284c4f95a414e6838,2021-06,Derbyshire Constabulary,Derbyshire Constabulary,-1.475263,52.910765,On or near Strutt Street,E01013481,Derby 018A,Violence and sexual offences,Investigation complete; no suspect identified,
05035d8fc207afcfa11ee3f146b34b7cc835c9b2d6bc81bde46d28a7235fc5a1,2021-06,Derbyshire Constabulary,Derbyshire Constabulary,-1.474799,52.909756,On or near Madeley Street,E01013481,Derby 018A,Violence and sexual offences,Unable to prosecute suspect,
6a72b9864cf7e68e5e1ab37a8a90b1c5db6d1423aa182877bcf355c94994286f,2021-06,Derbyshire Constabulary,Derbyshire Constabulary,-1.475263,52.910765,On or near Strutt Street,E01013481,Derby 018A,Violence and sexual offences,Investigation complete; no suspect identified,
77b9bc7b20f0311ac4877dd9df7a96a7c217b6844b2dd4ad20da480a7b28dd84,2021-06,Derbyshire Constabulary,Derbyshire Constabulary,-1.475751,52.912188,On or near Harriet Street,E01013481,Derby 018A,Violence and sexual offences,Unable to prosecute suspect,
dfffd999894fe2257669dd948bf4f170ec3aadd23a6cc3317e0daca065bd25fd,2021-06,Derbyshire Constabulary,Derbyshire Constabulary,-1.469943,52.909258,On or near Norfolk Street,E01013481,Derby 018A,Violence and sexual offences,Unable to prosecute suspect,
d91065307bbf8809c81ea214b3b19312bfee72743673c5d9c791d64713a4eafa,2021-06,Derbyshire Constabulary,Derbyshire Constabulary,-1.475490,52.911602,On or near Loudon Street,E01013481,Derby 018A,Violence and sexual offences,Unable to prosecute suspect,
256cd13a1bad3557fddf39156eda32393548d7b614ccdc4a934ef5fb6600f8d2,2021-06,Derbyshire Constabulary,Derbyshire Constabulary,-1.475263,52.910765,On or near Strutt Street,E01013481,Derby 018A,Violence and sexual offences,Investigation complete; no suspect identified,
f9416a8d2063f18b83d71f699353aff1996354d404649b0c0019381ba60ab4b5,2021-06,Derbyshire Constabulary,Derbyshire Constabulary,-1.469943,52.909258,On or near Norfolk Street,E01013481,Derby 018A,Other crime,Unable to prosecute suspect,
,2021-06,Derbyshire Constabulary,Derbyshire Constabulary,-1.477327,52.909696,On or near Holmes Street,E01013484,Derby 018C,Anti-social behaviour,,
,2021-06,Derbyshire Constabulary,Derbyshire Constabulary,-1.477857,52.908961,On or near Whiston Street,E01013484,Derby 018C,Anti-social behaviour,,
,2021-06,Derbyshire Constabulary,Derbyshire Constabulary,-1.476445,52.906447,On or near Yates Street,E01013484,Derby 018C,Anti-social behaviour,,
,2021-06,Derbyshire Constabulary,Derbyshire Constabulary,-1.478366,52.911112,On or near Lyndhurst Street,E01013484,Derby 018C,Anti-social behaviour,,
,2021-06,Derbyshire Constabulary,Derbyshire Constabulary,-1.475167,52.906360,On or near Richmond Road,E01013484,Derby 018C,Anti-social behaviour,,
,2021-06,Derbyshire Constabulary,Derbyshire Constabulary,-1.478702,52.910367,On or near Chestnut Avenue,E01013484,Derby 018C,Anti-social behaviour,,
,2021-06,Derbyshire Constabulary,Derbyshire Constabulary,-1.480695,52.911562,On or near Upper Bainbrigge Street,E01013484,Derby 018C,Anti-social behaviour,,
,2021-06,Derbyshire Constabulary,Derbyshire Constabulary,-1.475167,52.906360,On or near Richmond Road,E01013484,Derby 018C,Anti-social behaviour,,
,2021-06,Derbyshire Constabulary,Derbyshire Constabulary,-1.475167,52.906360,On or near Richmond Road,E01013484,Derby 018C,Anti-social behaviour,,
,2021-06,Derbyshire Constabulary,Derbyshire Constabulary,-1.475167,52.906360,On or near Richmond Road,E01013484,Derby 018C,Anti-social behaviour,,
,2021-06,Derbyshire Constabulary,Derbyshire Constabulary,-1.477558,52.911575,On or near Shopping Area,E01013484,Derby 018C,Anti-social behaviour,,
,2021-06,Derbyshire Constabulary,Derbyshire Constabulary,-1.477558,52.911575,On or near Shopping Area,E01013484,Derby 018C,Anti-social behaviour,,
,2021-06,Derbyshire Constabulary,Derbyshire Constabulary,-1.477558,52.911575,On or near Shopping Area,E01013484,Derby 018C,Anti-social behaviour,,
,2021-06,Derbyshire Constabulary,Derbyshire Constabulary,-1.477857,52.908961,On or near Whiston Street,E01013484,Derby 018C,Anti-social behaviour,,
47ea034947cbd78884994feaf5651e76a02db7dd4dbdf9cf99ed41f752d8b4a8,2021-06,Derbyshire Constabulary,Derbyshire Constabulary,-1.475167,52.906360,On or near Richmond Road,E01013484,Derby 018C,Burglary,Investigation complete; no suspect identified,
11e0e396d9a1ad091fe0f57b17fdfd1cb09898cf8f989a70b14e7aa78f62ff25,2021-06,Derbyshire Constabulary,Derbyshire Constabulary,-1.478366,52.911112,On or near Lyndhurst Street,E01013484,Derby 018C,Burglary,Unable to prosecute suspect,
b6ecdf436c4245cf676c6c16c396d91e5b1c70167531bf666fc6eaf8fe4d1c4d,2021-06,Derbyshire Constabulary,Derbyshire Constabulary,-1.476445,52.906447,On or near Yates Street,E01013484,Derby 018C,Burglary,Investigation complete; no suspect identified,
db0afa46f964aaa1c0e2ffaabc07a71739de46a769bfdac9080e09f666481588,2021-06,Derbyshire Constabulary,Derbyshire Constabulary,-1.475167,52.906360,On or near Richmond Road,E01013484,Derby 018C,Criminal damage and arson,Investigation complete; no suspect identified,
f51078d14a38035d7b243c0ce6e7bbc0ae56dbd83aafb94781cb2f12d8d52165,2021-06,Derbyshire Constabulary,Derbyshire Constabulary,-1.477857,52.908961,On or near Whiston Street,E01013484,Derby 018C,Drugs,Status update unavailable,
c0c07e4a23b5d18084295618c311670e2e508f98bc724f446bb0f2b0ad842e91,2021-06,Derbyshire Constabulary,Derbyshire Constabulary,-1.477857,52.908961,On or near Whiston Street,E01013484,Derby 018C,Other theft,Unable to prosecute suspect,
0eb6a7a537c23520cf632ec14b32246ec047fc1288228508ee7f3af9f9ca9e7f,2021-06,Derbyshire Constabulary,Derbyshire Constabulary,-1.476030,52.905042,On or near Pear Tree Police Station,E01013484,Derby 018C,Other theft,Investigation complete; no suspect identified,
bc2ea8458f22d83635d1f48ce361e35c81099c8d65a6bbb0ffa79bcb4ec63a43,2021-06,Derbyshire Constabulary,Derbyshire Constabulary,-1.478702,52.910367,On or near Chestnut Avenue,E01013484,Derby 018C,Other theft,Investigation complete; no suspect identified,
4b7bfb36a8c836a68f9dff5aebf09633cabbc3ab1ff839935b6405aac6113998,2021-06,Derbyshire Constabulary,Derbyshire Constabulary,-1.477630,52.908061,On or near Corden Street,E01013484,Derby 018C,Other theft,Investigation complete; no suspect identified,
b71a26be847ff9f82257a9c4595902d9fa9897b46824d8f8e899ece42725a816,2021-06,Derbyshire Constabulary,Derbyshire Constabulary,-1.477558,52.911575,On or near Shopping Area,E01013484,Derby 018C,Public order,Unable to prosecute suspect,
786d748e492cc184dada84118cd368ac120a10da697f36bce7347d5a59a8395b,2021-06,Derbyshire Constabulary,Derbyshire Constabulary,-1.478576,52.912191,On or near Moore Street,E01013484,Derby 018C,Public order,Investigation complete; no suspect identified,
1b5971814285d316797ae87c2b2a1ea47fb769e0f16ffc12a787ef7fabf85f85,2021-06,Derbyshire Constabulary,Derbyshire Constabulary,-1.478702,52.910367,On or near Chestnut Avenue,E01013484,Derby 018C,Public order,Investigation complete; no suspect identified,
225ede305a52df8a988659bb4a064d3f603ef6f7c81e6fd930957cb33ba522a4,2021-06,Derbyshire Constabulary,Derbyshire Constabulary,-1.477857,52.908961,On or near Whiston Street,E01013484,Derby 018C,Public order,Unable to prosecute suspect,
343c43c01a3d1530c315415f8c821dbb79f8981b85254f801c2260594f81aa51,2021-06,Derbyshire Constabulary,Derbyshire Constabulary,-1.478576,52.912191,On or near Moore Street,E01013484,Derby 018C,Public order,Investigation complete; no suspect identified,
5bbf59afdfff4ca2db21041eeb4376b2887ecca9cd4c5989e293a638c4652245,2021-06,Derbyshire Constabulary,Derbyshire Constabulary,-1.477857,52.908961,On or near Whiston Street,E01013484,Derby 018C,Public order,Awaiting court outcome,
8ee246916de82f56e6fec9bf8777d911a4d87cdc375f1601cce20289baf10b66,2021-06,Derbyshire Constabulary,Derbyshire Constabulary,-1.477558,52.911575,On or near Shopping Area,E01013484,Derby 018C,Public order,Local resolution,
a6e054410d4c602f57a33a0249814328283ce8e0c1da01eaca9aa440049e1828,2021-06,Derbyshire Constabulary,Derbyshire Constabulary,-1.475167,52.906360,On or near Richmond Road,E01013484,Derby 018C,Public order,Investigation complete; no suspect identified,
afd9799692836194d1ce9cbd0f2847c663389587baa6350f3e74d16ced358828,2021-06,Derbyshire Constabulary,Derbyshire Constabulary,-1.476321,52.909323,On or near Whitaker Street,E01013484,Derby 018C,Public order,Unable to prosecute suspect,
a46bdb0804648c0fe70b96fa6ff9275cdd86eb58ba950cff326d4296491982c0,2021-06,Derbyshire Constabulary,Derbyshire Constabulary,-1.475167,52.906360,On or near Richmond Road,E01013484,Derby 018C,Public order,Unable to prosecute suspect,
b0ee9332473bcb112d663c7209c68e94326919797a6d095cb4752c843adbeb04,2021-06,Derbyshire Constabulary,Derbyshire Constabulary,-1.477558,52.911575,On or near Shopping Area,E01013484,Derby 018C,Public order,Unable to prosecute suspect,
26f5a782dd812f1e6cb84bbdd82d3ed662151ba8bf6a2123fe40f3db1b1a270e,2021-06,Derbyshire Constabulary,Derbyshire Constabulary,-1.477857,52.908961,On or near Whiston Street,E01013484,Derby 018C,Robbery,Unable to prosecute suspect,
7f0410c5d9f0ba6ad0190d34cb30f829ea0fbd92b546ab26248884e23c3918b0,2021-06,Derbyshire Constabulary,Derbyshire Constabulary,-1.477857,52.908961,On or near Whiston Street,E01013484,Derby 018C,Robbery,Status update unavailable,
c415493fae10b639546ba8387597fe32b2e33ff5eb2eb4d26e40e2f0194dabee,2021-06,Derbyshire Constabulary,Derbyshire Constabulary,-1.477558,52.911575,On or near Shopping Area,E01013484,Derby 018C,Shoplifting,Investigation complete; no suspect identified,
93d2b0f9630b2b53a98196f3a26192849d27ccb9c1fe9dc39e37b1538ad74f32,2021-06,Derbyshire Constabulary,Derbyshire Constabulary,-1.477558,52.911575,On or near Shopping Area,E01013484,Derby 018C,Shoplifting,Investigation complete; no suspect identified,
36b414b0cb9309029e4b0342b1e9a02e107ef50a36ec7a95628b38fbaa649c76,2021-06,Derbyshire Constabulary,Derbyshire Constabulary,-1.478702,52.910367,On or near Chestnut Avenue,E01013484,Derby 018C,Vehicle crime,Status update unavailable,
454b9cc06c598a64341d4b2303569f4bca65f85d4a81144fc9ccebddec946f05,2021-06,Derbyshire Constabulary,Derbyshire Constabulary,-1.477857,52.908961,On or near Whiston Street,E01013484,Derby 018C,Vehicle crime,Investigation complete; no suspect identified,
08e9153cae8dc5fab2eec60caa65b4c130dd1aa2a67a93279e5b7b6f34106ffc,2021-06,Derbyshire Constabulary,Derbyshire Constabulary,-1.476030,52.905042,On or near Pear Tree Police Station,E01013484,Derby 018C,Violence and sexual offences,Local resolution,
8170ff15cf1ad4570fc476c4753ac461ae6fba8981a565baa04626a66c7209c2,2021-06,Derbyshire Constabulary,Derbyshire Constabulary,-1.477857,52.908961,On or near Whiston Street,E01013484,Derby 018C,Violence and sexual offences,Unable to prosecute suspect,
fa4f05bb65cad211d4b40b45204a5c5c50f212901dd3f8df6304f7c6281893d8,2021-06,Derbyshire Constabulary,Derbyshire Constabulary,-1.475167,52.906360,On or near Richmond Road,E01013484,Derby 018C,Violence and sexual offences,Unable to prosecute suspect,
158be477580ab6cfec9f05279f3fc5e555d7baa073d94c5fdc076783bc988f84,2021-06,Derbyshire Constabulary,Derbyshire Constabulary,-1.476445,52.906447,On or near Yates Street,E01013484,Derby 018C,Violence and sexual offences,Unable to prosecute suspect,
30cd213862d0ad22d80ff1db66b839965cf7d868ede8a06fe1dc170eb42ab65a,2021-06,Derbyshire Constabulary,Derbyshire Constabulary,-1.477857,52.908961,On or near Whiston Street,E01013484,Derby 018C,Violence and sexual offences,Unable to prosecute suspect,
6cad3ea598cdd7dd7f853019365feb258e380ae2dc304e9cecd09d51af0a2d3e,2021-06,Derbyshire Constabulary,Derbyshire Constabulary,-1.477327,52.909696,On or near Holmes Street,E01013484,Derby 018C,Violence and sexual offences,Unable to prosecute suspect,
f1ade50f94eeea148bec57f1e0c155574a6283d3a261367d8fcc7b2300550468,2021-06,Derbyshire Constabulary,Derbyshire Constabulary,-1.477857,52.908961,On or near Whiston Street,E01013484,Derby 018C,Violence and sexual offences,Awaiting court outcome,
bb1cda17725a55746daa4882052c6d2ae7a26e34689fb8e0b54fb75f40d78a54,2021-06,Derbyshire Constabulary,Derbyshire Constabulary,-1.477857,52.908961,On or near Whiston Street,E01013484,Derby 018C,Violence and sexual offences,Investigation complete; no suspect identified,
7fd67437dd6e44cd85a7bccddfab0ebafcc7a2bb4c226febb12f448b547684c1,2021-06,Derbyshire Constabulary,Derbyshire Constabulary,-1.477558,52.911575,On or near Shopping Area,E01013484,Derby 018C,Violence and sexual offences,Unable to prosecute suspect,
a838b529b8463ea5c098b976bbade72cd452ecdef1db4d1571bb778b54202520,2021-06,Derbyshire Constabulary,Derbyshire Constabulary,-1.477857,52.908961,On or near Whiston Street,E01013484,Derby 018C,Violence and sexual offences,Unable to prosecute suspect,
427202f060e05c5a0d6a2bae8a73c589972bb9286555a63195059c324b2fb52f,2021-06,Derbyshire Constabulary,Derbyshire Constabulary,-1.478366,52.911112,On or near Lyndhurst Street,E01013484,Derby 018C,Violence and sexual offences,Unable to prosecute suspect,
5ee193bff4a2a4aed1023039ddebcb0b840ac7a591f967b9fd472e57e7355e22,2021-06,Derbyshire Constabulary,Derbyshire Constabulary,-1.477857,52.908961,On or near Whiston Street,E01013484,Derby 018C,Violence and sexual offences,Awaiting court outcome,
82f7a19edd2c7730cebe16ddfe0e2f534f02e186cb1a1f40986c0afdb08854ec,2021-06,Derbyshire Constabulary,Derbyshire Constabulary,-1.477857,52.908961,On or near Whiston Street,E01013484,Derby 018C,Violence and sexual offences,Unable to prosecute suspect,
875b874893d7ac7e9fec102e933a3293b6766c3632a9e8cbfd30af2b90c5b322,2021-06,Derbyshire Constabulary,Derbyshire Constabulary,-1.477558,52.911575,On or near Shopping Area,E01013484,Derby 018C,Violence and sexual offences,Unable to prosecute suspect,
0bf2a2462340f640b79509153129f877fd0f00908d243692b860ab6a37884004,2021-06,Derbyshire Constabulary,Derbyshire Constabulary,-1.478702,52.910367,On or near Chestnut Avenue,E01013484,Derby 018C,Violence and sexual offences,Investigation complete; no suspect identified,
ea3205ef56dc3d7604b896d015171f685870e4819d661f1ea68170ea77906bb1,2021-06,Derbyshire Constabulary,Derbyshire Constabulary,-1.478366,52.911112,On or near Lyndhurst Street,E01013484,Derby 018C,Violence and sexual offences,Unable to prosecute suspect,
d903d9e979dd7a3d57871cd0bd33d13a4c92060fbe3351c9ea68a505fd435447,2021-06,Derbyshire Constabulary,Derbyshire Constabulary,-1.479959,52.910948,On or near Industrial Street,E01013484,Derby 018C,Violence and sexual offences,Investigation complete; no suspect identified,
5753a03e25ad72a1d13c94cfa1c320b6f57d36c2e0d231e45029b9b159205646,2021-06,Derbyshire Constabulary,Derbyshire Constabulary,-1.475167,52.906360,On or near Richmond Road,E01013484,Derby 018C,Violence and sexual offences,Unable to prosecute suspect,
d523a204634bae2dde1853d1b0cc6e75e72fe4d9bbac218dc12d96e97d778e77,2021-06,Derbyshire Constabulary,Derbyshire Constabulary,-1.478366,52.911112,On or near Lyndhurst Street,E01013484,Derby 018C,Violence and sexual offences,Unable to prosecute suspect,
eb3e5166448fa32d6c4732e506a97ee2934aaa702cfd6d5ddb75b60a164c8ddd,2021-06,Derbyshire Constabulary,Derbyshire Constabulary,-1.476321,52.909323,On or near Whitaker Street,E01013484,Derby 018C,Violence and sexual offences,Unable to prosecute suspect,
276c6deece2404573e4e924a267ea275ecf5cbecd50d386c88cd0fc98a8869dc,2021-06,Derbyshire Constabulary,Derbyshire Constabulary,-1.477558,52.911575,On or near Shopping Area,E01013484,Derby 018C,Violence and sexual offences,Unable to prosecute suspect,
9df34432c364cd82aa88b1112a26b6634834ebb86a6c884702863c40f9fd75b3,2021-06,Derbyshire Constabulary,Derbyshire Constabulary,-1.477558,52.911575,On or near Shopping Area,E01013484,Derby 018C,Violence and sexual offences,Status update unavailable,
498124c169e9310058da061a9f8738d1d18018ef47ff72e6374b5d669a036bb6,2021-06,Derbyshire Constabulary,Derbyshire Constabulary,-1.477327,52.909696,On or near Holmes Street,E01013484,Derby 018C,Violence and sexual offences,Unable to prosecute suspect,
8100690b0d1f323e73bcfc85d75b962c441802c33d7f8ec3bd887a1bfea563a9,2021-06,Derbyshire Constabulary,Derbyshire Constabulary,-1.477857,52.908961,On or near Whiston Street,E01013484,Derby 018C,Violence and sexual offences,Unable to prosecute suspect,
2afde62453607ee116b13bec06b57b4b3df2ec19eb00584d4810c019ea795f54,2021-06,Derbyshire Constabulary,Derbyshire Constabulary,-1.477558,52.911575,On or near Shopping Area,E01013484,Derby 018C,Violence and sexual offences,Status update unavailable,
7651bc2ced881512c48796f30bfa488c98404987fd78171019dc368bb04114a8,2021-06,Derbyshire Constabulary,Derbyshire Constabulary,-1.475167,52.906360,On or near Richmond Road,E01013484,Derby 018C,Violence and sexual offences,Unable to prosecute suspect,
ee3b39ba8cb5118a9271fcaa2f66dcc724e79b05333b47deec7eaba5553a7aa6,2021-06,Derbyshire Constabulary,Derbyshire Constabulary,-1.477857,52.908961,On or near Whiston Street,E01013484,Derby 018C,Violence and sexual offences,Unable to prosecute suspect,
4ea87238f5160146e88dd4017e9b6590c353b76b413462a9a87de2106bca2367,2021-06,Derbyshire Constabulary,Derbyshire Constabulary,-1.478702,52.910367,On or near Chestnut Avenue,E01013484,Derby 018C,Violence and sexual offences,Unable to prosecute suspect,
34db8f68298f9865f5cbbc61ba6dc522a1bcd605b3d2993d18c8e59893c7f1b9,2021-06,Derbyshire Constabulary,Derbyshire Constabulary,-1.476030,52.905042,On or near Pear Tree Police Station,E01013484,Derby 018C,Violence and sexual offences,Awaiting court outcome,
5ba7cdde8cc596695dd3c0a44c968959f960d51e0b5d8fec7a9b2ef809df84f3,2021-06,Derbyshire Constabulary,Derbyshire Constabulary,-1.477857,52.908961,On or near Whiston Street,E01013484,Derby 018C,Violence and sexual offences,Status update unavailable,
e2674487efb2460c52dededb7f106eef5834a34d72541d721f7683c09d213608,2021-06,Derbyshire Constabulary,Derbyshire Constabulary,-1.479959,52.910948,On or near Industrial Street,E01013484,Derby 018C,Violence and sexual offences,Unable to prosecute suspect,
1f3dd604e2a8866a00a5efe150a7a82034ad6965ae031b68385002330e9fe8d4,2021-06,Derbyshire Constabulary,Derbyshire Constabulary,-1.475167,52.906360,On or near Richmond Road,E01013484,Derby 018C,Violence and sexual offences,Unable to prosecute suspect,
4867c03b714155d805aacf255d87022067d539c5b2d55c404d794515ac02cbb3,2021-06,Derbyshire Constabulary,Derbyshire Constabulary,-1.477558,52.911575,On or near Shopping Area,E01013484,Derby 018C,Violence and sexual offences,Unable to prosecute suspect,
4f20233b1ee6166e1e95801c1a825142abce3efc2c07dc4ee462d2cf69990a2d,2021-06,Derbyshire Constabulary,Derbyshire Constabulary,-1.477857,52.908961,On or near Whiston Street,E01013484,Derby 018C,Violence and sexual offences,Unable to prosecute suspect,
08beba8154825c9064bf028708d45514d49b419e5a2762ea5cb4a6a32570a4c5,2021-06,Derbyshire Constabulary,Derbyshire Constabulary,-1.478702,52.910367,On or near Chestnut Avenue,E01013484,Derby 018C,Violence and sexual offences,Investigation complete; no suspect identified,
e8f697af60bfa4453c14c30b22f5a724463615d86916b7aa8884eb3bdd75a34b,2021-06,Derbyshire Constabulary,Derbyshire Constabulary,-1.477327,52.909696,On or near Holmes Street,E01013484,Derby 018C,Violence and sexual offences,Awaiting court outcome,
e419d2e447c20daad701e030e6f8b1e836d9c192e0b0c5692f50fb5fb30aa448,2021-06,Derbyshire Constabulary,Derbyshire Constabulary,-1.477857,52.908961,On or near Whiston Street,E01013484,Derby 018C,Other crime,Awaiting court outcome,
487565c3d056f321b52fbb0704a08fa0a9df68a246ffdb788bab5910a3a6c986,2021-06,Derbyshire Constabulary,Derbyshire Constabulary,-1.474116,52.906014,On or near Becher Street,E01013484,Derby 018C,Other crime,Status update unavailable,
2c38b49675a57235c47bb2bcd5c7905321870391e505574b7508ad4d56065f2f,2021-06,Derbyshire Constabulary,Derbyshire Constabulary,-1.476445,52.906447,On or near Yates Street,E01013484,Derby 018C,Other crime,Unable to prosecute suspect,
,2021-06,Derbyshire Constabulary,Derbyshire Constabulary,-1.468590,52.908003,On or near Malcolm Street,E01013486,Derby 018D,Anti-social behaviour,,
,2021-06,Derbyshire Constabulary,Derbyshire Constabulary,-1.465978,52.906400,On or near Shaftesbury Street,E01013486,Derby 018D,Anti-social behaviour,,
,2021-06,Derbyshire Constabulary,Derbyshire Constabulary,-1.470502,52.904820,On or near Reeves Road,E01013486,Derby 018D,Anti-social behaviour,,
3a4f7f21bb852399894b7248f1aa66a26015220dd938a745133d47d9a677aec2,2021-06,Derbyshire Constabulary,Derbyshire Constabulary,-1.466326,52.909512,On or near Douglas Street,E01013486,Derby 018D,Robbery,Investigation complete; no suspect identified,
edb0fce068f09d568b64b11b119a4da4e21c3f553ffc8993a9a75282e23a7887,2021-06,Derbyshire Constabulary,Derbyshire Constabulary,-1.471964,52.905663,On or near Olivier Street,E01013486,Derby 018D,Violence and sexual offences,Investigation complete; no suspect identified,
36a3bd0f62bc2a14d7ddeefd8cbbcb05eecbca453cfeb0257b860375d801a14d,2021-06,Derbyshire Constabulary,Derbyshire Constabulary,-1.470502,52.904820,On or near Reeves Road,E01013486,Derby 018D,Violence and sexual offences,Unable to prosecute suspect,
6fa7a5d1138d71ceebe148e5f16d1fb33097365b093f7b1a2268055a015985d1,2021-06,Derbyshire Constabulary,Derbyshire Constabulary,-1.468590,52.908003,On or near Malcolm Street,E01013486,Derby 018D,Violence and sexual offences,Unable to prosecute suspect,
e8ed07fe6007a891812fb25ffb1b758eaed67df27e8512f7a4a1801f94d248bd,2021-06,Derbyshire Constabulary,Derbyshire Constabulary,-1.467157,52.906001,On or near Colombo Street,E01013486,Derby 018D,Violence and sexual offences,Unable to prosecute suspect,
b63e6c543ba2fb1fd18eda57f242b96c1ab8c7f6bee67951f00c7c738b567d59,2021-06,Derbyshire Constabulary,Derbyshire Constabulary,-1.470070,52.906149,On or near Leacroft Road,E01013486,Derby 018D,Violence and sexual offences,Status update unavailable,
,2021-06,Derbyshire Constabulary,Derbyshire Constabulary,-1.468587,52.904605,On or near Sports/Recreation Area,E01013487,Derby 018E,Anti-social behaviour,,
,2021-06,Derbyshire Constabulary,Derbyshire Constabulary,-1.471819,52.906561,On or near Dairy House Road,E01013487,Derby 018E,Anti-social behaviour,,
,2021-06,Derbyshire Constabulary,Derbyshire Constabulary,-1.473992,52.903910,On or near Rutland Street,E01013487,Derby 018E,Anti-social behaviour,,
,2021-06,Derbyshire Constabulary,Derbyshire Constabulary,-1.471255,52.907736,On or near Molineux Street,E01013487,Derby 018E,Anti-social behaviour,,
,2021-06,Derbyshire Constabulary,Derbyshire Constabulary,-1.471524,52.903908,On or near Holcombe Street,E01013487,Derby 018E,Anti-social behaviour,,
,2021-06,Derbyshire Constabulary,Derbyshire Constabulary,-1.474053,52.905043,On or near Petrol Station,E01013487,Derby 018E,Anti-social behaviour,,
,2021-06,Derbyshire Constabulary,Derbyshire Constabulary,-1.473424,52.902972,On or near Pear Tree Street,E01013487,Derby 018E,Anti-social behaviour,,
,2021-06,Derbyshire Constabulary,Derbyshire Constabulary,-1.474053,52.905043,On or near Petrol Station,E01013487,Derby 018E,Anti-social behaviour,,
,2021-06,Derbyshire Constabulary,Derbyshire Constabulary,-1.473992,52.903910,On or near Rutland Street,E01013487,Derby 018E,Anti-social behaviour,,
,2021-06,Derbyshire Constabulary,Derbyshire Constabulary,-1.474053,52.905043,On or near Petrol Station,E01013487,Derby 018E,Anti-social behaviour,,
,2021-06,Derbyshire Constabulary,Derbyshire Constabulary,-1.473992,52.903910,On or near Rutland Street,E01013487,Derby 018E,Anti-social behaviour,,
,2021-06,Derbyshire Constabulary,Derbyshire Constabulary,-1.469675,52.904367,On or near Shaftesbury Crescent,E01013487,Derby 018E,Anti-social behaviour,,
,2021-06,Derbyshire Constabulary,Derbyshire Constabulary,-1.473424,52.902972,On or near Pear Tree Street,E01013487,Derby 018E,Anti-social behaviour,,
,2021-06,Derbyshire Constabulary,Derbyshire Constabulary,-1.471255,52.907736,On or near Molineux Street,E01013487,Derby 018E,Anti-social behaviour,,
,2021-06,Derbyshire Constabulary,Derbyshire Constabulary,-1.473992,52.903910,On or near Rutland Street,E01013487,Derby 018E,Anti-social behaviour,,
,2021-06,Derbyshire Constabulary,Derbyshire Constabulary,-1.471524,52.903908,On or near Holcombe Street,E01013487,Derby 018E,Anti-social behaviour,,
,2021-06,Derbyshire Constabulary,Derbyshire Constabulary,-1.471255,52.907736,On or near Molineux Street,E01013487,Derby 018E,Anti-social behaviour,,
5f0e7f53c49588f6f07e31c2214b569b13f63edb9e746d6f9d42cb9df0992309,2021-06,Derbyshire Constabulary,Derbyshire Constabulary,-1.473424,52.902972,On or near Pear Tree Street,E01013487,Derby 018E,Bicycle theft,Investigation complete; no suspect identified,
727d65ee7819df703cc63b6ad9697ca82f4c852195754649e99b2030f39b0a0c,2021-06,Derbyshire Constabulary,Derbyshire Constabulary,-1.468552,52.902573,On or near Cotton Brook Road,E01013487,Derby 018E,Burglary,Investigation complete; no suspect identified,
8fbf6afb72a9d7491d9bb9d0f604519e1430adc47f2678ea591748be6cc7fae7,2021-06,Derbyshire Constabulary,Derbyshire Constabulary,-1.473992,52.903910,On or near Rutland Street,E01013487,Derby 018E,Criminal damage and arson,Local resolution,
0775f86cc709526e2ac22afde3a9b6353bede49ed2c119f1d7dd8d5fe9b9a275,2021-06,Derbyshire Constabulary,Derbyshire Constabulary,-1.473992,52.903910,On or near Rutland Street,E01013487,Derby 018E,Criminal damage and arson,Unable to prosecute suspect,
83949fc33065e9815ed56d43d19bee538fc2cdbd2a397179ac3cdc8a5a5fd8c7,2021-06,Derbyshire Constabulary,Derbyshire Constabulary,-1.473992,52.903910,On or near Rutland Street,E01013487,Derby 018E,Criminal damage and arson,Unable to prosecute suspect,
975e979e17ac89606def1884fcc34779c6784e98358f29a5a6ebfe69d7371bf3,2021-06,Derbyshire Constabulary,Derbyshire Constabulary,-1.471524,52.903908,On or near Holcombe Street,E01013487,Derby 018E,Drugs,Unable to prosecute suspect,
65ea50be3e72c85dde4754a2f316349829fd495ec0c59b45267618a80f2dc9d5,2021-06,Derbyshire Constabulary,Derbyshire Constabulary,-1.475399,52.901956,On or near Portland Street,E01013487,Derby 018E,Other theft,Unable to prosecute suspect,
e7cc62ae355fbf7f3561d167f01a42071098e166a76b51c260bbfa023c1f293c,2021-06,Derbyshire Constabulary,Derbyshire Constabulary,-1.473992,52.903910,On or near Rutland Street,E01013487,Derby 018E,Other theft,Unable to prosecute suspect,
a4f8a4b5266c268ad01678030a267d5d66f5ad406ccbbafb6d2e8c956f5d0c80,2021-06,Derbyshire Constabulary,Derbyshire Constabulary,-1.471524,52.903908,On or near Holcombe Street,E01013487,Derby 018E,Possession of weapons,Unable to prosecute suspect,
10f81f90e19fb0851eac2f37ae489224e6cfb29689471c4a7b4488ff3cd8263d,2021-06,Derbyshire Constabulary,Derbyshire Constabulary,-1.471255,52.907736,On or near Molineux Street,E01013487,Derby 018E,Public order,Unable to prosecute suspect,
cdbf1bd1211a467ddd87e491379810a68dbea3ac29335d48eeb622d102430804,2021-06,Derbyshire Constabulary,Derbyshire Constabulary,-1.473992,52.903910,On or near Rutland Street,E01013487,Derby 018E,Public order,Unable to prosecute suspect,
892c4e51b12468000d1109a8c83b3ff471c798f04e66da45255b59b53935f013,2021-06,Derbyshire Constabulary,Derbyshire Constabulary,-1.474868,52.901585,On or near Harrington Street,E01013487,Derby 018E,Public order,Unable to prosecute suspect,
9df6b9be55ea906a953834ef785ce64e7db12dbd9dacfa85ca8d2a932bd95624,2021-06,Derbyshire Constabulary,Derbyshire Constabulary,-1.475547,52.904438,On or near St Thomas Road,E01013487,Derby 018E,Public order,Awaiting court outcome,
a7e50fe75719bc4621d6e0cf1dd21001070f06fc501be14095613c18c13230d3,2021-06,Derbyshire Constabulary,Derbyshire Constabulary,-1.471255,52.907736,On or near Molineux Street,E01013487,Derby 018E,Public order,Unable to prosecute suspect,
e3b4389812dc5e8497e0b45d768048aefb974363321b6557bfbe2a06be06526c,2021-06,Derbyshire Constabulary,Derbyshire Constabulary,-1.469675,52.904367,On or near Shaftesbury Crescent,E01013487,Derby 018E,Public order,Unable to prosecute suspect,
f61af28909609dc96cc4e9d87642f2c8efd740c3538a3fa6775ae41fd504976a,2021-06,Derbyshire Constabulary,Derbyshire Constabulary,-1.471524,52.903908,On or near Holcombe Street,E01013487,Derby 018E,Public order,Unable to prosecute suspect,
2c378508dc7bb3071da569eb70baf58500ee85c7fbd321f5b4363df379623afd,2021-06,Derbyshire Constabulary,Derbyshire Constabulary,-1.473992,52.903910,On or near Rutland Street,E01013487,Derby 018E,Public order,Further investigation is not in the public interest,
5af240ec7a64d545ee5abd53d6c0dcfee0312ad05a0f587b40e6c74ea5635bbf,2021-06,Derbyshire Constabulary,Derbyshire Constabulary,-1.471255,52.907736,On or near Molineux Street,E01013487,Derby 018E,Public order,Unable to prosecute suspect,
5bfb14148ceceeaee3eb9ba369ef806b8dfdde691edb5356fc3e4e27416fede6,2021-06,Derbyshire Constabulary,Derbyshire Constabulary,-1.468587,52.904605,On or near Sports/Recreation Area,E01013487,Derby 018E,Vehicle crime,Unable to prosecute suspect,
d91df26c9b52e82474e87ff7ed6fa34d7a799b2084aa9a80f469227710305f50,2021-06,Derbyshire Constabulary,Derbyshire Constabulary,-1.474053,52.905043,On or near Petrol Station,E01013487,Derby 018E,Vehicle crime,Action to be taken by another organisation,
304f793820d147db7fc79ff85d7d200d2a544b3beccb392503712452c682f605,2021-06,Derbyshire Constabulary,Derbyshire Constabulary,-1.474053,52.905043,On or near Petrol Station,E01013487,Derby 018E,Vehicle crime,Investigation complete; no suspect identified,
17726b74ad3fe9932a05baf72c44b3416a363b02901f6c7392151121928ea68d,2021-06,Derbyshire Constabulary,Derbyshire Constabulary,-1.474868,52.901585,On or near Harrington Street,E01013487,Derby 018E,Violence and sexual offences,Unable to prosecute suspect,
4a4439784303cffcba21fdef1ed0940d9bebb74db1670c9b1fe9739b757d5f82,2021-06,Derbyshire Constabulary,Derbyshire Constabulary,-1.468587,52.904605,On or near Sports/Recreation Area,E01013487,Derby 018E,Violence and sexual offences,Unable to prosecute suspect,
7a91b179a0faed683c5d09979ae6659550e2461eab5521b24f9d8ca61634d213,2021-06,Derbyshire Constabulary,Derbyshire Constabulary,-1.472173,52.908019,On or near Sale Street,E01013487,Derby 018E,Violence and sexual offences,Unable to prosecute suspect,
edb0fce068f09d568b64b11b119a4da4e21c3f553ffc8993a9a75282e23a7887,2021-06,Derbyshire Constabulary,Derbyshire Constabulary,-1.474053,52.905043,On or near Petrol Station,E01013487,Derby 018E,Violence and sexual offences,Status update unavailable,
ab455f19d239a5c50985354ba301669f610987e6ac2b89fefba551fad8504769,2021-06,Derbyshire Constabulary,Derbyshire Constabulary,-1.472173,52.908019,On or near Sale Street,E01013487,Derby 018E,Violence and sexual offences,Unable to prosecute suspect,
60ac7b4e59a0a99098c3c210290287247bc6d3f4e87956f6d1f2641be2ff2950,2021-06,Derbyshire Constabulary,Derbyshire Constabulary,-1.473992,52.903910,On or near Rutland Street,E01013487,Derby 018E,Violence and sexual offences,Status update unavailable,
7e536a3c5cbf1ff5112ea94279699a1c79a47d7d4d3dc185a1e5547665bac066,2021-06,Derbyshire Constabulary,Derbyshire Constabulary,-1.474053,52.905043,On or near Petrol Station,E01013487,Derby 018E,Violence and sexual offences,Investigation complete; no suspect identified,
5e953aa450a3a00b49fcf483a6a9780dbed79f255a5f86cff901b7f562f7250d,2021-06,Derbyshire Constabulary,Derbyshire Constabulary,-1.469485,52.904078,On or near Vulcan Street,E01013487,Derby 018E,Violence and sexual offences,Unable to prosecute suspect,
735e3a1c6f96247e310d4b1186251f748cf31c84ce004f0c251aecaabb8c7923,2021-06,Derbyshire Constabulary,Derbyshire Constabulary,-1.475547,52.904438,On or near St Thomas Road,E01013487,Derby 018E,Violence and sexual offences,Awaiting court outcome,
9fadf3904edef8f085b67e80278b44ec4c9813354ded1dc9d1ce0b8ba5dfc484,2021-06,Derbyshire Constabulary,Derbyshire Constabulary,-1.473992,52.903910,On or near Rutland Street,E01013487,Derby 018E,Violence and sexual offences,Unable to prosecute suspect,
fc858861d61dda174b0a4b8544b9653fcc2e44a2fd17e04cbe59203b55318e43,2021-06,Derbyshire Constabulary,Derbyshire Constabulary,-1.474053,52.905043,On or near Petrol Station,E01013487,Derby 018E,Violence and sexual offences,Offender given a caution,
fa4f05bb65cad211d4b40b45204a5c5c50f212901dd3f8df6304f7c6281893d8,2021-06,Derbyshire Constabulary,Derbyshire Constabulary,-1.471819,52.906561,On or near Dairy House Road,E01013487,Derby 018E,Violence and sexual offences,Status update unavailable,
7410cfbc87247c49c4cb5812ea4c6c517514092fe6a7ca154c5daa908c29cf8b,2021-06,Derbyshire Constabulary,Derbyshire Constabulary,-1.473992,52.903910,On or near Rutland Street,E01013487,Derby 018E,Violence and sexual offences,Unable to prosecute suspect,
7721ab94ea01225b329184da175da9d4dfefc64fb968846d00f2be542af98e12,2021-06,Derbyshire Constabulary,Derbyshire Constabulary,-1.474053,52.905043,On or near Petrol Station,E01013487,Derby 018E,Violence and sexual offences,Unable to prosecute suspect,
2b2572157f7a1c1b6f14ad7bfa69200383db4b8d56d2464f8daa03063bc73b10,2021-06,Derbyshire Constabulary,Derbyshire Constabulary,-1.475547,52.904438,On or near St Thomas Road,E01013487,Derby 018E,Violence and sexual offences,Awaiting court outcome,
,2021-06,Derbyshire Constabulary,Derbyshire Constabulary,-1.476735,52.913226,On or near Normanton Road,E01033166,Derby 018F,Anti-social behaviour,,
,2021-06,Derbyshire Constabulary,Derbyshire Constabulary,-1.471209,52.912743,On or near Arboretum Street,E01033166,Derby 018F,Anti-social behaviour,,
,2021-06,Derbyshire Constabulary,Derbyshire Constabulary,-1.465557,52.916403,On or near Park Street,E01033166,Derby 018F,Anti-social behaviour,,
,2021-06,Derbyshire Constabulary,Derbyshire Constabulary,-1.468574,52.914205,On or near Hospital,E01033166,Derby 018F,Anti-social behaviour,,
,2021-06,Derbyshire Constabulary,Derbyshire Constabulary,-1.476735,52.913226,On or near Normanton Road,E01033166,Derby 018F,Anti-social behaviour,,
,2021-06,Derbyshire Constabulary,Derbyshire Constabulary,-1.465031,52.916859,On or near Midland Place,E01033166,Derby 018F,Anti-social behaviour,,
,2021-06,Derbyshire Constabulary,Derbyshire Constabulary,-1.475014,52.914081,On or near Leonard Close,E01033166,Derby 018F,Anti-social behaviour,,
,2021-06,Derbyshire Constabulary,Derbyshire Constabulary,-1.467806,52.912503,On or near Bloomfield Close,E01033166,Derby 018F,Anti-social behaviour,,
,2021-06,Derbyshire Constabulary,Derbyshire Constabulary,-1.476735,52.913226,On or near Normanton Road,E01033166,Derby 018F,Anti-social behaviour,,
,2021-06,Derbyshire Constabulary,Derbyshire Constabulary,-1.476735,52.913226,On or near Normanton Road,E01033166,Derby 018F,Anti-social behaviour,,
,2021-06,Derbyshire Constabulary,Derbyshire Constabulary,-1.465285,52.919189,On or near Siddals Road,E01033166,Derby 018F,Anti-social behaviour,,
,2021-06,Derbyshire Constabulary,Derbyshire Constabulary,-1.463909,52.917430,On or near Railway Terrace,E01033166,Derby 018F,Anti-social behaviour,,
,2021-06,Derbyshire Constabulary,Derbyshire Constabulary,-1.465031,52.916859,On or near Midland Place,E01033166,Derby 018F,Anti-social behaviour,,
,2021-06,Derbyshire Constabulary,Derbyshire Constabulary,-1.466439,52.917306,On or near Canal Street,E01033166,Derby 018F,Anti-social behaviour,,
,2021-06,Derbyshire Constabulary,Derbyshire Constabulary,-1.468574,52.914205,On or near Hospital,E01033166,Derby 018F,Anti-social behaviour,,
,2021-06,Derbyshire Constabulary,Derbyshire Constabulary,-1.466439,52.917306,On or near Canal Street,E01033166,Derby 018F,Anti-social behaviour,,
,2021-06,Derbyshire Constabulary,Derbyshire Constabulary,-1.471861,52.917789,On or near London Road,E01033166,Derby 018F,Anti-social behaviour,,
a4ec786bb8f3a102ea4dadb5b948b326d7758edc0a899b1583c105290c6ae6c1,2021-06,Derbyshire Constabulary,Derbyshire Constabulary,-1.465557,52.916403,On or near Park Street,E01033166,Derby 018F,Bicycle theft,Investigation complete; no suspect identified,
40992d7b41cd476a0c6927e833c508d63617bd3a758d895b20e19dea7fcad483,2021-06,Derbyshire Constabulary,Derbyshire Constabulary,-1.465285,52.919189,On or near Siddals Road,E01033166,Derby 018F,Burglary,Status update unavailable,
86c955037088632d9ede46dfa67fd9ad79efbefccd1bc1dfe7444a1334f3cad3,2021-06,Derbyshire Constabulary,Derbyshire Constabulary,-1.475014,52.914081,On or near Leonard Close,E01033166,Derby 018F,Burglary,Unable to prosecute suspect,
64b85f45c0ddc7b4db2b16ba179e45f01b539d3e9648f5c2b90b37d4650a0cfb,2021-06,Derbyshire Constabulary,Derbyshire Constabulary,-1.468953,52.920841,On or near Station Approach,E01033166,Derby 018F,Burglary,Investigation complete; no suspect identified,
10e64e3e6da785737a25e4a3cfe60c90a7d38e8d59839e6779b7001275c6e5bf,2021-06,Derbyshire Constabulary,Derbyshire Constabulary,-1.465285,52.919189,On or near Siddals Road,E01033166,Derby 018F,Criminal damage and arson,Unable to prosecute suspect,
9b177da32093a21f95b9a29b3fd7e331a1986731fea1c1bd544ccc7585621052,2021-06,Derbyshire Constabulary,Derbyshire Constabulary,-1.475014,52.914081,On or near Leonard Close,E01033166,Derby 018F,Criminal damage and arson,Unable to prosecute suspect,
14d35d8c966fa2e56b0a928a5622f8a484a5d0448999f73dbe48eb098502ec57,2021-06,Derbyshire Constabulary,Derbyshire Constabulary,-1.469770,52.917312,On or near Liversage Road,E01033166,Derby 018F,Criminal damage and arson,Investigation complete; no suspect identified,
116c7bfebb267f5a1c9513e13cb825961d052a12da1e8badfb9610e137f4e1c1,2021-06,Derbyshire Constabulary,Derbyshire Constabulary,-1.474755,52.914646,On or near Hartington Street,E01033166,Derby 018F,Criminal damage and arson,Status update unavailable,
552906c9e7539c3fceea0178b2f2beadf69c67905f148eb40c6c093de131dbf1,2021-06,Derbyshire Constabulary,Derbyshire Constabulary,-1.474755,52.914646,On or near Hartington Street,E01033166,Derby 018F,Criminal damage and arson,Status update unavailable,
c43589db3af3f39487ddea9ffd93a389ff02ef6a4d4bd05857c2a4efed316869,2021-06,Derbyshire Constabulary,Derbyshire Constabulary,-1.465285,52.919189,On or near Siddals Road,E01033166,Derby 018F,Criminal damage and arson,Status update unavailable,
d906bf34fb123dda38d8ffed67e99e7e68b0a5788bc204e4adf930e8d5ec3519,2021-06,Derbyshire Constabulary,Derbyshire Constabulary,-1.472407,52.914501,On or near Leonard Street,E01033166,Derby 018F,Criminal damage and arson,Status update unavailable,
38bd081cae8ca4205571a68d59404b58fc3e17f3f033ba7022cbdf9db1d8e63b,2021-06,Derbyshire Constabulary,Derbyshire Constabulary,-1.471366,52.913256,On or near Morleston Street,E01033166,Derby 018F,Drugs,Status update unavailable,
64bc06a945e069fd961efa05521a14a4dfb6217a851eafdea16a499a90d2aa08,2021-06,Derbyshire Constabulary,Derbyshire Constabulary,-1.463909,52.917430,On or near Railway Terrace,E01033166,Derby 018F,Drugs,Status update unavailable,
12db724e66708037c1a3ad846d9b66d0e4cd05e95f9e6046f0ae0ef5b646a319,2021-06,Derbyshire Constabulary,Derbyshire Constabulary,-1.476735,52.913226,On or near Normanton Road,E01033166,Derby 018F,Other theft,Unable to prosecute suspect,
a4293f7ce03336f193ee5498ae9357a86738247d682ac3ca4bee1a7fbf5e647b,2021-06,Derbyshire Constabulary,Derbyshire Constabulary,-1.474755,52.914646,On or near Hartington Street,E01033166,Derby 018F,Other theft,Unable to prosecute suspect,
942f72e90e76d1a1323985b28e0a478fe93fb954c46753a33ec599b8b3a27e71,2021-06,Derbyshire Constabulary,Derbyshire Constabulary,-1.470219,52.918285,On or near Hope Street,E01033166,Derby 018F,Other theft,Investigation complete; no suspect identified,
60e197e4e9e7b205147f987670c23c7316c255b1e85c63e8a5839d5ed49dad6e,2021-06,Derbyshire Constabulary,Derbyshire Constabulary,-1.471366,52.913256,On or near Morleston Street,E01033166,Derby 018F,Other theft,Unable to prosecute suspect,
2fde3444ba340e46ca62004c5dccdc5d2bd5abc0451b9914110c7c9aa61d23ce,2021-06,Derbyshire Constabulary,Derbyshire Constabulary,-1.468574,52.914205,On or near Hospital,E01033166,Derby 018F,Other theft,Status update unavailable,
c4d75c53821e7de540e961361f096a5c0a7d83ad1121567da485aedcb67915bd,2021-06,Derbyshire Constabulary,Derbyshire Constabulary,-1.470219,52.918285,On or near Hope Street,E01033166,Derby 018F,Possession of weapons,Awaiting court outcome,
8e4ab121d32682ec3237ea7ca2ef4ba0b6188b8444be0b4836546441e6b44ab3,2021-06,Derbyshire Constabulary,Derbyshire Constabulary,-1.468953,52.920841,On or near Station Approach,E01033166,Derby 018F,Public order,Unable to prosecute suspect,
782395e9b78298f4edcb2e524e5bd52e9449c8478742a18d9c8db7ede43e7baf,2021-06,Derbyshire Constabulary,Derbyshire Constabulary,-1.465285,52.919189,On or near Siddals Road,E01033166,Derby 018F,Public order,Investigation complete; no suspect identified,
a6bc26cf01b2997077e064d3ac3c8d1ce136ef2b4c2eab649a045b84ab7868d2,2021-06,Derbyshire Constabulary,Derbyshire Constabulary,-1.465557,52.916403,On or near Park Street,E01033166,Derby 018F,Public order,Unable to prosecute suspect,
1553320def264c9ffefe682e7249ea04e0896bfe3ff3764642c701ae247dcc33,2021-06,Derbyshire Constabulary,Derbyshire Constabulary,-1.465557,52.916403,On or near Park Street,E01033166,Derby 018F,Public order,Unable to prosecute suspect,
1a08629ae6f28d66c85b17f1065702290ca5a5e8c06adfac7b081bb7a64dd2f0,2021-06,Derbyshire Constabulary,Derbyshire Constabulary,-1.471861,52.917789,On or near London Road,E01033166,Derby 018F,Public order,Investigation complete; no suspect identified,
cb5b8f7e35598672da68f3737ef5904bed32686a2bf164eec192723473f3f712,2021-06,Derbyshire Constabulary,Derbyshire Constabulary,-1.466439,52.917306,On or near Canal Street,E01033166,Derby 018F,Public order,Investigation complete; no suspect identified,
79663814fa29534be1ea0708bf2638521297ef4c11a48bd7a5b54b3d3d7cf41a,2021-06,Derbyshire Constabulary,Derbyshire Constabulary,-1.465031,52.916859,On or near Midland Place,E01033166,Derby 018F,Public order,Investigation complete; no suspect identified,
bc9e98eceda8a00f5e32664a36f69894d8054287dfca49add11b7f2e2533c075,2021-06,Derbyshire Constabulary,Derbyshire Constabulary,-1.471861,52.917789,On or near London Road,E01033166,Derby 018F,Shoplifting,Local resolution,
e0b654ba879064a55d2555055dddbf58c7b120a50a02c7a1bc94dcc057b2ed7f,2021-06,Derbyshire Constabulary,Derbyshire Constabulary,-1.471861,52.917789,On or near London Road,E01033166,Derby 018F,Shoplifting,Unable to prosecute suspect,
3000829caccba9e9833b010039ffa2c59d0936d467b2caa7f74e4d28b6b912c5,2021-06,Derbyshire Constabulary,Derbyshire Constabulary,-1.471861,52.917789,On or near London Road,E01033166,Derby 018F,Shoplifting,Awaiting court outcome,
5c3546a13d3d1b23cef2c27a10da840273b92af005b8da8d8c137ca56a96274a,2021-06,Derbyshire Constabulary,Derbyshire Constabulary,-1.471861,52.917789,On or near London Road,E01033166,Derby 018F,Shoplifting,Investigation complete; no suspect identified,
30803c5bf03163cc35cc7a7273118a73ccdbf71c5305af82ac0351a9810fac65,2021-06,Derbyshire Constabulary,Derbyshire Constabulary,-1.471861,52.917789,On or near London Road,E01033166,Derby 018F,Shoplifting,Local resolution,
bf88d5244829017329b146c4da00de884ae0d5d560bce52d6ff20ef18a4ed4d0,2021-06,Derbyshire Constabulary,Derbyshire Constabulary,-1.465557,52.916403,On or near Park Street,E01033166,Derby 018F,Violence and sexual offences,Awaiting court outcome,
677b7fa6d7123d9b04384e849aa0530a91b5d24583243af5ae1b69edc18ee1d2,2021-06,Derbyshire Constabulary,Derbyshire Constabulary,-1.466439,52.917306,On or near Canal Street,E01033166,Derby 018F,Violence and sexual offences,Investigation complete; no suspect identified,
7d727b491c877f94f7ade96472a85f7a2571ae4c5be4252748899c4dcfe3fe9b,2021-06,Derbyshire Constabulary,Derbyshire Constabulary,-1.476735,52.913226,On or near Normanton Road,E01033166,Derby 018F,Violence and sexual offences,Unable to prosecute suspect,
21fff16215c7c5b9076f59d490542e83e03d3d07c1d6b83a6daf60c64dc6c0a7,2021-06,Derbyshire Constabulary,Derbyshire Constabulary,-1.463909,52.917430,On or near Railway Terrace,E01033166,Derby 018F,Violence and sexual offences,Unable to prosecute suspect,
426a719221fa428c655af9bd8d9a5d3b994638edffe6600e3e8a3e367e2175fc,2021-06,Derbyshire Constabulary,Derbyshire Constabulary,-1.472407,52.914501,On or near Leonard Street,E01033166,Derby 018F,Violence and sexual offences,Unable to prosecute suspect,
cdf511a2af56cd37bfb4455b7d47a11d2865bcc641a337c7f6c77b013e90680b,2021-06,Derbyshire Constabulary,Derbyshire Constabulary,-1.474755,52.914646,On or near Hartington Street,E01033166,Derby 018F,Violence and sexual offences,Status update unavailable,
1c8cdf237826566b1a68e7a886ab916c1149348b2bf27d385a3bb9d9da6e1fcf,2021-06,Derbyshire Constabulary,Derbyshire Constabulary,-1.474755,52.914646,On or near Hartington Street,E01033166,Derby 018F,Violence and sexual offences,Unable to prosecute suspect,
91970a14bb230bafc60e7974ca559257af1561e3a827751e6393e4d8408ba633,2021-06,Derbyshire Constabulary,Derbyshire Constabulary,-1.471861,52.917789,On or near London Road,E01033166,Derby 018F,Violence and sexual offences,Awaiting court outcome,
3beca154edd2c532b7342d06bc1206b3783ff25654613b99fb14f663fba14739,2021-06,Derbyshire Constabulary,Derbyshire Constabulary,-1.476735,52.913226,On or near Normanton Road,E01033166,Derby 018F,Violence and sexual offences,Unable to prosecute suspect,
9918dba391a39b1196f0eb7437216ad1f3f7f7fa87d8acb58afe8a5058d1e798,2021-06,Derbyshire Constabulary,Derbyshire Constabulary,-1.471861,52.917789,On or near London Road,E01033166,Derby 018F,Violence and sexual offences,Awaiting court outcome,
84d94de4263264343b399fe0bdaf6787c293f389477b7f56d2174a2df78a4786,2021-06,Derbyshire Constabulary,Derbyshire Constabulary,-1.469499,52.923657,On or near Meadow Road,E01033166,Derby 018F,Violence and sexual offences,Status update unavailable,
f2658b728b2967f7c0101b61bb05feffcf0f44970a71efe6397c81b64d119e58,2021-06,Derbyshire Constabulary,Derbyshire Constabulary,-1.471366,52.913256,On or near Morleston Street,E01033166,Derby 018F,Violence and sexual offences,Unable to prosecute suspect,
ab9dd1913d80f69273a8c85b0a682b3230eed419f200bed5949d8ffaec2b2e0c,2021-06,Derbyshire Constabulary,Derbyshire Constabulary,-1.465557,52.916403,On or near Park Street,E01033166,Derby 018F,Violence and sexual offences,Awaiting court outcome,
ca23088185537077bdcc5f3623fcf9d73e65797d6d87d68e0d961bfd6ef533af,2021-06,Derbyshire Constabulary,Derbyshire Constabulary,-1.471366,52.913256,On or near Morleston Street,E01033166,Derby 018F,Violence and sexual offences,Unable to prosecute suspect,
97c5ff11391eea631accc3e4c3b45ca3d347c58eca6358522f99c63453cbf5da,2021-06,Derbyshire Constabulary,Derbyshire Constabulary,-1.474755,52.914646,On or near Hartington Street,E01033166,Derby 018F,Violence and sexual offences,Unable to prosecute suspect,
6132b7b3a5b7065d6fe0e2bd390345362a23f0ec12cb388a9ee130722dc0fa8c,2021-06,Derbyshire Constabulary,Derbyshire Constabulary,-1.466439,52.917306,On or near Canal Street,E01033166,Derby 018F,Violence and sexual offences,Unable to prosecute suspect,
22c6d986c05e3b97069d8636b62c70f0df5e90427f4f8d38b36da66990bb3c60,2021-06,Derbyshire Constabulary,Derbyshire Constabulary,-1.471861,52.917789,On or near London Road,E01033166,Derby 018F,Violence and sexual offences,Awaiting court outcome,
a838b529b8463ea5c098b976bbade72cd452ecdef1db4d1571bb778b54202520,2021-06,Derbyshire Constabulary,Derbyshire Constabulary,-1.476735,52.913226,On or near Normanton Road,E01033166,Derby 018F,Violence and sexual offences,Status update unavailable,
2a3647f548a627cf2bf66ba54b9375d606d1312c2de4d92ffa72d0e7f2293e30,2021-06,Derbyshire Constabulary,Derbyshire Constabulary,-1.465285,52.919189,On or near Siddals Road,E01033166,Derby 018F,Violence and sexual offences,Status update unavailable,
14162e5d730c21bcf73afd9319ea95f623a52aeb7d4db501e1c133b2cd0851e4,2021-06,Derbyshire Constabulary,Derbyshire Constabulary,-1.465557,52.916403,On or near Park Street,E01033166,Derby 018F,Violence and sexual offences,Unable to prosecute suspect,
59c964a8d989e75d306217f285587ce0ccdb05ca29b5456c1e74c74029e48c97,2021-06,Derbyshire Constabulary,Derbyshire Constabulary,-1.465285,52.919189,On or near Siddals Road,E01033166,Derby 018F,Violence and sexual offences,Unable to prosecute suspect,
4df62255256fd85fdc9cb04aa57b814eb00d364abefe4411d5a06b21436a4f28,2021-06,Derbyshire Constabulary,Derbyshire Constabulary,-1.465285,52.919189,On or near Siddals Road,E01033166,Derby 018F,Violence and sexual offences,Unable to prosecute suspect,
,2021-06,Derbyshire Constabulary,Derbyshire Constabulary,-1.466930,52.914845,On or near London Road,E01033167,Derby 018G,Anti-social behaviour,,
,2021-06,Derbyshire Constabulary,Derbyshire Constabulary,-1.466930,52.914845,On or near London Road,E01033167,Derby 018G,Anti-social behaviour,,
,2021-06,Derbyshire Constabulary,Derbyshire Constabulary,-1.465823,52.910534,On or near Ivy Square,E01033167,Derby 018G,Anti-social behaviour,,
,2021-06,Derbyshire Constabulary,Derbyshire Constabulary,-1.467755,52.908233,On or near Tintagel Close,E01033167,Derby 018G,Anti-social behaviour,,
,2021-06,Derbyshire Constabulary,Derbyshire Constabulary,-1.466930,52.914845,On or near London Road,E01033167,Derby 018G,Anti-social behaviour,,
,2021-06,Derbyshire Constabulary,Derbyshire Constabulary,-1.466930,52.914845,On or near London Road,E01033167,Derby 018G,Anti-social behaviour,,
,2021-06,Derbyshire Constabulary,Derbyshire Constabulary,-1.467306,52.912105,On or near Sidney Street,E01033167,Derby 018G,Anti-social behaviour,,
,2021-06,Derbyshire Constabulary,Derbyshire Constabulary,-1.466930,52.914845,On or near London Road,E01033167,Derby 018G,Anti-social behaviour,,
,2021-06,Derbyshire Constabulary,Derbyshire Constabulary,-1.463744,52.912701,On or near Osborne Street,E01033167,Derby 018G,Anti-social behaviour,,
,2021-06,Derbyshire Constabulary,Derbyshire Constabulary,-1.466808,52.916337,On or near Carrington Street,E01033167,Derby 018G,Anti-social behaviour,,
,2021-06,Derbyshire Constabulary,Derbyshire Constabulary,-1.466930,52.914845,On or near London Road,E01033167,Derby 018G,Anti-social behaviour,,
,2021-06,Derbyshire Constabulary,Derbyshire Constabulary,-1.464789,52.914773,On or near Nelson Street,E01033167,Derby 018G,Anti-social behaviour,,
,2021-06,Derbyshire Constabulary,Derbyshire Constabulary,-1.468644,52.912093,On or near Osmaston Road,E01033167,Derby 018G,Anti-social behaviour,,
,2021-06,Derbyshire Constabulary,Derbyshire Constabulary,-1.468644,52.912093,On or near Osmaston Road,E01033167,Derby 018G,Anti-social behaviour,,
,2021-06,Derbyshire Constabulary,Derbyshire Constabulary,-1.465585,52.915370,On or near Midland Road,E01033167,Derby 018G,Anti-social behaviour,,
,2021-06,Derbyshire Constabulary,Derbyshire Constabulary,-1.465585,52.915370,On or near Midland Road,E01033167,Derby 018G,Anti-social behaviour,,
,2021-06,Derbyshire Constabulary,Derbyshire Constabulary,-1.465585,52.915370,On or near Midland Road,E01033167,Derby 018G,Anti-social behaviour,,
,2021-06,Derbyshire Constabulary,Derbyshire Constabulary,-1.465823,52.910534,On or near Ivy Square,E01033167,Derby 018G,Anti-social behaviour,,
,2021-06,Derbyshire Constabulary,Derbyshire Constabulary,-1.464255,52.917081,On or near Leeds Place,E01033167,Derby 018G,Anti-social behaviour,,
,2021-06,Derbyshire Constabulary,Derbyshire Constabulary,-1.466930,52.914845,On or near London Road,E01033167,Derby 018G,Anti-social behaviour,,
,2021-06,Derbyshire Constabulary,Derbyshire Constabulary,-1.465823,52.910534,On or near Ivy Square,E01033167,Derby 018G,Anti-social behaviour,,
,2021-06,Derbyshire Constabulary,Derbyshire Constabulary,-1.464389,52.909827,On or near Dexter Street,E01033167,Derby 018G,Anti-social behaviour,,
,2021-06,Derbyshire Constabulary,Derbyshire Constabulary,-1.467199,52.914739,On or near Regent Street,E01033167,Derby 018G,Anti-social behaviour,,
,2021-06,Derbyshire Constabulary,Derbyshire Constabulary,-1.464789,52.914773,On or near Nelson Street,E01033167,Derby 018G,Anti-social behaviour,,
,2021-06,Derbyshire Constabulary,Derbyshire Constabulary,-1.464389,52.909827,On or near Dexter Street,E01033167,Derby 018G,Anti-social behaviour,,
dc7d0077a712c93026e411e1666c4297c6a0fdee6468a6988a153990667953f9,2021-06,Derbyshire Constabulary,Derbyshire Constabulary,-1.464389,52.909827,On or near Dexter Street,E01033167,Derby 018G,Burglary,Local resolution,
00d645e19c1918a07d5a2c24c2add34f3c6b2e2ff69984e4dcdbe18401a76464,2021-06,Derbyshire Constabulary,Derbyshire Constabulary,-1.467755,52.908233,On or near Tintagel Close,E01033167,Derby 018G,Criminal damage and arson,Unable to prosecute suspect,
f612419760b17f7196f06c9d46f88765fc7434e432013b32ae142189a9cf699d,2021-06,Derbyshire Constabulary,Derbyshire Constabulary,-1.466808,52.916337,On or near Carrington Street,E01033167,Derby 018G,Criminal damage and arson,Unable to prosecute suspect,
e182369b5cccc89867e430064d022225a131b2d1ff9d7273da20892285f5c244,2021-06,Derbyshire Constabulary,Derbyshire Constabulary,-1.466930,52.914845,On or near London Road,E01033167,Derby 018G,Other theft,Status update unavailable,
811c36a000192753a79511b8bcb42525befc628eaa50f58ad801d0d0e31cc203,2021-06,Derbyshire Constabulary,Derbyshire Constabulary,-1.465585,52.915370,On or near Midland Road,E01033167,Derby 018G,Other theft,Investigation complete; no suspect identified,
e06f844514df9656f1fffd1b1c377a5575702f73abe9f6f3207efba7c180e361,2021-06,Derbyshire Constabulary,Derbyshire Constabulary,-1.464389,52.909827,On or near Dexter Street,E01033167,Derby 018G,Other theft,Local resolution,
926f6131a2f79f893080def888d43f6ffd8e5fba70565965801fbad4c327eb8f,2021-06,Derbyshire Constabulary,Derbyshire Constabulary,-1.464789,52.914773,On or near Nelson Street,E01033167,Derby 018G,Possession of weapons,Action to be taken by another organisation,
8a7c51fea4bd8e236e9be4ab8a985c0770ee5340b9832a1a0f6859ba79eab3ab,2021-06,Derbyshire Constabulary,Derbyshire Constabulary,-1.466808,52.916337,On or near Carrington Street,E01033167,Derby 018G,Possession of weapons,Status update unavailable,
cb0313cd2a1ae11a3df6e1f8420c2d8d65ac8a3a994cace32a0ba6d9e0c13ed3,2021-06,Derbyshire Constabulary,Derbyshire Constabulary,-1.465823,52.910534,On or near Ivy Square,E01033167,Derby 018G,Public order,Investigation complete; no suspect identified,
91b0feac366779e8323e33f3fd1bdd707fd555851a9841630d1075f9d50de346,2021-06,Derbyshire Constabulary,Derbyshire Constabulary,-1.466009,52.915929,On or near Wellington Street,E01033167,Derby 018G,Public order,Unable to prosecute suspect,
dc8346525d7d0e859f29a3bfcf270a97bc0c8ea1f0ae49a607033b5c5d02e707,2021-06,Derbyshire Constabulary,Derbyshire Constabulary,-1.466009,52.915929,On or near Wellington Street,E01033167,Derby 018G,Public order,Unable to prosecute suspect,
38fe019397ac752e5a83c1e119be3892e7ca1debcd76c2d8bfe3ade46540c818,2021-06,Derbyshire Constabulary,Derbyshire Constabulary,-1.466930,52.914845,On or near London Road,E01033167,Derby 018G,Public order,Investigation complete; no suspect identified,
899804e6973933b215a81d9740945b93586ea7f1699ad6ed71398eff165a217c,2021-06,Derbyshire Constabulary,Derbyshire Constabulary,-1.464789,52.914773,On or near Nelson Street,E01033167,Derby 018G,Public order,Unable to prosecute suspect,
d6ab81374efd43db58d8ca48a6fadb7e22efff1f8e62817ddc547cebd54c60c8,2021-06,Derbyshire Constabulary,Derbyshire Constabulary,-1.464389,52.909827,On or near Dexter Street,E01033167,Derby 018G,Robbery,Unable to prosecute suspect,
723988ff80987865cfe44f8046ab969560b537e2926766e456cb849420d65156,2021-06,Derbyshire Constabulary,Derbyshire Constabulary,-1.467755,52.908233,On or near Tintagel Close,E01033167,Derby 018G,Vehicle crime,Unable to prosecute suspect,
f3807c1dabef8893d7357c23c03a7ef9c4ee4ad679243228cfc32a558415eefd,2021-06,Derbyshire Constabulary,Derbyshire Constabulary,-1.467199,52.914739,On or near Regent Street,E01033167,Derby 018G,Violence and sexual offences,Investigation complete; no suspect identified,
7c1c7669e1a9ebfaaa6465d410a41f1a5534fe22412496884472e66d436fdfd5,2021-06,Derbyshire Constabulary,Derbyshire Constabulary,-1.465823,52.910534,On or near Ivy Square,E01033167,Derby 018G,Violence and sexual offences,Unable to prosecute suspect,
f243993d015b8b58126fb40ef0c407e8ba34edfb101eaaaab7c6100c63776533,2021-06,Derbyshire Constabulary,Derbyshire Constabulary,-1.468644,52.912093,On or near Osmaston Road,E01033167,Derby 018G,Violence and sexual offences,Status update unavailable,
5d0aaf09763c4d6ceaa2d150747c13c5a97d0889e8745a01e33e3adbbf2f702b,2021-06,Derbyshire Constabulary,Derbyshire Constabulary,-1.467755,52.908233,On or near Tintagel Close,E01033167,Derby 018G,Violence and sexual offences,Unable to prosecute suspect,
cb6a634905126211599450c247ecc65db659034afe71afa5ecfb6e0772ba0c99,2021-06,Derbyshire Constabulary,Derbyshire Constabulary,-1.467755,52.908233,On or near Tintagel Close,E01033167,Derby 018G,Violence and sexual offences,Status update unavailable,
99fa07e395752d6660d9ae75839ebe7c702c8593235b5e7d9701b711b59822c1,2021-06,Derbyshire Constabulary,Derbyshire Constabulary,-1.468644,52.912093,On or near Osmaston Road,E01033167,Derby 018G,Violence and sexual offences,Status update unavailable,
11439787b0d22041274fa6af2fd1c221fcd3ee976b95f47d258aeecbeed3812a,2021-06,Derbyshire Constabulary,Derbyshire Constabulary,-1.464789,52.914773,On or near Nelson Street,E01033167,Derby 018G,Violence and sexual offences,Unable to prosecute suspect,
c12bac8b7b4e5978ce03e209cd471273f55d62810a8590e494613c8232db1a00,2021-06,Derbyshire Constabulary,Derbyshire Constabulary,-1.467199,52.914739,On or near Regent Street,E01033167,Derby 018G,Violence and sexual offences,Unable to prosecute suspect,
73296af9ddd50d42c828e4b5fdeb27e4de96a7f66bd61bce1b3a47388e4986e3,2021-06,Derbyshire Constabulary,Derbyshire Constabulary,-1.467306,52.912105,On or near Sidney Street,E01033167,Derby 018G,Violence and sexual offences,Unable to prosecute suspect,
39541836be8d8a62434b71734d03f95be4a756f6ecf027f412c983e8dd84b07f,2021-06,Derbyshire Constabulary,Derbyshire Constabulary,-1.467199,52.914739,On or near Regent Street,E01033167,Derby 018G,Violence and sexual offences,Unable to prosecute suspect,
9768dad120c8b699e179784c2eae5056ae5e1db149224d08c1ab5999c2544c35,2021-06,Derbyshire Constabulary,Derbyshire Constabulary,-1.466009,52.915929,On or near Wellington Street,E01033167,Derby 018G,Violence and sexual offences,Unable to prosecute suspect,
f4f8551043b7d219fdf3c4f42a9a42aba3b9469fa0919c9dcdfaa6dff40ee885,2021-06,Derbyshire Constabulary,Derbyshire Constabulary,-1.466930,52.914845,On or near London Road,E01033167,Derby 018G,Violence and sexual offences,Investigation complete; no suspect identified,
b9b77d6e5ec3c57529c1a341526ae2bcd71197f127a758b15d5b786d17a55b25,2021-06,Derbyshire Constabulary,Derbyshire Constabulary,-1.467199,52.914739,On or near Regent Street,E01033167,Derby 018G,Violence and sexual offences,Unable to prosecute suspect,
1f3467c6b5fc0289b0b4bcdd4aeb7b8e80222a2d536995c0aa0689f3086d0e8d,2021-06,Derbyshire Constabulary,Derbyshire Constabulary,-1.468644,52.912093,On or near Osmaston Road,E01033167,Derby 018G,Violence and sexual offences,Unable to prosecute suspect,
c032f375c6ff71a2cc22eb13257c2f86a183675fe35d04ef7e7b42ea06325f0c,2021-06,Derbyshire Constabulary,Derbyshire Constabulary,-1.467199,52.914739,On or near Regent Street,E01033167,Derby 018G,Violence and sexual offences,Unable to prosecute suspect,
9dc0851836a694234ce55faddeebd540f280e7dba8c2865948cc74a0ea678da9,2021-06,Derbyshire Constabulary,Derbyshire Constabulary,-1.466930,52.914845,On or near London Road,E01033167,Derby 018G,Violence and sexual offences,Investigation complete; no suspect identified,
20d7ad669335524390ada7e21161270e627273270011aa39ccfe7192353457e1,2021-06,Derbyshire Constabulary,Derbyshire Constabulary,-1.467199,52.914739,On or near Regent Street,E01033167,Derby 018G,Violence and sexual offences,Investigation complete; no suspect identified,
b56adbfbf8b815995d9447aa2b4f4f41da98182cd0001fc11477a603ac85e41e,2021-06,Derbyshire Constabulary,Derbyshire Constabulary,-1.467306,52.912105,On or near Sidney Street,E01033167,Derby 018G,Violence and sexual offences,Unable to prosecute suspect,
0c226a00458a06c4ba4c40ae4dfd8402e0bbf898ad4d760cc217ad376c11feba,2021-06,Derbyshire Constabulary,Derbyshire Constabulary,-1.466808,52.916337,On or near Carrington Street,E01033167,Derby 018G,Violence and sexual offences,Status update unavailable,
5b965b3b20d36a980cc680d02bac189f8f69cec394a9471d4e556722b9e93302,2021-06,Derbyshire Constabulary,Derbyshire Constabulary,-1.465823,52.910534,On or near Ivy Square,E01033167,Derby 018G,Other crime,Awaiting court outcome,
04c10a6cd7a2b52a9a192eb4e993ee8bba3326fe17b88cd06fcd99e1f0056992,2021-06,Derbyshire Constabulary,Derbyshire Constabulary,-1.464789,52.914773,On or near Nelson Street,E01033167,Derby 018G,Other crime,Status update unavailable,
d9811fa4e02e98161eb08937c63664ce075d40acb76ce7159e7f7afb65343c24,2021-06,Derbyshire Constabulary,Derbyshire Constabulary,-1.536923,52.895856,On or near Haven Baulk Lane,E01013540,Derby 019A,Violence and sexual offences,Status update unavailable,
9d44febde3693b52dd794a56c73eb7dc031a761ecfaea9eda840da0b3cbfc0e1,2021-06,Derbyshire Constabulary,Derbyshire Constabulary,-1.542810,52.904293,On or near Supermarket,E01013560,Derby 019B,Other theft,Investigation complete; no suspect identified,
67c85326a3ecba463bd4a04245cabe1145d6002182698a26cceb39a84feff488,2021-06,Derbyshire Constabulary,Derbyshire Constabulary,-1.542810,52.904293,On or near Supermarket,E01013560,Derby 019B,Shoplifting,Investigation complete; no suspect identified,
97ee696e674d0e9f6dc1dbf3c91b976ff295178a7da07ae51dac2d110348ac76,2021-06,Derbyshire Constabulary,Derbyshire Constabulary,-1.535941,52.905741,On or near Pendlebury Drive,E01013560,Derby 019B,Theft from the person,Investigation complete; no suspect identified,
aad23a610143ac8b434f9a1947b3fb5236d220077bb211c15c96d9118b4dada1,2021-06,Derbyshire Constabulary,Derbyshire Constabulary,-1.538552,52.902038,On or near Blencathra Drive,E01013560,Derby 019B,Violence and sexual offences,Unable to prosecute suspect,
,2021-06,Derbyshire Constabulary,Derbyshire Constabulary,-1.540383,52.907448,On or near Hartington Way,E01013561,Derby 019C,Anti-social behaviour,,
0812f3f5151efb876d64801f9a28c16e22df3dfda3785e3ef6cf86fba01ce912,2021-06,Derbyshire Constabulary,Derbyshire Constabulary,-1.536937,52.912694,On or near Devonshire Drive,E01013561,Derby 019C,Other theft,Investigation complete; no suspect identified,
05b9886ceff955fd378cf23acfa215ae91e9c5577ab3924f663f5faca30e206b,2021-06,Derbyshire Constabulary,Derbyshire Constabulary,-1.536937,52.912694,On or near Devonshire Drive,E01013561,Derby 019C,Public order,Investigation complete; no suspect identified,
699dccb3fb6c5d445a111eb5d6468fc9e6cafc9431943351519d2af6df50dc8d,2021-06,Derbyshire Constabulary,Derbyshire Constabulary,-1.537132,52.906986,On or near Alma Heights,E01013561,Derby 019C,Violence and sexual offences,Status update unavailable,
968df71fce561a0ac2cd6018d8001b6f84be3e0c3d88d93de0489722fdead645,2021-06,Derbyshire Constabulary,Derbyshire Constabulary,-1.539731,52.905890,On or near Uttoxeter Road,E01013561,Derby 019C,Violence and sexual offences,Unable to prosecute suspect,
b846d4e57131d8936a5c311b5745734fc15a79811cc1c493b38b76f3a92c4617,2021-06,Derbyshire Constabulary,Derbyshire Constabulary,-1.535836,52.911350,On or near Oak Drive,E01013561,Derby 019C,Violence and sexual offences,Unable to prosecute suspect,
f0c62f55cd7505ba0600f9e827575c19e0c8cb2072e9d4cbdefdecff234bfe03,2021-06,Derbyshire Constabulary,Derbyshire Constabulary,-1.538220,52.908168,On or near Cavendish Way,E01013561,Derby 019C,Violence and sexual offences,Unable to prosecute suspect,
0d3e74bad808ad415118a98cddf680cc363bb68eceb13bbccce55f1eee715cf5,2021-06,Derbyshire Constabulary,Derbyshire Constabulary,-1.539731,52.905890,On or near Uttoxeter Road,E01013561,Derby 019C,Violence and sexual offences,Unable to prosecute suspect,
22ff493a630a2762fe9cb3ebb8daf1ada983b3ffcdb9b09d4e582b8b9f4c4e1a,2021-06,Derbyshire Constabulary,Derbyshire Constabulary,-1.535836,52.911350,On or near Oak Drive,E01013561,Derby 019C,Violence and sexual offences,Unable to prosecute suspect,
,2021-06,Derbyshire Constabulary,Derbyshire Constabulary,-1.543557,52.902561,On or near The Hollow,E01013562,Derby 019D,Anti-social behaviour,,
,2021-06,Derbyshire Constabulary,Derbyshire Constabulary,-1.545877,52.903936,On or near The Square,E01013562,Derby 019D,Anti-social behaviour,,
,2021-06,Derbyshire Constabulary,Derbyshire Constabulary,-1.547607,52.906262,On or near Holly Court,E01013562,Derby 019D,Anti-social behaviour,,
,2021-06,Derbyshire Constabulary,Derbyshire Constabulary,-1.545287,52.904860,On or near Holly End Road,E01013562,Derby 019D,Anti-social behaviour,,
,2021-06,Derbyshire Constabulary,Derbyshire Constabulary,-1.547732,52.901390,On or near Thorndon Close,E01013562,Derby 019D,Anti-social behaviour,,
fa673737cfa981bc2655fd9b3477f361af2f3b2aa99cc4ad3cae752cf2eb9d9e,2021-06,Derbyshire Constabulary,Derbyshire Constabulary,-1.547732,52.901390,On or near Thorndon Close,E01013562,Derby 019D,Criminal damage and arson,Status update unavailable,
58d415c178bd622aca9b916fb46e3d3f768fd4afbf5024c4b36bfae6af6a0b45,2021-06,Derbyshire Constabulary,Derbyshire Constabulary,-1.548243,52.908009,On or near Vicarage Road,E01013562,Derby 019D,Drugs,Unable to prosecute suspect,
e1a1cb61225e6db64ae91ff05e8b35508c943d6c88b9300aeba7e3544a778408,2021-06,Derbyshire Constabulary,Derbyshire Constabulary,-1.541892,52.905368,On or near Petrol Station,E01013562,Derby 019D,Other theft,Investigation complete; no suspect identified,
847a53284519d3aedeb1b838240ab283e7807b931de4bc56a2b4d0f39bda74e8,2021-06,Derbyshire Constabulary,Derbyshire Constabulary,-1.541892,52.905368,On or near Petrol Station,E01013562,Derby 019D,Other theft,Investigation complete; no suspect identified,
1988848d34d7db369d4907c08b04eb09967c43de041e544649d458b68d5057c0,2021-06,Derbyshire Constabulary,Derbyshire Constabulary,-1.547732,52.901390,On or near Thorndon Close,E01013562,Derby 019D,Other theft,Investigation complete; no suspect identified,
3235c5f69b8f196d5dbccc8df4fca52d0c6acbbcd26da794bd6042b10dd32f4f,2021-06,Derbyshire Constabulary,Derbyshire Constabulary,-1.543870,52.905268,On or near Warner Street,E01013562,Derby 019D,Public order,Unable to prosecute suspect,
cf6c4ca3617aedf2ac14341e1bda809d850eb1576fa01e2db7a2ff4ab413c5c9,2021-06,Derbyshire Constabulary,Derbyshire Constabulary,-1.547607,52.906262,On or near Holly Court,E01013562,Derby 019D,Public order,Unable to prosecute suspect,
6da1fcaa7a94a6a1232eb6b07957863b115c1e9f1cb40acb0dc571fd3ed47773,2021-06,Derbyshire Constabulary,Derbyshire Constabulary,-1.547732,52.901390,On or near Thorndon Close,E01013562,Derby 019D,Public order,Unable to prosecute suspect,
2727bc2e213f78fbeef3b45aa9b0609f8719e12850f38c1902dc0415d405fc06,2021-06,Derbyshire Constabulary,Derbyshire Constabulary,-1.547607,52.906262,On or near Holly Court,E01013562,Derby 019D,Public order,Unable to prosecute suspect,
3922fa39a268dafce91503d058d37366f042561ed69f83e02007e3be511da4f4,2021-06,Derbyshire Constabulary,Derbyshire Constabulary,-1.545877,52.903936,On or near The Square,E01013562,Derby 019D,Violence and sexual offences,Unable to prosecute suspect,
20132ca984882cc1c78b130586f8af642311b873907206ab8f51ff03dfcd1e5d,2021-06,Derbyshire Constabulary,Derbyshire Constabulary,-1.547607,52.906262,On or near Holly Court,E01013562,Derby 019D,Violence and sexual offences,Unable to prosecute suspect,
d88f58b935580bb26711ecdc1d084175bdbbc722ffbdcc24c4dbca07d53fe850,2021-06,Derbyshire Constabulary,Derbyshire Constabulary,-1.547607,52.906262,On or near Holly Court,E01013562,Derby 019D,Violence and sexual offences,Status update unavailable,
2e8c7a70f56f9c9e019bbc24045bed0c59c55d6238d78114dbbd9fa2b630e713,2021-06,Derbyshire Constabulary,Derbyshire Constabulary,-1.543870,52.905268,On or near Warner Street,E01013562,Derby 019D,Violence and sexual offences,Unable to prosecute suspect,
bc5d8a5a1121adb687ea7d655c5355db84dcc586bb8bbe9bb0b805f71eefcd0c,2021-06,Derbyshire Constabulary,Derbyshire Constabulary,-1.547607,52.906262,On or near Holly Court,E01013562,Derby 019D,Violence and sexual offences,Unable to prosecute suspect,
54b042db217a39c1a17c71b86368ee407305d01e90b5fd40b1907dc5412b7307,2021-06,Derbyshire Constabulary,Derbyshire Constabulary,-1.545877,52.903936,On or near The Square,E01013562,Derby 019D,Violence and sexual offences,Unable to prosecute suspect,
e4d2bbc61f8160643f955f27726d89ad908db686d014af9b3d68989774dc12f2,2021-06,Derbyshire Constabulary,Derbyshire Constabulary,-1.548243,52.908009,On or near Vicarage Road,E01013562,Derby 019D,Other crime,Awaiting court outcome,
,2021-06,Derbyshire Constabulary,Derbyshire Constabulary,-1.553053,52.910220,On or near Staines Close,E01013563,Derby 019E,Anti-social behaviour,,
deb1b24e0911d9093040ce07aa72828b0ac70945f38bfbd8683132825ef408ce,2021-06,Derbyshire Constabulary,Derbyshire Constabulary,-1.552171,52.903403,On or near Howden Close,E01013563,Derby 019E,Criminal damage and arson,Unable to prosecute suspect,
41460a68e80f26253173265e9df8b3fb0eb1c357b3b99bc2536920b7c80dc7d4,2021-06,Derbyshire Constabulary,Derbyshire Constabulary,-1.552171,52.903403,On or near Howden Close,E01013563,Derby 019E,Criminal damage and arson,Unable to prosecute suspect,
21639ad696a4fc38098d9d49b621efe77e8fc4b182755a8d60d8167df5dced8c,2021-06,Derbyshire Constabulary,Derbyshire Constabulary,-1.552171,52.903403,On or near Howden Close,E01013563,Derby 019E,Public order,Local resolution,
ec0d0e20bee00b37176c5ed78f5b1b58ead9cfae4e2e2e6a0f1fe7a986e903f2,2021-06,Derbyshire Constabulary,Derbyshire Constabulary,-1.552582,52.903908,On or near Paxton Close,E01013563,Derby 019E,Violence and sexual offences,Further action is not in the public interest,
2dfd024017accb0b284342d5111a27dbd9facf86709baae55b16c11461254247,2021-06,Derbyshire Constabulary,Derbyshire Constabulary,-1.552582,52.903908,On or near Paxton Close,E01013563,Derby 019E,Violence and sexual offences,Status update unavailable,
d58053055ce5f9ec613845fcbbdc5705a8474e8627a32222be2c436dce9e54bd,2021-06,Derbyshire Constabulary,Derbyshire Constabulary,-1.551823,52.908292,On or near Cookham Close,E01013563,Derby 019E,Violence and sexual offences,Local resolution,
521fc478609be24cd1231351cc1e6e43bda50849fbdd4ab453fc9c27f69eabff,2021-06,Derbyshire Constabulary,Derbyshire Constabulary,-1.552171,52.903403,On or near Howden Close,E01013563,Derby 019E,Violence and sexual offences,Unable to prosecute suspect,
e00cca127cedc0af1393e76e39937f95654fd37e68d8afecbc18db0adfa99e50,2021-06,Derbyshire Constabulary,Derbyshire Constabulary,-1.552171,52.903403,On or near Howden Close,E01013563,Derby 019E,Violence and sexual offences,Unable to prosecute suspect,
60951318b350c5d30eb41019831e94673422968da4bd1765102b66f7c0b79896,2021-06,Derbyshire Constabulary,Derbyshire Constabulary,-1.552171,52.903403,On or near Howden Close,E01013563,Derby 019E,Violence and sexual offences,Unable to prosecute suspect,
de0722b62dee6c04629f5f944dd653b664b19b0a0774450330970e0791ec47b9,2021-06,Derbyshire Constabulary,Derbyshire Constabulary,-1.552171,52.903403,On or near Howden Close,E01013563,Derby 019E,Violence and sexual offences,Unable to prosecute suspect,
b9c3163374967fca488b5ff9e057cf4982f0dc1babd89f00bff8dbc8775c036a,2021-06,Derbyshire Constabulary,Derbyshire Constabulary,-1.552171,52.903403,On or near Howden Close,E01013563,Derby 019E,Violence and sexual offences,Unable to prosecute suspect,
fdc7a0a91531dbbeb895c1275b50b22f7b2fd8a26e7dd987b375117cab9acb3c,2021-06,Derbyshire Constabulary,Derbyshire Constabulary,-1.552582,52.903908,On or near Paxton Close,E01013563,Derby 019E,Violence and sexual offences,Unable to prosecute suspect,
6996c318e5ded8bcbcd39e467f8c3a5db4c4ad6ea0afb4bd6f4127d01fca49da,2021-06,Derbyshire Constabulary,Derbyshire Constabulary,-1.552582,52.903908,On or near Paxton Close,E01013563,Derby 019E,Violence and sexual offences,Status update unavailable,
092f6d494a92b41461657bed0a4301f39811f5ca88b0f74df714edd24e625ba4,2021-06,Derbyshire Constabulary,Derbyshire Constabulary,-1.552171,52.903403,On or near Howden Close,E01013563,Derby 019E,Violence and sexual offences,Unable to prosecute suspect,
cb1479d9dc7602a0a2a98cec1c354e67203d847a0dbbe6de764cc5b4ca76cb93,2021-06,Derbyshire Constabulary,Derbyshire Constabulary,-1.552171,52.903403,On or near Howden Close,E01013563,Derby 019E,Violence and sexual offences,Unable to prosecute suspect,
5544ed2e14fdcdb65da0206694bf0de5f285759eb9e57ac20d5bb308f0f1bc0b,2021-06,Derbyshire Constabulary,Derbyshire Constabulary,-1.552582,52.903908,On or near Paxton Close,E01013563,Derby 019E,Violence and sexual offences,Unable to prosecute suspect,
b61a14e0c61c96b8486d5c0a29c555f6731e7be3e93b3bf215f61496da71ef03,2021-06,Derbyshire Constabulary,Derbyshire Constabulary,-1.552171,52.903403,On or near Howden Close,E01013563,Derby 019E,Violence and sexual offences,Unable to prosecute suspect,
ce9a045583214cd10411be71130e73a0f6ad31decb43bb27f5a4baf4788fee83,2021-06,Derbyshire Constabulary,Derbyshire Constabulary,-1.552582,52.903908,On or near Paxton Close,E01013563,Derby 019E,Other crime,Status update unavailable,
,2021-06,Derbyshire Constabulary,Derbyshire Constabulary,-1.493501,52.906233,On or near Fairfield Road,E01013459,Derby 020A,Anti-social behaviour,,
,2021-06,Derbyshire Constabulary,Derbyshire Constabulary,-1.492106,52.904744,On or near Gladstone Street,E01013459,Derby 020A,Anti-social behaviour,,
,2021-06,Derbyshire Constabulary,Derbyshire Constabulary,-1.493501,52.906233,On or near Fairfield Road,E01013459,Derby 020A,Anti-social behaviour,,
,2021-06,Derbyshire Constabulary,Derbyshire Constabulary,-1.491233,52.906906,On or near Porter Road,E01013459,Derby 020A,Anti-social behaviour,,
,2021-06,Derbyshire Constabulary,Derbyshire Constabulary,-1.493501,52.906233,On or near Fairfield Road,E01013459,Derby 020A,Anti-social behaviour,,
,2021-06,Derbyshire Constabulary,Derbyshire Constabulary,-1.491083,52.905809,On or near Livingstone Road,E01013459,Derby 020A,Anti-social behaviour,,
c858bcbbbf2fa5a8428de3a65a5e849823868edfad6d18fb1742f508e25a89d7,2021-06,Derbyshire Constabulary,Derbyshire Constabulary,-1.491233,52.906906,On or near Porter Road,E01013459,Derby 020A,Other theft,Investigation complete; no suspect identified,
b1a2cdaafe33699eb8bd9e859797381d419cf519e75e1e15cf8fa3836c853ed2,2021-06,Derbyshire Constabulary,Derbyshire Constabulary,-1.492106,52.904744,On or near Gladstone Street,E01013459,Derby 020A,Robbery,Unable to prosecute suspect,
81b9ad712490739c728e3ee8b2197d52067968b81d109b9eefb2167b03f56f49,2021-06,Derbyshire Constabulary,Derbyshire Constabulary,-1.492106,52.904744,On or near Gladstone Street,E01013459,Derby 020A,Violence and sexual offences,Investigation complete; no suspect identified,
24a078e0d788f24db2f554d66ea88103d9ac840e766b7edd74cd4de769b59897,2021-06,Derbyshire Constabulary,Derbyshire Constabulary,-1.492106,52.904744,On or near Gladstone Street,E01013459,Derby 020A,Violence and sexual offences,Investigation complete; no suspect identified,
334bed3062dbd3361c530c03cf081f9a6169c006b4ecee30732ac612be4db1c1,2021-06,Derbyshire Constabulary,Derbyshire Constabulary,-1.493431,52.908453,On or near Arden Close,E01013459,Derby 020A,Violence and sexual offences,Unable to prosecute suspect,
1128c9f63442083baaa5af3147b5a5e0fc2f1b7a118cef654fe90a1cc2d0313b,2021-06,Derbyshire Constabulary,Derbyshire Constabulary,-1.492631,52.905618,On or near Petrol Station,E01013459,Derby 020A,Violence and sexual offences,Status update unavailable,
6c80c8ee7b88b8a7216dfde81804eeb616452ec14c52f7d3978fd6e7ef5323a8,2021-06,Derbyshire Constabulary,Derbyshire Constabulary,-1.493431,52.908453,On or near Arden Close,E01013459,Derby 020A,Violence and sexual offences,Unable to prosecute suspect,
,2021-06,Derbyshire Constabulary,Derbyshire Constabulary,-1.478425,52.904954,On or near Goodale Street,E01013567,Derby 020B,Anti-social behaviour,,
,2021-06,Derbyshire Constabulary,Derbyshire Constabulary,-1.481897,52.904340,On or near Violet Street,E01013567,Derby 020B,Anti-social behaviour,,
,2021-06,Derbyshire Constabulary,Derbyshire Constabulary,-1.478425,52.904954,On or near Goodale Street,E01013567,Derby 020B,Anti-social behaviour,,
,2021-06,Derbyshire Constabulary,Derbyshire Constabulary,-1.481897,52.904340,On or near Violet Street,E01013567,Derby 020B,Anti-social behaviour,,
3bbacaae80426b77ebbf6d89fbeb93ca7557f4a2f05dea9605027ff376f28ab5,2021-06,Derbyshire Constabulary,Derbyshire Constabulary,-1.476659,52.902231,On or near Pear Tree Street,E01013567,Derby 020B,Criminal damage and arson,Offender given a caution,
52ef60e31a26471dc76dc52731be6861e43c44bda66e78221765f7d35e1d4f48,2021-06,Derbyshire Constabulary,Derbyshire Constabulary,-1.478425,52.904954,On or near Goodale Street,E01013567,Derby 020B,Public order,Awaiting court outcome,
d1cd642e4e11266d0aeeab2166e287d7a7ce5b3ebaa5adb024805d77831a0177,2021-06,Derbyshire Constabulary,Derbyshire Constabulary,-1.477080,52.903069,On or near Rutland Street,E01013567,Derby 020B,Public order,Unable to prosecute suspect,
d01ec137116abb3def7384751dbb03fec0beeb37f4e583f5b8ca7f78118f7213,2021-06,Derbyshire Constabulary,Derbyshire Constabulary,-1.477080,52.903069,On or near Rutland Street,E01013567,Derby 020B,Public order,Unable to prosecute suspect,
bb42d2fa008dec3a826083a370cc3d640da74e8d64f8d44662a263e674e6fd16,2021-06,Derbyshire Constabulary,Derbyshire Constabulary,-1.481897,52.904340,On or near Violet Street,E01013567,Derby 020B,Violence and sexual offences,Unable to prosecute suspect,
34aae63b6cca340be8fe86a34dcdaa26027b034959cabb13db9b18b27e0aacbd,2021-06,Derbyshire Constabulary,Derbyshire Constabulary,-1.478425,52.904954,On or near Goodale Street,E01013567,Derby 020B,Violence and sexual offences,Status update unavailable,
3715682affff485d1e3a6477302b67d9129385b9d48b9b32b8c074a163ca74fb,2021-06,Derbyshire Constabulary,Derbyshire Constabulary,-1.478425,52.904954,On or near Goodale Street,E01013567,Derby 020B,Violence and sexual offences,Unable to prosecute suspect,
8ec625968bcd70a8d7e50d7f6a60bf1a51ca73018db0c73de9d17a15dbdf5a1c,2021-06,Derbyshire Constabulary,Derbyshire Constabulary,-1.478612,52.904245,On or near Joseph Street,E01013567,Derby 020B,Violence and sexual offences,Unable to prosecute suspect,
63b7cc65904d271a071c5a9662e697898816092b67c8322994187910fb881589,2021-06,Derbyshire Constabulary,Derbyshire Constabulary,-1.478425,52.904954,On or near Goodale Street,E01013567,Derby 020B,Other crime,Unable to prosecute suspect,
,2021-06,Derbyshire Constabulary,Derbyshire Constabulary,-1.483605,52.904446,On or near Upper Dale Road,E01013568,Derby 020C,Anti-social behaviour,,
,2021-06,Derbyshire Constabulary,Derbyshire Constabulary,-1.486521,52.904270,On or near Ashe Place,E01013568,Derby 020C,Anti-social behaviour,,
,2021-06,Derbyshire Constabulary,Derbyshire Constabulary,-1.483605,52.904446,On or near Upper Dale Road,E01013568,Derby 020C,Anti-social behaviour,,
,2021-06,Derbyshire Constabulary,Derbyshire Constabulary,-1.486526,52.902598,On or near St Augustine Street,E01013568,Derby 020C,Anti-social behaviour,,
,2021-06,Derbyshire Constabulary,Derbyshire Constabulary,-1.483605,52.904446,On or near Upper Dale Road,E01013568,Derby 020C,Anti-social behaviour,,
,2021-06,Derbyshire Constabulary,Derbyshire Constabulary,-1.484268,52.904971,On or near Willn Street,E01013568,Derby 020C,Anti-social behaviour,,
7a618e4d13851726327285598d3d4267859695bbbf7ab786a2812d54771c1bcc,2021-06,Derbyshire Constabulary,Derbyshire Constabulary,-1.486526,52.902598,On or near St Augustine Street,E01013568,Derby 020C,Criminal damage and arson,Investigation complete; no suspect identified,
44a434ea4b8190cf5c3099ecbcaf8fe096aac8f54605468c57b146d7f5a5a0dd,2021-06,Derbyshire Constabulary,Derbyshire Constabulary,-1.481978,52.903756,On or near St Giles Road,E01013568,Derby 020C,Criminal damage and arson,Awaiting court outcome,
3160572d7410a45429b90424d0969ff2096981f72e4a4a2b4aec067a30f6dc3f,2021-06,Derbyshire Constabulary,Derbyshire Constabulary,-1.486624,52.903111,On or near Birdwood Street,E01013568,Derby 020C,Criminal damage and arson,Investigation complete; no suspect identified,
81dbbaded4c894f8b31837017bef77175f3f2dc0d2e3141602fbf1e7c9dac271,2021-06,Derbyshire Constabulary,Derbyshire Constabulary,-1.486521,52.904270,On or near Ashe Place,E01013568,Derby 020C,Other theft,Investigation complete; no suspect identified,
4f53c21e25c9fa6c02fd23d5665fe9a6830a603af6494c82c242e729c7438de3,2021-06,Derbyshire Constabulary,Derbyshire Constabulary,-1.481978,52.903756,On or near St Giles Road,E01013568,Derby 020C,Theft from the person,Unable to prosecute suspect,
bafab58a5ea92765826e1b99d1e7d5d863a0bdfabf630f0b2b33d7a13981d2b8,2021-06,Derbyshire Constabulary,Derbyshire Constabulary,-1.486526,52.902598,On or near St Augustine Street,E01013568,Derby 020C,Violence and sexual offences,Unable to prosecute suspect,
f675556b575274220b84ec7c308a75bc636be97705e422edcaface9f445b9145,2021-06,Derbyshire Constabulary,Derbyshire Constabulary,-1.485319,52.905353,On or near Almond Street,E01013568,Derby 020C,Violence and sexual offences,Unable to prosecute suspect,
d456509663e4fe55104435c798fd7ba21b8eb22c7595dcb736688ebc04239491,2021-06,Derbyshire Constabulary,Derbyshire Constabulary,-1.486526,52.902598,On or near St Augustine Street,E01013568,Derby 020C,Violence and sexual offences,Unable to prosecute suspect,
60d54dd5175d213d7398706ead8a3b3a02f093290fe77fdadb1d2333d1202801,2021-06,Derbyshire Constabulary,Derbyshire Constabulary,-1.481978,52.903756,On or near St Giles Road,E01013568,Derby 020C,Violence and sexual offences,Awaiting court outcome,
5196fc8e1ce6651021dd75ff460410cd6a7685c8ed619bde25ab1b7f6cd82e86,2021-06,Derbyshire Constabulary,Derbyshire Constabulary,-1.483605,52.904446,On or near Upper Dale Road,E01013568,Derby 020C,Violence and sexual offences,Unable to prosecute suspect,
b5d59c9e34d0d1d9af639a75b8b13e88054edaf4b0db23966d4d2dea1a111e9f,2021-06,Derbyshire Constabulary,Derbyshire Constabulary,-1.486526,52.902598,On or near St Augustine Street,E01013568,Derby 020C,Violence and sexual offences,Unable to prosecute suspect,
7a91b179a0faed683c5d09979ae6659550e2461eab5521b24f9d8ca61634d213,2021-06,Derbyshire Constabulary,Derbyshire Constabulary,-1.486526,52.902598,On or near St Augustine Street,E01013568,Derby 020C,Violence and sexual offences,Status update unavailable,
24e3798af3a9a17a263c04e4fbc2166f70b1eb1d9d35266c66b1a94db197286b,2021-06,Derbyshire Constabulary,Derbyshire Constabulary,-1.486072,52.903288,On or near Vincent Street,E01013568,Derby 020C,Violence and sexual offences,Status update unavailable,
2c40921c6f7f2ba72f6210f44c0b24404f510e9974c555656a3eded5e6a1ddb2,2021-06,Derbyshire Constabulary,Derbyshire Constabulary,-1.483605,52.904446,On or near Upper Dale Road,E01013568,Derby 020C,Violence and sexual offences,Unable to prosecute suspect,
f81d9a1144a34c2e62f41eeafc0dc69f7ddb4200ccde1143de3205fe84439d90,2021-06,Derbyshire Constabulary,Derbyshire Constabulary,-1.486526,52.902598,On or near St Augustine Street,E01013568,Derby 020C,Violence and sexual offences,Unable to prosecute suspect,
4100ee856aa541d9463fe23d1e382b5d67ccedfc13df49c028658940c7c6ca3d,2021-06,Derbyshire Constabulary,Derbyshire Constabulary,-1.483605,52.904446,On or near Upper Dale Road,E01013568,Derby 020C,Violence and sexual offences,Unable to prosecute suspect,
70c0dc4ef6431dc0d51291e5703dbc3fc38e8b4b96f4538cd0bfb06a18485e56,2021-06,Derbyshire Constabulary,Derbyshire Constabulary,-1.485319,52.905353,On or near Almond Street,E01013568,Derby 020C,Violence and sexual offences,Unable to prosecute suspect,
0d7669c55e6f2c5aec64fe364ebe82967abf5620f9a305cdf8c5f4051701ae19,2021-06,Derbyshire Constabulary,Derbyshire Constabulary,-1.485319,52.905353,On or near Almond Street,E01013568,Derby 020C,Violence and sexual offences,Unable to prosecute suspect,
3c756ec2009c570b7abc9345506859621f531515e1d2e677768979bbff2c5cb5,2021-06,Derbyshire Constabulary,Derbyshire Constabulary,-1.481978,52.903756,On or near St Giles Road,E01013568,Derby 020C,Violence and sexual offences,Unable to prosecute suspect,
4286425b51eda78e54e068923cc0dc05075d1714b4e603cbe86c96dd0a88068e,2021-06,Derbyshire Constabulary,Derbyshire Constabulary,-1.481978,52.903756,On or near St Giles Road,E01013568,Derby 020C,Violence and sexual offences,Awaiting court outcome,
83f050acaef7aa63aa44c49e08de1ed436edc53ec115000c0aec190697aa11c8,2021-06,Derbyshire Constabulary,Derbyshire Constabulary,-1.486072,52.903288,On or near Vincent Street,E01013568,Derby 020C,Violence and sexual offences,Unable to prosecute suspect,
,2021-06,Derbyshire Constabulary,Derbyshire Constabulary,-1.477825,52.901742,On or near St Thomas Road,E01013569,Derby 020D,Anti-social behaviour,,
,2021-06,Derbyshire Constabulary,Derbyshire Constabulary,-1.481614,52.900653,On or near Randolph Road,E01013569,Derby 020D,Anti-social behaviour,,
,2021-06,Derbyshire Constabulary,Derbyshire Constabulary,-1.481614,52.900653,On or near Randolph Road,E01013569,Derby 020D,Anti-social behaviour,,
2d8b3b4b409c7909cc3d1fd7ebd57a7c7d7811f8f620397112f11b8ced10c082,2021-06,Derbyshire Constabulary,Derbyshire Constabulary,-1.477825,52.901742,On or near St Thomas Road,E01013569,Derby 020D,Public order,Unable to prosecute suspect,
5dde4b5f661b8c5a3925af8e782010534f78d589f52e37dde5861a21be645731,2021-06,Derbyshire Constabulary,Derbyshire Constabulary,-1.471537,52.901607,On or near Princes Street,E01013569,Derby 020D,Public order,Unable to prosecute suspect,
57a9d2dcba9c87634a51e32131887f37b5ffe29910c028af4ad63e02ff26183e,2021-06,Derbyshire Constabulary,Derbyshire Constabulary,-1.472968,52.897631,On or near Sports/Recreation Area,E01013569,Derby 020D,Public order,Investigation complete; no suspect identified,
6b1c1c4fb8558310cac8e5db6dba6b93f6ac3d3da7c968ea91dfd453914c99ca,2021-06,Derbyshire Constabulary,Derbyshire Constabulary,-1.474969,52.900633,On or near Pear Tree Crescent,E01013569,Derby 020D,Public order,Unable to prosecute suspect,
4ea4e6d518086a6c7b5e2ace15ce747ab440bcec680f1484ad1ed55666fa39c6,2021-06,Derbyshire Constabulary,Derbyshire Constabulary,-1.474969,52.900633,On or near Pear Tree Crescent,E01013569,Derby 020D,Public order,Investigation complete; no suspect identified,
440dcc531afb5999ad6278fa2cd80f609488a7509edfd606cc51828d4bf06db8,2021-06,Derbyshire Constabulary,Derbyshire Constabulary,-1.472968,52.897631,On or near Sports/Recreation Area,E01013569,Derby 020D,Violence and sexual offences,Unable to prosecute suspect,
0f430ecee180a8846e74de91af0d12624989a0d500873d48ffe2f38abc433136,2021-06,Derbyshire Constabulary,Derbyshire Constabulary,-1.472968,52.897631,On or near Sports/Recreation Area,E01013569,Derby 020D,Violence and sexual offences,Unable to prosecute suspect,
2a3a7f83bbaa077590dd0766aafd5aa8c8a8fba96d97711d07b5613d094e6ee8,2021-06,Derbyshire Constabulary,Derbyshire Constabulary,-1.481614,52.900653,On or near Randolph Road,E01013569,Derby 020D,Violence and sexual offences,Unable to prosecute suspect,
f996e397ea9e33d30555124dc0f8fb8bab5d3c49dea5ca545a73c0eea88987e3,2021-06,Derbyshire Constabulary,Derbyshire Constabulary,-1.476170,52.898400,On or near Hopetoun Street,E01013569,Derby 020D,Other crime,Status update unavailable,
53c6c09840e7f492273bdceda81d0ee443a257d5c812c8bc684b826107a53b1b,2021-06,Derbyshire Constabulary,Derbyshire Constabulary,-1.474969,52.900633,On or near Pear Tree Crescent,E01013569,Derby 020D,Other crime,Unable to prosecute suspect,
,2021-06,Derbyshire Constabulary,Derbyshire Constabulary,-1.522869,52.888340,On or near Brookdale Drive,E01013539,Derby 021A,Anti-social behaviour,,
,2021-06,Derbyshire Constabulary,Derbyshire Constabulary,-1.516707,52.891901,On or near Watermint Close,E01013539,Derby 021A,Anti-social behaviour,,
50694223046cc53734c61d17cf5c6925933e68dc6d58f2210c5921f071acb06b,2021-06,Derbyshire Constabulary,Derbyshire Constabulary,-1.522225,52.891546,On or near Wheathill Grove,E01013539,Derby 021A,Criminal damage and arson,Unable to prosecute suspect,
b81ef5f631663c48bfa6c6c50993ade403c6a0a3de273627f48492a05c0a3ab8,2021-06,Derbyshire Constabulary,Derbyshire Constabulary,-1.522225,52.891546,On or near Wheathill Grove,E01013539,Derby 021A,Criminal damage and arson,Awaiting court outcome,
64734834b42ea96fd986ea81ee863f9088245da49d02faa00829356c9db25d83,2021-06,Derbyshire Constabulary,Derbyshire Constabulary,-1.520822,52.892089,On or near Maize Close,E01013539,Derby 021A,Public order,Status update unavailable,
5910db0fd6375cea5c49f43dff5ae9a46e943e30913b786434ff740c8921b8f2,2021-06,Derbyshire Constabulary,Derbyshire Constabulary,-1.523806,52.889674,On or near Bowbank Close,E01013539,Derby 021A,Public order,Unable to prosecute suspect,
629fa43940dd17051d6e628d59cae266daac265e7b8ce04c73eaecbcb09ff355,2021-06,Derbyshire Constabulary,Derbyshire Constabulary,-1.524275,52.894341,On or near Corbridge Grove,E01013539,Derby 021A,Violence and sexual offences,Unable to prosecute suspect,
991149dd2bc004045c5da4c5f8484270867ea1219fee875b0ef8bcb04e983e7b,2021-06,Derbyshire Constabulary,Derbyshire Constabulary,-1.517439,52.891518,On or near Ivyleaf Way,E01013539,Derby 021A,Violence and sexual offences,Unable to prosecute suspect,
b1c579f4cf46f26ee237e59fb7278df6a8c132230afbc7846d0ce93d244d547f,2021-06,Derbyshire Constabulary,Derbyshire Constabulary,-1.523806,52.889674,On or near Bowbank Close,E01013539,Derby 021A,Violence and sexual offences,Unable to prosecute suspect,
067675f676f9d47e5a77ca0bc5cf255cdb94f4bfab484776e8e7b0948d50a818,2021-06,Derbyshire Constabulary,Derbyshire Constabulary,-1.517439,52.891518,On or near Ivyleaf Way,E01013539,Derby 021A,Violence and sexual offences,Unable to prosecute suspect,
5febe14050c7211b4b5b5c6c682336be151cdc16d2306f5ce149c753977600fe,2021-06,Derbyshire Constabulary,Derbyshire Constabulary,-1.517439,52.891518,On or near Ivyleaf Way,E01013539,Derby 021A,Violence and sexual offences,Unable to prosecute suspect,
793ee9ccd1bd57bfeb6781cd8fb18a81ea8b0fb19f63685d81e641b85c48e831,2021-06,Derbyshire Constabulary,Derbyshire Constabulary,-1.522869,52.888340,On or near Brookdale Drive,E01013539,Derby 021A,Violence and sexual offences,Unable to prosecute suspect,
aa650af06f837994b990bd6c242f05e0869616f91a49be1146320a57a1e42354,2021-06,Derbyshire Constabulary,Derbyshire Constabulary,-1.522225,52.891546,On or near Wheathill Grove,E01013539,Derby 021A,Violence and sexual offences,Awaiting court outcome,
a7f02c7492da8e5d7345bc14894d65aada7d5ea35c702d98799ca541e0725a56,2021-06,Derbyshire Constabulary,Derbyshire Constabulary,-1.523946,52.891859,On or near Fairford Gardens,E01013539,Derby 021A,Violence and sexual offences,Status update unavailable,
,2021-06,Derbyshire Constabulary,Derbyshire Constabulary,-1.529277,52.890945,On or near Kilnsey Court,E01013541,Derby 021B,Anti-social behaviour,,
,2021-06,Derbyshire Constabulary,Derbyshire Constabulary,-1.529950,52.891928,On or near Cranhill Close,E01013541,Derby 021B,Anti-social behaviour,,
,2021-06,Derbyshire Constabulary,Derbyshire Constabulary,-1.539012,52.889518,On or near Rykneld Way,E01013541,Derby 021B,Anti-social behaviour,,
,2021-06,Derbyshire Constabulary,Derbyshire Constabulary,-1.529277,52.890945,On or near Kilnsey Court,E01013541,Derby 021B,Anti-social behaviour,,
,2021-06,Derbyshire Constabulary,Derbyshire Constabulary,-1.533315,52.892687,On or near Rykneld Road,E01013541,Derby 021B,Anti-social behaviour,,
,2021-06,Derbyshire Constabulary,Derbyshire Constabulary,-1.533686,52.894190,On or near Castleshaw Drive,E01013541,Derby 021B,Anti-social behaviour,,
,2021-06,Derbyshire Constabulary,Derbyshire Constabulary,-1.533686,52.894190,On or near Castleshaw Drive,E01013541,Derby 021B,Anti-social behaviour,,
,2021-06,Derbyshire Constabulary,Derbyshire Constabulary,-1.534980,52.894096,On or near Micklecroft Gardens,E01013541,Derby 021B,Anti-social behaviour,,
,2021-06,Derbyshire Constabulary,Derbyshire Constabulary,-1.539012,52.889518,On or near Rykneld Way,E01013541,Derby 021B,Anti-social behaviour,,
e5c157b29aa9a205295561c2ac1c1c6a45c999b9a4f48aba8d9056f957ae6ee6,2021-06,Derbyshire Constabulary,Derbyshire Constabulary,-1.529277,52.890945,On or near Kilnsey Court,E01013541,Derby 021B,Criminal damage and arson,Unable to prosecute suspect,
2d06637e0753d3a0f8eed0d26c4e2df5de1b98901bf6a80ade0e3bba4d2befe2,2021-06,Derbyshire Constabulary,Derbyshire Constabulary,-1.529950,52.891928,On or near Cranhill Close,E01013541,Derby 021B,Criminal damage and arson,Investigation complete; no suspect identified,
948ca43c641a40aa0072cde4bfdeb99a6dc8cadfdf3815d39af361efa2849e60,2021-06,Derbyshire Constabulary,Derbyshire Constabulary,-1.539012,52.889518,On or near Rykneld Way,E01013541,Derby 021B,Drugs,Further investigation is not in the public interest,
978b6087258902fd4c7794ccf712c7dd5b08f3355b2c21f4d4928adc2437e1c6,2021-06,Derbyshire Constabulary,Derbyshire Constabulary,-1.529950,52.891928,On or near Cranhill Close,E01013541,Derby 021B,Drugs,Offender given a caution,
aa6fc6bbe25a54ec08f3fb88b355d9272847d5e6087062f65a3386d2d4ff5faf,2021-06,Derbyshire Constabulary,Derbyshire Constabulary,-1.529950,52.891928,On or near Cranhill Close,E01013541,Derby 021B,Possession of weapons,Status update unavailable,
f94cb6ba2546a1d4be6a8245f08ee697bfd73d80f234fe5b0f2faf59bd3acf07,2021-06,Derbyshire Constabulary,Derbyshire Constabulary,-1.539012,52.889518,On or near Rykneld Way,E01013541,Derby 021B,Public order,Unable to prosecute suspect,
5a0769cf33c137de298b014711b7f73de8e60894357b4bb7258da0ff7eb156a4,2021-06,Derbyshire Constabulary,Derbyshire Constabulary,-1.533315,52.892687,On or near Rykneld Road,E01013541,Derby 021B,Public order,Unable to prosecute suspect,
55ab66b2c7d0c28567dc1b219863552b5d8ef727793651d02097e66945e405b9,2021-06,Derbyshire Constabulary,Derbyshire Constabulary,-1.525956,52.891534,On or near Meadow Brook Close,E01013541,Derby 021B,Public order,Local resolution,
c1c8a89ead94bddee1a9cb1c1ed588bc248e1f3d83fed76ee47b5df324a3a2f4,2021-06,Derbyshire Constabulary,Derbyshire Constabulary,-1.533686,52.894190,On or near Castleshaw Drive,E01013541,Derby 021B,Public order,Awaiting court outcome,
128cfd22a206823ec73412443b4a511e91d4c1d8eaecf9665018302e1ebf3d53,2021-06,Derbyshire Constabulary,Derbyshire Constabulary,-1.539012,52.889518,On or near Rykneld Way,E01013541,Derby 021B,Public order,Awaiting court outcome,
f94cb6ba2546a1d4be6a8245f08ee697bfd73d80f234fe5b0f2faf59bd3acf07,2021-06,Derbyshire Constabulary,Derbyshire Constabulary,-1.528398,52.891112,On or near Hebden Close,E01013541,Derby 021B,Public order,Status update unavailable,
063ad0f487b5be45cb38a9944ad8446e8baaaf4b0b2cac74a770e7e3b0824067,2021-06,Derbyshire Constabulary,Derbyshire Constabulary,-1.533686,52.894190,On or near Castleshaw Drive,E01013541,Derby 021B,Public order,Unable to prosecute suspect,
6ef9f8ec3216d8e0fc400459d7fb86223d43fb362db7bf4b293fd6f279700a39,2021-06,Derbyshire Constabulary,Derbyshire Constabulary,-1.529277,52.890945,On or near Kilnsey Court,E01013541,Derby 021B,Public order,Unable to prosecute suspect,
738c2cced4a0a930824155aee51243050fb34f39c4b0803194b46fac4c0f1658,2021-06,Derbyshire Constabulary,Derbyshire Constabulary,-1.527548,52.891370,On or near Comfrey Close,E01013541,Derby 021B,Public order,Unable to prosecute suspect,
bd99c591feba6a8d5b54bc252fa2a7ac2d7dacc601dc512370f05e402a4cf47f,2021-06,Derbyshire Constabulary,Derbyshire Constabulary,-1.529277,52.890945,On or near Kilnsey Court,E01013541,Derby 021B,Violence and sexual offences,Unable to prosecute suspect,
88ee2f79d29bada2d8bd093b850dd50edd4ddc15ce92a31f36ae13fb1d6d05f8,2021-06,Derbyshire Constabulary,Derbyshire Constabulary,-1.525956,52.891534,On or near Meadow Brook Close,E01013541,Derby 021B,Violence and sexual offences,Local resolution,
1a2a7b4831dbcb8293bb954d4dbe1cbde9aef3ce2294198258dd6319f4473fc1,2021-06,Derbyshire Constabulary,Derbyshire Constabulary,-1.529277,52.890945,On or near Kilnsey Court,E01013541,Derby 021B,Violence and sexual offences,Unable to prosecute suspect,
a5047bb38b1953823826f3e2ced8cf1cda37eaf4fee5c86ec925c0583869bafa,2021-06,Derbyshire Constabulary,Derbyshire Constabulary,-1.527548,52.891370,On or near Comfrey Close,E01013541,Derby 021B,Violence and sexual offences,Status update unavailable,
8b69aa1487f21e586e0f8063cffa7b878895602d505b927d218443ce8c48ddca,2021-06,Derbyshire Constabulary,Derbyshire Constabulary,-1.537095,52.895111,On or near Jemison Close,E01013541,Derby 021B,Violence and sexual offences,Awaiting court outcome,
b7be98b97574340fd40a956722d127f06b51dff181f9f8dca40f02bcb4e1b547,2021-06,Derbyshire Constabulary,Derbyshire Constabulary,-1.536384,52.890685,On or near Burghley Way,E01013541,Derby 021B,Violence and sexual offences,Status update unavailable,
b686d4e2515b977e968aef38208260b022af3915305cd99fcdce2653a26c6d12,2021-06,Derbyshire Constabulary,Derbyshire Constabulary,-1.533686,52.894190,On or near Castleshaw Drive,E01013541,Derby 021B,Violence and sexual offences,Awaiting court outcome,
6e8c079e4fdf0e58ad35c2c319364112921aebaa32f4e48064f75f433b55e999,2021-06,Derbyshire Constabulary,Derbyshire Constabulary,-1.529277,52.890945,On or near Kilnsey Court,E01013541,Derby 021B,Violence and sexual offences,Status update unavailable,
51801be1d0c6306a71400c9b935b2662ecc135074f6d1a9575976c8b08e598b3,2021-06,Derbyshire Constabulary,Derbyshire Constabulary,-1.528719,52.891689,On or near Hollybrook Way,E01013541,Derby 021B,Violence and sexual offences,Unable to prosecute suspect,
0bf132f378c471556583a86cf4d712d0d2b55f0c8a265416ef0de32ad16a3fe2,2021-06,Derbyshire Constabulary,Derbyshire Constabulary,-1.537095,52.895111,On or near Jemison Close,E01013541,Derby 021B,Violence and sexual offences,Awaiting court outcome,
82d27627b45c4574744659e010408f6a3fdeb4485dadc38d30978405fbb3d90b,2021-06,Derbyshire Constabulary,Derbyshire Constabulary,-1.529277,52.890945,On or near Kilnsey Court,E01013541,Derby 021B,Violence and sexual offences,Unable to prosecute suspect,
8f5ee6b1240ed48811f05030725a5d980ce863c539d11064d265629355fa9bd8,2021-06,Derbyshire Constabulary,Derbyshire Constabulary,-1.537095,52.895111,On or near Jemison Close,E01013541,Derby 021B,Violence and sexual offences,Awaiting court outcome,
1b20a2fd62132ea9e9f1ce0d19260966e4034abd4543283e47321bead2346eba,2021-06,Derbyshire Constabulary,Derbyshire Constabulary,-1.533686,52.894190,On or near Castleshaw Drive,E01013541,Derby 021B,Other crime,Unable to prosecute suspect,
,2021-06,Derbyshire Constabulary,Derbyshire Constabulary,-1.514281,52.912136,On or near Pedestrian Subway,E01013543,Derby 021C,Anti-social behaviour,,
,2021-06,Derbyshire Constabulary,Derbyshire Constabulary,-1.526835,52.906289,On or near St Mellion Close,E01013543,Derby 021C,Anti-social behaviour,,
,2021-06,Derbyshire Constabulary,Derbyshire Constabulary,-1.514281,52.912136,On or near Pedestrian Subway,E01013543,Derby 021C,Anti-social behaviour,,
,2021-06,Derbyshire Constabulary,Derbyshire Constabulary,-1.514281,52.912136,On or near Pedestrian Subway,E01013543,Derby 021C,Anti-social behaviour,,
,2021-06,Derbyshire Constabulary,Derbyshire Constabulary,-1.514281,52.912136,On or near Pedestrian Subway,E01013543,Derby 021C,Anti-social behaviour,,
2319ee43114d8eb7d16f6091fa984d3468fe1c8214f79c778b239bec06faf2f2,2021-06,Derbyshire Constabulary,Derbyshire Constabulary,-1.514281,52.912136,On or near Pedestrian Subway,E01013543,Derby 021C,Bicycle theft,Investigation complete; no suspect identified,
2aae386a0efc8ff9aeae96d3b28c774b960b9565df8d49cc3c06d4c7a5472609,2021-06,Derbyshire Constabulary,Derbyshire Constabulary,-1.514281,52.912136,On or near Pedestrian Subway,E01013543,Derby 021C,Criminal damage and arson,Investigation complete; no suspect identified,
3f14034f7417c3b97813aeeac9a2bf9a3b3f90a51521a9896248bad5f6af5252,2021-06,Derbyshire Constabulary,Derbyshire Constabulary,-1.514281,52.912136,On or near Pedestrian Subway,E01013543,Derby 021C,Criminal damage and arson,Awaiting court outcome,
33275d4c907aeb0054a36bdec1b9752bcb74f8d22d5d8b41e3a9190a9c42ed9a,2021-06,Derbyshire Constabulary,Derbyshire Constabulary,-1.514281,52.912136,On or near Pedestrian Subway,E01013543,Derby 021C,Criminal damage and arson,Local resolution,
cd0745b73992a2b2cac4fe077a5921951a9e5eb5b35703a80277b87e624d89ca,2021-06,Derbyshire Constabulary,Derbyshire Constabulary,-1.514281,52.912136,On or near Pedestrian Subway,E01013543,Derby 021C,Criminal damage and arson,Status update unavailable,
5dacf7b81c4a1ea1575456ddc26a97eb4beec786a04f51b494774a41310f1377,2021-06,Derbyshire Constabulary,Derbyshire Constabulary,-1.514281,52.912136,On or near Pedestrian Subway,E01013543,Derby 021C,Criminal damage and arson,Awaiting court outcome,
36614bf3699e6050fa14de64c6f9871c614177ad065df929889177585bc5fe0b,2021-06,Derbyshire Constabulary,Derbyshire Constabulary,-1.514281,52.912136,On or near Pedestrian Subway,E01013543,Derby 021C,Criminal damage and arson,Awaiting court outcome,
9f11262619f736bf4e63b83d85a5d842a99aeba9b6c8b94dd3a8ddd0647ce50e,2021-06,Derbyshire Constabulary,Derbyshire Constabulary,-1.514281,52.912136,On or near Pedestrian Subway,E01013543,Derby 021C,Drugs,Offender given a drugs possession warning,
3ee63144ac1d9646a88896a5eccbf71dfcae01f94c43626547b50c9d5774a95f,2021-06,Derbyshire Constabulary,Derbyshire Constabulary,-1.514281,52.912136,On or near Pedestrian Subway,E01013543,Derby 021C,Other theft,Investigation complete; no suspect identified,
a4c802696b1e9f7b1e6e47f1f113398bc9ff9b1e7bdbb0cde8142ba2dead7094,2021-06,Derbyshire Constabulary,Derbyshire Constabulary,-1.514281,52.912136,On or near Pedestrian Subway,E01013543,Derby 021C,Public order,Unable to prosecute suspect,
1ac02ec0c3f01e95f0c7e41a64eb1c6a6d84fdf4ad1a423b5db7fbf13e08155b,2021-06,Derbyshire Constabulary,Derbyshire Constabulary,-1.514281,52.912136,On or near Pedestrian Subway,E01013543,Derby 021C,Public order,Status update unavailable,
ad1503ec7c6907843e8e172011b32ae2b207534cd5282237fee2080d6b66581e,2021-06,Derbyshire Constabulary,Derbyshire Constabulary,-1.514281,52.912136,On or near Pedestrian Subway,E01013543,Derby 021C,Public order,Awaiting court outcome,
5cb8eabf5bc9356262cf6576f60fe5f0f2ad30bdb108805c637e6bd8b0d4b9f7,2021-06,Derbyshire Constabulary,Derbyshire Constabulary,-1.514281,52.912136,On or near Pedestrian Subway,E01013543,Derby 021C,Public order,Further investigation is not in the public interest,
bcd31ffcdb399476052a9f9ec93c1a04a2dd4b90518a3861ce50c0cc68ecb8d9,2021-06,Derbyshire Constabulary,Derbyshire Constabulary,-1.514281,52.912136,On or near Pedestrian Subway,E01013543,Derby 021C,Public order,Awaiting court outcome,
fc9123d40bd761fc0b643b657eaeeea2b9ce476f78ae432a787a4e2736c122fd,2021-06,Derbyshire Constabulary,Derbyshire Constabulary,-1.514281,52.912136,On or near Pedestrian Subway,E01013543,Derby 021C,Public order,Status update unavailable,
8fb4bd84ed8ae4e69f97f4055007f61ca490ff25aeee28b850ed90ee6bff16ba,2021-06,Derbyshire Constabulary,Derbyshire Constabulary,-1.514281,52.912136,On or near Pedestrian Subway,E01013543,Derby 021C,Public order,Status update unavailable,
25d0b6cd71cc2c71b536ee2481c6fba7c3b3d17deddc95d8d80635e59b5dc0e0,2021-06,Derbyshire Constabulary,Derbyshire Constabulary,-1.514281,52.912136,On or near Pedestrian Subway,E01013543,Derby 021C,Public order,Unable to prosecute suspect,
807a3741ee99843a0fe18f7a9c8bceec576bbff4bcabe018c2726fdd58a6e7a9,2021-06,Derbyshire Constabulary,Derbyshire Constabulary,-1.514281,52.912136,On or near Pedestrian Subway,E01013543,Derby 021C,Public order,Unable to prosecute suspect,
6f7f18d88b8cd66b4d1cc385a8db3ab9e8edd636c8c770362cd6693b9356e25e,2021-06,Derbyshire Constabulary,Derbyshire Constabulary,-1.514281,52.912136,On or near Pedestrian Subway,E01013543,Derby 021C,Public order,Status update unavailable,
5602143d8343e46404ecad3652ed1ccdcd1024525ecc1763efbfa9fb2805de34,2021-06,Derbyshire Constabulary,Derbyshire Constabulary,-1.514281,52.912136,On or near Pedestrian Subway,E01013543,Derby 021C,Public order,Unable to prosecute suspect,
becce830eaa744148c9cabde61981f405d4c46b60d9f95c2d9b325005e2c311c,2021-06,Derbyshire Constabulary,Derbyshire Constabulary,-1.514281,52.912136,On or near Pedestrian Subway,E01013543,Derby 021C,Public order,Unable to prosecute suspect,
29dc2fd80686d93204cfb3a4f8058831d1e4a6b161e0c55f01ff85d206cd4254,2021-06,Derbyshire Constabulary,Derbyshire Constabulary,-1.514281,52.912136,On or near Pedestrian Subway,E01013543,Derby 021C,Public order,Status update unavailable,
342ac5c259a60b65a385c48238cc395fcd0c98e5f4caac9ae2982cd0a55d00c4,2021-06,Derbyshire Constabulary,Derbyshire Constabulary,-1.514281,52.912136,On or near Pedestrian Subway,E01013543,Derby 021C,Public order,Unable to prosecute suspect,
80feedec84a1b56051257fb4e582b4ba71c41d1f89bf23bf4b504626dbcff114,2021-06,Derbyshire Constabulary,Derbyshire Constabulary,-1.514281,52.912136,On or near Pedestrian Subway,E01013543,Derby 021C,Public order,Status update unavailable,
82e5d893a63aba4884da71b9a2d108905573e4985fe7d918af5f19452a42fc15,2021-06,Derbyshire Constabulary,Derbyshire Constabulary,-1.514281,52.912136,On or near Pedestrian Subway,E01013543,Derby 021C,Public order,Status update unavailable,
810f9784a293fb9f93b8df1f35774ad5749446f836bddcce9e5e233597ffa524,2021-06,Derbyshire Constabulary,Derbyshire Constabulary,-1.514281,52.912136,On or near Pedestrian Subway,E01013543,Derby 021C,Robbery,Unable to prosecute suspect,
7320ceadedc7685c6843eddba5eb5640358988b4b891cf0df954fef0c7893027,2021-06,Derbyshire Constabulary,Derbyshire Constabulary,-1.514281,52.912136,On or near Pedestrian Subway,E01013543,Derby 021C,Theft from the person,Investigation complete; no suspect identified,
063bd398a9479c517e31a1e8f7e2bb8024f5417e8717749bcc67f28108d05fd0,2021-06,Derbyshire Constabulary,Derbyshire Constabulary,-1.514281,52.912136,On or near Pedestrian Subway,E01013543,Derby 021C,Violence and sexual offences,Unable to prosecute suspect,
6da7a3f2223b990797cf7b042d438189265cce467a92019948de2bb7aee286d6,2021-06,Derbyshire Constabulary,Derbyshire Constabulary,-1.519709,52.909389,On or near Jackson Avenue,E01013543,Derby 021C,Violence and sexual offences,Unable to prosecute suspect,
8d77aea0cadd098ee2d95a72fcd8f91e1f8268f9e3d82b6246572c1defbccd94,2021-06,Derbyshire Constabulary,Derbyshire Constabulary,-1.514281,52.912136,On or near Pedestrian Subway,E01013543,Derby 021C,Violence and sexual offences,Unable to prosecute suspect,
b43212bff8d4e2302c252d58d87e8142a7fe6be7bf0ab3560f6afe491591f1c4,2021-06,Derbyshire Constabulary,Derbyshire Constabulary,-1.514281,52.912136,On or near Pedestrian Subway,E01013543,Derby 021C,Violence and sexual offences,Awaiting court outcome,
a3b0c737f8686ac1cb7abe700484ad5a59acb2dd76cb10d967bd8ddd9c99fd72,2021-06,Derbyshire Constabulary,Derbyshire Constabulary,-1.514281,52.912136,On or near Pedestrian Subway,E01013543,Derby 021C,Violence and sexual offences,Status update unavailable,
2a2287094523fef0b8ade5c7a703b70a01c2a17208ab267ca281d891d5208d79,2021-06,Derbyshire Constabulary,Derbyshire Constabulary,-1.514281,52.912136,On or near Pedestrian Subway,E01013543,Derby 021C,Violence and sexual offences,Awaiting court outcome,
5fa284b8013917262786d6bbb89a86f8b56682815f11636922522c0b100a9c81,2021-06,Derbyshire Constabulary,Derbyshire Constabulary,-1.514281,52.912136,On or near Pedestrian Subway,E01013543,Derby 021C,Violence and sexual offences,Unable to prosecute suspect,
97c86a56f4b2ca693331f704a361c63c1fac057537f3799ca79f64d6a2d76418,2021-06,Derbyshire Constabulary,Derbyshire Constabulary,-1.514281,52.912136,On or near Pedestrian Subway,E01013543,Derby 021C,Violence and sexual offences,Unable to prosecute suspect,
f410580d84aa1b31acbf27d9ce9b91ff8e1ef07f2c8d50ca896adb227aa541f1,2021-06,Derbyshire Constabulary,Derbyshire Constabulary,-1.514281,52.912136,On or near Pedestrian Subway,E01013543,Derby 021C,Violence and sexual offences,Awaiting court outcome,
cc1d777638c7629bc5f279eebf63015247f519bdb4a8c6f56d106e0628da6f28,2021-06,Derbyshire Constabulary,Derbyshire Constabulary,-1.514281,52.912136,On or near Pedestrian Subway,E01013543,Derby 021C,Violence and sexual offences,Awaiting court outcome,
039fdcafba084691c03e04f42bc4579cb952f977bc135a4571b00095bbe646a6,2021-06,Derbyshire Constabulary,Derbyshire Constabulary,-1.514281,52.912136,On or near Pedestrian Subway,E01013543,Derby 021C,Violence and sexual offences,Unable to prosecute suspect,
471caaf7a28a9712347942900fd129cb74dce8b5e82b1fdb524871a4798400b0,2021-06,Derbyshire Constabulary,Derbyshire Constabulary,-1.514281,52.912136,On or near Pedestrian Subway,E01013543,Derby 021C,Violence and sexual offences,Local resolution,
b9fe83fc7979616d3fd0c463167599b7b18b4c633877a5d7d0dcb4567f17c301,2021-06,Derbyshire Constabulary,Derbyshire Constabulary,-1.514281,52.912136,On or near Pedestrian Subway,E01013543,Derby 021C,Violence and sexual offences,Local resolution,
9cc5d3d9ddf41ac7c595d20ba8d2efd6b49fc9ccdbe9591289a40341959e0c5a,2021-06,Derbyshire Constabulary,Derbyshire Constabulary,-1.514281,52.912136,On or near Pedestrian Subway,E01013543,Derby 021C,Violence and sexual offences,Unable to prosecute suspect,
855e4bc387b8c556a6d43b23366ea259d8b4ffaa5827f13106cfc47314fb0d59,2021-06,Derbyshire Constabulary,Derbyshire Constabulary,-1.514281,52.912136,On or near Pedestrian Subway,E01013543,Derby 021C,Violence and sexual offences,Local resolution,
9ea7cf9d0569e2525cfd450b8db7958c0a06e353594158c6a91d0ade01d6456f,2021-06,Derbyshire Constabulary,Derbyshire Constabulary,-1.514281,52.912136,On or near Pedestrian Subway,E01013543,Derby 021C,Violence and sexual offences,Unable to prosecute suspect,
,2021-06,Derbyshire Constabulary,Derbyshire Constabulary,-1.522330,52.899520,On or near Caversfield Close,E01013544,Derby 021D,Anti-social behaviour,,
440d02631efe6837e4a3f859a9dc0ed00710691fa0537f9b7509456a7b3bb9ef,2021-06,Derbyshire Constabulary,Derbyshire Constabulary,-1.522258,52.895268,On or near Tawny Way,E01013544,Derby 021D,Other theft,Status update unavailable,
acc36130018ce0c62902a84db83118f5db1741b2ee85d079381965e76a5939c9,2021-06,Derbyshire Constabulary,Derbyshire Constabulary,-1.522258,52.895268,On or near Tawny Way,E01013544,Derby 021D,Other theft,Status update unavailable,
798cc9b9048428772f00b89fdac195122a2b59c3fc7b97adace51e635e8d97ee,2021-06,Derbyshire Constabulary,Derbyshire Constabulary,-1.522258,52.895268,On or near Tawny Way,E01013544,Derby 021D,Other theft,Status update unavailable,
a3da9cf945ca4ca2735a896d3c8676d8498a24c33e8cb9ced20293a803f4e3d7,2021-06,Derbyshire Constabulary,Derbyshire Constabulary,-1.522258,52.895268,On or near Tawny Way,E01013544,Derby 021D,Other theft,Status update unavailable,
a9a3b6ac7203d05edaddb0275b40ad54365f96605df98d6a6278c24addfc01e0,2021-06,Derbyshire Constabulary,Derbyshire Constabulary,-1.525267,52.897455,On or near Badgerdale Way,E01013544,Derby 021D,Public order,Unable to prosecute suspect,
2c32bb8944326c384d153c03002c112a27977eef23bc89d3147bf875e864b906,2021-06,Derbyshire Constabulary,Derbyshire Constabulary,-1.522330,52.899520,On or near Caversfield Close,E01013544,Derby 021D,Public order,Status update unavailable,
12c1ea9d20fbcb442b77912df66f993d1d4e96731fb86a3ad6fcab6fa4e3287e,2021-06,Derbyshire Constabulary,Derbyshire Constabulary,-1.517043,52.904461,On or near Newcrest Close,E01013544,Derby 021D,Public order,Unable to prosecute suspect,
4ddf18d43d8d6e1eb012507b85f495b2fd276d2f13d7d8f425b3f07e609f8259,2021-06,Derbyshire Constabulary,Derbyshire Constabulary,-1.522258,52.895268,On or near Tawny Way,E01013544,Derby 021D,Public order,Status update unavailable,
2c32bb8944326c384d153c03002c112a27977eef23bc89d3147bf875e864b906,2021-06,Derbyshire Constabulary,Derbyshire Constabulary,-1.522258,52.895268,On or near Tawny Way,E01013544,Derby 021D,Public order,Status update unavailable,
ebc271d93e8dd8a263f9e63b12789a137fd4002ff5cbfb2e31daa2f260a48c21,2021-06,Derbyshire Constabulary,Derbyshire Constabulary,-1.517043,52.904461,On or near Newcrest Close,E01013544,Derby 021D,Public order,Unable to prosecute suspect,
f5d6ec8c9c86a5efd7a30613e8078227447b0c45f914dc1cb9a5acf713fba22f,2021-06,Derbyshire Constabulary,Derbyshire Constabulary,-1.521996,52.902890,On or near Coppicewood Drive,E01013544,Derby 021D,Violence and sexual offences,Unable to prosecute suspect,
3ccc9ffebf90f201188641db8753ac8de6b40524dc62e806c6516d3ee1d3bf0a,2021-06,Derbyshire Constabulary,Derbyshire Constabulary,-1.517043,52.904461,On or near Newcrest Close,E01013544,Derby 021D,Violence and sexual offences,Unable to prosecute suspect,
a98773e3104d568b13a169b0617c8f2e0bdfb946de0d25451298048d3d20b3a6,2021-06,Derbyshire Constabulary,Derbyshire Constabulary,-1.522258,52.895268,On or near Tawny Way,E01013544,Derby 021D,Violence and sexual offences,Status update unavailable,
ad7f5d5ad4f63216a16188e448d9ae99690bbd3a801827fe4a077adc513012f6,2021-06,Derbyshire Constabulary,Derbyshire Constabulary,-1.525267,52.897455,On or near Badgerdale Way,E01013544,Derby 021D,Violence and sexual offences,Unable to prosecute suspect,
cfa6eb606feb39b6353618b85540b4319cae91e1efc763af4eed76b6f04e54ad,2021-06,Derbyshire Constabulary,Derbyshire Constabulary,-1.517043,52.904461,On or near Newcrest Close,E01013544,Derby 021D,Violence and sexual offences,Unable to prosecute suspect,
4d24cef042c8fa710b568631911a4aff8939ac94902704ef075bbd794b230210,2021-06,Derbyshire Constabulary,Derbyshire Constabulary,-1.525267,52.897455,On or near Badgerdale Way,E01013544,Derby 021D,Violence and sexual offences,Local resolution,
,2021-06,Derbyshire Constabulary,Derbyshire Constabulary,-1.513952,52.905644,On or near Old Hall Avenue,E01013545,Derby 021E,Anti-social behaviour,,
,2021-06,Derbyshire Constabulary,Derbyshire Constabulary,-1.513952,52.905644,On or near Old Hall Avenue,E01013545,Derby 021E,Anti-social behaviour,,
,2021-06,Derbyshire Constabulary,Derbyshire Constabulary,-1.511448,52.903548,On or near Hall Park Close,E01013545,Derby 021E,Anti-social behaviour,,
,2021-06,Derbyshire Constabulary,Derbyshire Constabulary,-1.511448,52.903548,On or near Hall Park Close,E01013545,Derby 021E,Anti-social behaviour,,
,2021-06,Derbyshire Constabulary,Derbyshire Constabulary,-1.513952,52.905644,On or near Old Hall Avenue,E01013545,Derby 021E,Anti-social behaviour,,
d2f9cfe63a80392da042632c90037c46b339939c993c2cf1fe3772f5ce8b0f82,2021-06,Derbyshire Constabulary,Derbyshire Constabulary,-1.511448,52.903548,On or near Hall Park Close,E01013545,Derby 021E,Other theft,Investigation complete; no suspect identified,
e50ae51caa6c70e455e1ef9440f128dac22bf8a24665ab9c01abd65ecee8bfbc,2021-06,Derbyshire Constabulary,Derbyshire Constabulary,-1.522795,52.905985,On or near Keats Avenue,E01013545,Derby 021E,Public order,Unable to prosecute suspect,
2fc7b4914a5d7263882f86f4f0bedc0eb94763aed889d96d03cfffe43f4a6962,2021-06,Derbyshire Constabulary,Derbyshire Constabulary,-1.511448,52.903548,On or near Hall Park Close,E01013545,Derby 021E,Public order,Unable to prosecute suspect,
a1c918fb71c906864f42f796f65bbdc97b9e25dfb91036f3fbe95e6b5e75141c,2021-06,Derbyshire Constabulary,Derbyshire Constabulary,-1.511448,52.903548,On or near Hall Park Close,E01013545,Derby 021E,Violence and sexual offences,Status update unavailable,
4a7966c769e7556eab1b147736b40c4e51398722a987f37bcfb8ec52b5c370c5,2021-06,Derbyshire Constabulary,Derbyshire Constabulary,-1.511448,52.903548,On or near Hall Park Close,E01013545,Derby 021E,Violence and sexual offences,Local resolution,
6f4b2f0022e4518208bbddd21ad6cf4c7bde2c38074f200e15452779b8a09a3c,2021-06,Derbyshire Constabulary,Derbyshire Constabulary,-1.511448,52.903548,On or near Hall Park Close,E01013545,Derby 021E,Violence and sexual offences,Local resolution,
59c9113215e5f40dde04389cdd4fd1f958916f10a297af34d89b07fae12d085f,2021-06,Derbyshire Constabulary,Derbyshire Constabulary,-1.511448,52.903548,On or near Hall Park Close,E01013545,Derby 021E,Violence and sexual offences,Unable to prosecute suspect,
d91d7d993b6c084476a11fcbe8a46c25a12e425906c335091383fe8b51b18450,2021-06,Derbyshire Constabulary,Derbyshire Constabulary,-1.507961,52.904253,On or near Church Street,E01013545,Derby 021E,Violence and sexual offences,Unable to prosecute suspect,
d4cca813b53388f888eaecf00a6f8ec0494f6537a0084b2bcb548c50be64a55e,2021-06,Derbyshire Constabulary,Derbyshire Constabulary,-1.511448,52.903548,On or near Hall Park Close,E01013545,Derby 021E,Violence and sexual offences,Unable to prosecute suspect,
98b13d46a93402f0582e019c9f6c47f4c110ab3938cff7123ce2f989b1f3acf4,2021-06,Derbyshire Constabulary,Derbyshire Constabulary,-1.511448,52.903548,On or near Hall Park Close,E01013545,Derby 021E,Other crime,Investigation complete; no suspect identified,
,2021-06,Derbyshire Constabulary,Derbyshire Constabulary,-1.499580,52.894806,On or near Summer Wood Court,E01013488,Derby 022A,Anti-social behaviour,,
,2021-06,Derbyshire Constabulary,Derbyshire Constabulary,-1.499580,52.894806,On or near Summer Wood Court,E01013488,Derby 022A,Anti-social behaviour,,
,2021-06,Derbyshire Constabulary,Derbyshire Constabulary,-1.498395,52.890585,On or near Mark'S Close,E01013488,Derby 022A,Anti-social behaviour,,
fbdda936e80cf3bc2defca87ac40801f8b1dc2ae286d6c9ac05b0de6cdb9c3af,2021-06,Derbyshire Constabulary,Derbyshire Constabulary,-1.496664,52.892483,On or near Shannon Close,E01013488,Derby 022A,Violence and sexual offences,Unable to prosecute suspect,
5a8023089a604ea59d0356c4b0546a75b66f4a52f013b6e648c363b67c8eb69b,2021-06,Derbyshire Constabulary,Derbyshire Constabulary,-1.496538,52.891791,On or near St Stephen'S Close,E01013488,Derby 022A,Violence and sexual offences,Unable to prosecute suspect,
687ac167afbaffaf60612104ae14e74816c8a1797f57a3bde0e5264ecef0cb3d,2021-06,Derbyshire Constabulary,Derbyshire Constabulary,-1.501899,52.896128,On or near South Brae Close,E01013488,Derby 022A,Violence and sexual offences,Unable to prosecute suspect,
,2021-06,Derbyshire Constabulary,Derbyshire Constabulary,-1.504276,52.900103,On or near Pavilion Road,E01013489,Derby 022B,Anti-social behaviour,,
,2021-06,Derbyshire Constabulary,Derbyshire Constabulary,-1.508489,52.896983,On or near Rowley Gardens,E01013489,Derby 022B,Anti-social behaviour,,
d7ef57998f6a6c36f2f9a52bc2a7920abf521e79efeefd7990dc81cf24514be9,2021-06,Derbyshire Constabulary,Derbyshire Constabulary,-1.506211,52.897342,On or near Highfield Road,E01013489,Derby 022B,Violence and sexual offences,Unable to prosecute suspect,
e0648d46b788d9727cbb060f8589de38c34fe8dafbe20aeb58e8177ff95ee70e,2021-06,Derbyshire Constabulary,Derbyshire Constabulary,-1.506211,52.897342,On or near Highfield Road,E01013489,Derby 022B,Violence and sexual offences,Unable to prosecute suspect,
0c79f70b959f2d510624f79cd27e16f07b28a5680fd5495443018dbe5b6b39af,2021-06,Derbyshire Constabulary,Derbyshire Constabulary,-1.504930,52.896276,On or near Orchard Close,E01013489,Derby 022B,Violence and sexual offences,Unable to prosecute suspect,
f4dc249884d97dbfc5013811450873e9b483cd851bb627c10864e680cea520c6,2021-06,Derbyshire Constabulary,Derbyshire Constabulary,-1.504276,52.900103,On or near Pavilion Road,E01013489,Derby 022B,Violence and sexual offences,Investigation complete; no suspect identified,
,2021-06,Derbyshire Constabulary,Derbyshire Constabulary,-1.510424,52.899427,On or near Oak Crescent,E01013490,Derby 022C,Anti-social behaviour,,
,2021-06,Derbyshire Constabulary,Derbyshire Constabulary,-1.515413,52.897299,On or near West View Avenue,E01013490,Derby 022C,Anti-social behaviour,,
,2021-06,Derbyshire Constabulary,Derbyshire Constabulary,-1.515413,52.897299,On or near West View Avenue,E01013490,Derby 022C,Anti-social behaviour,,
,2021-06,Derbyshire Constabulary,Derbyshire Constabulary,-1.510789,52.897361,On or near Vine Close,E01013490,Derby 022C,Anti-social behaviour,,
d09b4545e6f8e9b27ae5dd8b970ca86f6afa2022c85ff2fb13b6c1c7581693ea,2021-06,Derbyshire Constabulary,Derbyshire Constabulary,-1.508638,52.895689,On or near Hill Cross Avenue,E01013490,Derby 022C,Criminal damage and arson,Unable to prosecute suspect,
8a3753dd4f6f24d780e80542ee7fb7a2e47c45cb8e12657d013fcecb9e06d8d3,2021-06,Derbyshire Constabulary,Derbyshire Constabulary,-1.512416,52.894149,On or near Lothlorien Close,E01013490,Derby 022C,Criminal damage and arson,Status update unavailable,
0fa596be9d4fe4f68437d9160367b3746552fa373420c82611330aaf7fc04751,2021-06,Derbyshire Constabulary,Derbyshire Constabulary,-1.512288,52.892288,On or near Farmlands Lane,E01013490,Derby 022C,Other theft,Unable to prosecute suspect,
6dcbf320aa74fe8c7fe22edfe867da0c4f56cf9239e3efe3fdc83bfdd01c9845,2021-06,Derbyshire Constabulary,Derbyshire Constabulary,-1.512427,52.898410,On or near Harpur Avenue,E01013490,Derby 022C,Violence and sexual offences,Status update unavailable,
e3059ab0278d7d0e84452caa4f399e5ee5f0b8de057a8983b5d98993b9a9f5c0,2021-06,Derbyshire Constabulary,Derbyshire Constabulary,-1.512416,52.894149,On or near Lothlorien Close,E01013490,Derby 022C,Violence and sexual offences,Status update unavailable,
38bc0821435d6779bcd9ff0dc6d17f3002b18d7b855f2f5126cdb0dee5492013,2021-06,Derbyshire Constabulary,Derbyshire Constabulary,-1.516545,52.898445,On or near Sports/Recreation Area,E01013490,Derby 022C,Violence and sexual offences,Investigation complete; no suspect identified,
df9090fb7fdc7d4bf12e3cb6159729db5417fe3f638df8006fea234e64a47b5a,2021-06,Derbyshire Constabulary,Derbyshire Constabulary,-1.510789,52.897361,On or near Vine Close,E01013490,Derby 022C,Violence and sexual offences,Unable to prosecute suspect,
b85b76161d5973fbfd3a9a79f71f3493cd6793e225d60afd070e0f3d1296673f,2021-06,Derbyshire Constabulary,Derbyshire Constabulary,-1.511969,52.899487,On or near Stevenson Place,E01013490,Derby 022C,Violence and sexual offences,Unable to prosecute suspect,
6e3248b862f5591bf64e67fae674ed64f5543930650dfecdfb5783bf6ebc59fb,2021-06,Derbyshire Constabulary,Derbyshire Constabulary,-1.510789,52.897361,On or near Vine Close,E01013490,Derby 022C,Violence and sexual offences,Status update unavailable,
,2021-06,Derbyshire Constabulary,Derbyshire Constabulary,-1.490963,52.900819,On or near Hathersage Avenue,E01013491,Derby 022D,Anti-social behaviour,,
,2021-06,Derbyshire Constabulary,Derbyshire Constabulary,-1.496614,52.901958,On or near Rowsley Avenue,E01013491,Derby 022D,Anti-social behaviour,,
ab6509de9d69d6c5d0133ac405cd2a28d21995caeb5b41387ed723a8152ef5e0,2021-06,Derbyshire Constabulary,Derbyshire Constabulary,-1.498303,52.899880,On or near Hayes Avenue,E01013491,Derby 022D,Burglary,Investigation complete; no suspect identified,
466f637a3ba1bb04ec6144df017c1db37b64beab598fdb13262f91bfeac15411,2021-06,Derbyshire Constabulary,Derbyshire Constabulary,-1.493638,52.900849,On or near Foremark Avenue,E01013491,Derby 022D,Criminal damage and arson,Investigation complete; no suspect identified,
e99929e0243ec5e35b32a5412ca1dd816206a9f500da7cd5a2f78397d8d0c528,2021-06,Derbyshire Constabulary,Derbyshire Constabulary,-1.501944,52.901252,On or near Brayfield Avenue,E01013491,Derby 022D,Criminal damage and arson,Investigation complete; no suspect identified,
2bce7ac28200c45b3e4ee5252292cccec210fb6165aa15dc4a88fb2e0066c6ff,2021-06,Derbyshire Constabulary,Derbyshire Constabulary,-1.501944,52.901252,On or near Brayfield Avenue,E01013491,Derby 022D,Criminal damage and arson,Investigation complete; no suspect identified,
935dd1cf3880af1c7d2df39a963b56783a55b4f26c1c09fd1c337f7ef0971d11,2021-06,Derbyshire Constabulary,Derbyshire Constabulary,-1.501944,52.901252,On or near Brayfield Avenue,E01013491,Derby 022D,Criminal damage and arson,Investigation complete; no suspect identified,
ecc831f5e52f6dc33112f6d010859b7c4825e2d2dd06e4c507e32bf799c9f04f,2021-06,Derbyshire Constabulary,Derbyshire Constabulary,-1.490963,52.900819,On or near Hathersage Avenue,E01013491,Derby 022D,Drugs,Status update unavailable,
112573adf1c68482cff911a19dfd67244e33eafa4632661f21a41e02439fa37f,2021-06,Derbyshire Constabulary,Derbyshire Constabulary,-1.490963,52.900819,On or near Hathersage Avenue,E01013491,Derby 022D,Other theft,Status update unavailable,
61204f1ea80d8763f73cf51cdd128a475e9f5dd5aab7e70d28afe6bf5785e099,2021-06,Derbyshire Constabulary,Derbyshire Constabulary,-1.490963,52.900819,On or near Hathersage Avenue,E01013491,Derby 022D,Possession of weapons,Status update unavailable,
cc4573393def81215b1d4af27688241f2d6597686110fe997b7400991434fee1,2021-06,Derbyshire Constabulary,Derbyshire Constabulary,-1.502491,52.901560,On or near Brayfield Road,E01013491,Derby 022D,Violence and sexual offences,Unable to prosecute suspect,
,2021-06,Derbyshire Constabulary,Derbyshire Constabulary,-1.485360,52.901901,On or near Supermarket,E01013570,Derby 023A,Anti-social behaviour,,
,2021-06,Derbyshire Constabulary,Derbyshire Constabulary,-1.483348,52.901074,On or near Duncan Road,E01013570,Derby 023A,Anti-social behaviour,,
,2021-06,Derbyshire Constabulary,Derbyshire Constabulary,-1.485360,52.901901,On or near Supermarket,E01013570,Derby 023A,Anti-social behaviour,,
,2021-06,Derbyshire Constabulary,Derbyshire Constabulary,-1.485360,52.901901,On or near Supermarket,E01013570,Derby 023A,Anti-social behaviour,,
,2021-06,Derbyshire Constabulary,Derbyshire Constabulary,-1.480135,52.901195,On or near Havelock Road,E01013570,Derby 023A,Anti-social behaviour,,
,2021-06,Derbyshire Constabulary,Derbyshire Constabulary,-1.480282,52.902589,On or near Sutherland Road,E01013570,Derby 023A,Anti-social behaviour,,
,2021-06,Derbyshire Constabulary,Derbyshire Constabulary,-1.482254,52.901780,On or near Brunswick Street,E01013570,Derby 023A,Anti-social behaviour,,
,2021-06,Derbyshire Constabulary,Derbyshire Constabulary,-1.482254,52.901780,On or near Brunswick Street,E01013570,Derby 023A,Anti-social behaviour,,
,2021-06,Derbyshire Constabulary,Derbyshire Constabulary,-1.485360,52.901901,On or near Supermarket,E01013570,Derby 023A,Anti-social behaviour,,
,2021-06,Derbyshire Constabulary,Derbyshire Constabulary,-1.488115,52.901553,On or near Stenson Road,E01013570,Derby 023A,Anti-social behaviour,,
4413008792b6b20bc5b70025cbb31daf1035fd2ab69891fca9a4f8db3068e7c8,2021-06,Derbyshire Constabulary,Derbyshire Constabulary,-1.480135,52.901195,On or near Havelock Road,E01013570,Derby 023A,Criminal damage and arson,Unable to prosecute suspect,
4317df640a1621db6dcc618c54722e7cb05e86bd8ce758d39a7dec9530cae843,2021-06,Derbyshire Constabulary,Derbyshire Constabulary,-1.480135,52.901195,On or near Havelock Road,E01013570,Derby 023A,Criminal damage and arson,Local resolution,
9852cb661f92313666e5680188247e550e4807ed4acc6a74ba3b443bd75383a2,2021-06,Derbyshire Constabulary,Derbyshire Constabulary,-1.482254,52.901780,On or near Brunswick Street,E01013570,Derby 023A,Drugs,Awaiting court outcome,
167d38968b19518e1011c5217d5523ffb51cd1c2ad53fad55d3e0bf8279610d5,2021-06,Derbyshire Constabulary,Derbyshire Constabulary,-1.488047,52.899755,On or near Castleton Avenue,E01013570,Derby 023A,Other theft,Investigation complete; no suspect identified,
9f744fbe623922ff0c8fa68e61fb33d11be5afd4a51a1ae46d5c1e38fc59312f,2021-06,Derbyshire Constabulary,Derbyshire Constabulary,-1.485360,52.901901,On or near Supermarket,E01013570,Derby 023A,Public order,Investigation complete; no suspect identified,
600701c374f98e5019310b0ef1aa9502ec8336fc1f348f49f9fc2511368b58db,2021-06,Derbyshire Constabulary,Derbyshire Constabulary,-1.485360,52.901901,On or near Supermarket,E01013570,Derby 023A,Public order,Awaiting court outcome,
c40e0e056d3ea516da4053c803053f13b4226ec3cc0d90b3d4cd7e4d1617f677,2021-06,Derbyshire Constabulary,Derbyshire Constabulary,-1.485360,52.901901,On or near Supermarket,E01013570,Derby 023A,Public order,Investigation complete; no suspect identified,
2a7c0f8b732f6982473f30dc103948663160d35d594072ee4ef5d4f51a501712,2021-06,Derbyshire Constabulary,Derbyshire Constabulary,-1.488115,52.901553,On or near Stenson Road,E01013570,Derby 023A,Public order,Unable to prosecute suspect,
ed5de11d99dc0988c62fde52c39aa2e06ff31bfdfd717a471fae069e31b54e8e,2021-06,Derbyshire Constabulary,Derbyshire Constabulary,-1.485360,52.901901,On or near Supermarket,E01013570,Derby 023A,Shoplifting,Investigation complete; no suspect identified,
d25e1877ee96508fa0d429f06c34a5cdf9e515117e09b477ecfd5ee648d16639,2021-06,Derbyshire Constabulary,Derbyshire Constabulary,-1.485360,52.901901,On or near Supermarket,E01013570,Derby 023A,Shoplifting,Status update unavailable,
5418629b38f2edc3b51807c781bc04e08bb507434026485b1551a735ac8dfd5d,2021-06,Derbyshire Constabulary,Derbyshire Constabulary,-1.485360,52.901901,On or near Supermarket,E01013570,Derby 023A,Shoplifting,Awaiting court outcome,
618bc77776ed05323a36e1c4df1e2aa79db34e2fd492e8834cd240a3e374db30,2021-06,Derbyshire Constabulary,Derbyshire Constabulary,-1.485360,52.901901,On or near Supermarket,E01013570,Derby 023A,Shoplifting,Investigation complete; no suspect identified,
414e54b448fdd4291d63d208f6c745c8178fc63995414f174464d111b1e88784,2021-06,Derbyshire Constabulary,Derbyshire Constabulary,-1.485360,52.901901,On or near Supermarket,E01013570,Derby 023A,Shoplifting,Unable to prosecute suspect,
9045017a3a17ceb24a4caae1df86c1d772e9bad2cb1905b77296056a57053d00,2021-06,Derbyshire Constabulary,Derbyshire Constabulary,-1.485360,52.901901,On or near Supermarket,E01013570,Derby 023A,Shoplifting,Awaiting court outcome,
e172c28f4d1558e7ea66bfec2d3d83d83ab780245e3dce4075c7e2c7bde3b58e,2021-06,Derbyshire Constabulary,Derbyshire Constabulary,-1.485360,52.901901,On or near Supermarket,E01013570,Derby 023A,Shoplifting,Investigation complete; no suspect identified,
b64d501d645a3be268111a4c5cb3e6e55170ee7babbfedbbb33ad5aabcc6b7f7,2021-06,Derbyshire Constabulary,Derbyshire Constabulary,-1.485360,52.901901,On or near Supermarket,E01013570,Derby 023A,Theft from the person,Investigation complete; no suspect identified,
e36bd56e4499698c1d96f8fee9e03dacaf4642070154e08637c2da60fe28694b,2021-06,Derbyshire Constabulary,Derbyshire Constabulary,-1.480282,52.902589,On or near Sutherland Road,E01013570,Derby 023A,Violence and sexual offences,Status update unavailable,
b66a52d0c852c88ef73583ce46403b877ce1e4901e4c816c6bb2438d852efb74,2021-06,Derbyshire Constabulary,Derbyshire Constabulary,-1.483348,52.901074,On or near Duncan Road,E01013570,Derby 023A,Violence and sexual offences,Unable to prosecute suspect,
1b078bcd3904185c941ee17197943dfe465a395f9c147ac349488e26dcc4ba7d,2021-06,Derbyshire Constabulary,Derbyshire Constabulary,-1.480282,52.902589,On or near Sutherland Road,E01013570,Derby 023A,Violence and sexual offences,Status update unavailable,
3b7b0a8374b0b6ebbef7ccce41601ac4ae287e1566a9ee3dde7a08c66cad46e3,2021-06,Derbyshire Constabulary,Derbyshire Constabulary,-1.483348,52.901074,On or near Duncan Road,E01013570,Derby 023A,Violence and sexual offences,Unable to prosecute suspect,
acf366fa842d2a362008e33b43fcce4bb2916e28391ac83d5daa7e7c2be22810,2021-06,Derbyshire Constabulary,Derbyshire Constabulary,-1.482254,52.901780,On or near Brunswick Street,E01013570,Derby 023A,Violence and sexual offences,Unable to prosecute suspect,
b84b535f8b8174a4d62f16b486e1751858169574a6fc2077ab1f8f9fb14332e9,2021-06,Derbyshire Constabulary,Derbyshire Constabulary,-1.480135,52.901195,On or near Havelock Road,E01013570,Derby 023A,Violence and sexual offences,Unable to prosecute suspect,
f47901d7ea1615d36c054d48383fa2e1a4278e681c6d9d197d12ef6913e7bb25,2021-06,Derbyshire Constabulary,Derbyshire Constabulary,-1.488115,52.901553,On or near Stenson Road,E01013570,Derby 023A,Violence and sexual offences,Investigation complete; no suspect identified,
33465ac82b25bc43f40ff8fdc1421d8ae984aa7d9a08dfbf706c7ae2420a26af,2021-06,Derbyshire Constabulary,Derbyshire Constabulary,-1.482254,52.901780,On or near Brunswick Street,E01013570,Derby 023A,Violence and sexual offences,Unable to prosecute suspect,
3d2447bc0f8c6401794eee0ffe4a02964ba54e56b67f16ffca0af5fd7e65057f,2021-06,Derbyshire Constabulary,Derbyshire Constabulary,-1.485360,52.901901,On or near Supermarket,E01013570,Derby 023A,Violence and sexual offences,Unable to prosecute suspect,
b65fb858cafc0ec741bc5f5ad5f4f4ef840e80de457371833b7f5169b962c378,2021-06,Derbyshire Constabulary,Derbyshire Constabulary,-1.485020,52.900452,On or near Derby Lane,E01013570,Derby 023A,Violence and sexual offences,Status update unavailable,
0b90fb65e300468215db601b40962e8733fb2a74985734831843e77666512e7e,2021-06,Derbyshire Constabulary,Derbyshire Constabulary,-1.488115,52.901553,On or near Stenson Road,E01013570,Derby 023A,Violence and sexual offences,Unable to prosecute suspect,
acf366fa842d2a362008e33b43fcce4bb2916e28391ac83d5daa7e7c2be22810,2021-06,Derbyshire Constabulary,Derbyshire Constabulary,-1.485360,52.901901,On or near Supermarket,E01013570,Derby 023A,Violence and sexual offences,Status update unavailable,
22d2c99fb85a9dec4614e7ff22d694fc843b505a953859fafc2b2c469920eaad,2021-06,Derbyshire Constabulary,Derbyshire Constabulary,-1.488115,52.901553,On or near Stenson Road,E01013570,Derby 023A,Violence and sexual offences,Local resolution,
18f610dc1b55e875b1c54db7542a8391c6af656e9065165eed085be7ba283a00,2021-06,Derbyshire Constabulary,Derbyshire Constabulary,-1.480135,52.901195,On or near Havelock Road,E01013570,Derby 023A,Other crime,Unable to prosecute suspect,
,2021-06,Derbyshire Constabulary,Derbyshire Constabulary,-1.478891,52.898385,On or near Balaclava Road,E01013571,Derby 023B,Anti-social behaviour,,
,2021-06,Derbyshire Constabulary,Derbyshire Constabulary,-1.486692,52.897412,On or near Park Hill Drive,E01013571,Derby 023B,Anti-social behaviour,,
,2021-06,Derbyshire Constabulary,Derbyshire Constabulary,-1.487668,52.897803,On or near Ingleby Avenue,E01013571,Derby 023B,Anti-social behaviour,,
,2021-06,Derbyshire Constabulary,Derbyshire Constabulary,-1.478017,52.898111,On or near Hampden Street,E01013571,Derby 023B,Anti-social behaviour,,
,2021-06,Derbyshire Constabulary,Derbyshire Constabulary,-1.476599,52.898555,On or near Bethulie Road,E01013571,Derby 023B,Anti-social behaviour,,
,2021-06,Derbyshire Constabulary,Derbyshire Constabulary,-1.478891,52.898385,On or near Balaclava Road,E01013571,Derby 023B,Anti-social behaviour,,
,2021-06,Derbyshire Constabulary,Derbyshire Constabulary,-1.476599,52.898555,On or near Bethulie Road,E01013571,Derby 023B,Anti-social behaviour,,
,2021-06,Derbyshire Constabulary,Derbyshire Constabulary,-1.478891,52.898385,On or near Balaclava Road,E01013571,Derby 023B,Anti-social behaviour,,
,2021-06,Derbyshire Constabulary,Derbyshire Constabulary,-1.478891,52.898385,On or near Balaclava Road,E01013571,Derby 023B,Anti-social behaviour,,
,2021-06,Derbyshire Constabulary,Derbyshire Constabulary,-1.478891,52.898385,On or near Balaclava Road,E01013571,Derby 023B,Anti-social behaviour,,
,2021-06,Derbyshire Constabulary,Derbyshire Constabulary,-1.478891,52.898385,On or near Balaclava Road,E01013571,Derby 023B,Anti-social behaviour,,
,2021-06,Derbyshire Constabulary,Derbyshire Constabulary,-1.487668,52.897803,On or near Ingleby Avenue,E01013571,Derby 023B,Anti-social behaviour,,
,2021-06,Derbyshire Constabulary,Derbyshire Constabulary,-1.478891,52.898385,On or near Balaclava Road,E01013571,Derby 023B,Anti-social behaviour,,
,2021-06,Derbyshire Constabulary,Derbyshire Constabulary,-1.476599,52.898555,On or near Bethulie Road,E01013571,Derby 023B,Anti-social behaviour,,
,2021-06,Derbyshire Constabulary,Derbyshire Constabulary,-1.476134,52.897725,On or near Osmaston Park Road,E01013571,Derby 023B,Anti-social behaviour,,
77770a3408eb28ef09543ff349b68f77fdeab385b4cf5e94b54ac54cc522aa2b,2021-06,Derbyshire Constabulary,Derbyshire Constabulary,-1.480015,52.896322,On or near Rawlinson Avenue,E01013571,Derby 023B,Burglary,Investigation complete; no suspect identified,
7c5d53e2f956176b49a5c83d627e82806a063ba49ac2f7d4961baf4211525df5,2021-06,Derbyshire Constabulary,Derbyshire Constabulary,-1.481377,52.896796,On or near Byng Avenue,E01013571,Derby 023B,Criminal damage and arson,Unable to prosecute suspect,
34574743ed167100420828f24887303ea7a19c8485e31afb1fc158273151b2fb,2021-06,Derbyshire Constabulary,Derbyshire Constabulary,-1.481377,52.896796,On or near Byng Avenue,E01013571,Derby 023B,Criminal damage and arson,Unable to prosecute suspect,
972d6970837d9b9d6da760b6ca93ac5ecea7325855057e13ba50894571d16924,2021-06,Derbyshire Constabulary,Derbyshire Constabulary,-1.478017,52.898111,On or near Hampden Street,E01013571,Derby 023B,Criminal damage and arson,Unable to prosecute suspect,
7a220ba1566f38f5dac52bdbe7e89592e5ad77d8cf49e4512e5f6ad8c0fb144a,2021-06,Derbyshire Constabulary,Derbyshire Constabulary,-1.481687,52.896968,On or near Underhill Avenue,E01013571,Derby 023B,Criminal damage and arson,Unable to prosecute suspect,
ac97406cd2f76bf975b0b4355ecb0f84889a10b650e6795a98377e4e3457c138,2021-06,Derbyshire Constabulary,Derbyshire Constabulary,-1.478017,52.898111,On or near Hampden Street,E01013571,Derby 023B,Criminal damage and arson,Unable to prosecute suspect,
d088cbec4e1bbc16d78d05752dadc1d6806579726f27c218aa5323cdf76fd6f4,2021-06,Derbyshire Constabulary,Derbyshire Constabulary,-1.481191,52.896183,On or near Arleston Street,E01013571,Derby 023B,Criminal damage and arson,Investigation complete; no suspect identified,
883e243ca844381d2d74d0c69496857f0a0723505ff41586cab849c2655ed762,2021-06,Derbyshire Constabulary,Derbyshire Constabulary,-1.478891,52.898385,On or near Balaclava Road,E01013571,Derby 023B,Drugs,Status update unavailable,
d02cac82bb7c956f8ab3bca070cd48145b2f4fe194ba3fdc1db39b95d5471776,2021-06,Derbyshire Constabulary,Derbyshire Constabulary,-1.481459,52.899888,On or near Sackville Street,E01013571,Derby 023B,Other theft,Investigation complete; no suspect identified,
2a2464609901c825728cd6c89e188f90b4023e56dfda5211f1bb293a578b78a9,2021-06,Derbyshire Constabulary,Derbyshire Constabulary,-1.476134,52.897725,On or near Osmaston Park Road,E01013571,Derby 023B,Other theft,Unable to prosecute suspect,
0150a1daccdc26a18b4672c471846c58fc1c1ca64bf1728c32b83d7d2c1bf4c2,2021-06,Derbyshire Constabulary,Derbyshire Constabulary,-1.478891,52.898385,On or near Balaclava Road,E01013571,Derby 023B,Other theft,Unable to prosecute suspect,
2e573247ed4296cfd7c0081ed2932802ddabec669e47d3ba0817eeac8744a1c1,2021-06,Derbyshire Constabulary,Derbyshire Constabulary,-1.478017,52.898111,On or near Hampden Street,E01013571,Derby 023B,Possession of weapons,Status update unavailable,
2e573247ed4296cfd7c0081ed2932802ddabec669e47d3ba0817eeac8744a1c1,2021-06,Derbyshire Constabulary,Derbyshire Constabulary,-1.474719,52.899113,On or near Balfour Road,E01013571,Derby 023B,Possession of weapons,Status update unavailable,
4573dda79f5f14d200974e3f0379cc458ad547816e6d46ee1bf57977bd116133,2021-06,Derbyshire Constabulary,Derbyshire Constabulary,-1.484820,52.898555,On or near Village Street,E01013571,Derby 023B,Public order,Unable to prosecute suspect,
8af876c3006d3e76c55dd766ec32d856d80d786c13b50a69f0d6ad31ea2fe589,2021-06,Derbyshire Constabulary,Derbyshire Constabulary,-1.484820,52.898555,On or near Village Street,E01013571,Derby 023B,Public order,Unable to prosecute suspect,
d5a4985a17c3d5def2bc4a5b2119992514ca49cfbbb07585370f2cb6b48a0af9,2021-06,Derbyshire Constabulary,Derbyshire Constabulary,-1.484758,52.898761,On or near Lake Drive,E01013571,Derby 023B,Public order,Unable to prosecute suspect,
5faa471686d530ae1ba6f1f9ce9537eeface9f3394c991ba14ede0d9b0bf6163,2021-06,Derbyshire Constabulary,Derbyshire Constabulary,-1.478891,52.898385,On or near Balaclava Road,E01013571,Derby 023B,Robbery,Unable to prosecute suspect,
5245cafb8c3cbeecd2f1063bcc854b673d5d220c3a868e394d454d87db74d89a,2021-06,Derbyshire Constabulary,Derbyshire Constabulary,-1.476134,52.897725,On or near Osmaston Park Road,E01013571,Derby 023B,Theft from the person,Unable to prosecute suspect,
daf40d69969386f30288e6eeca301fceacb6522c11631ce5a46855277b37479f,2021-06,Derbyshire Constabulary,Derbyshire Constabulary,-1.486692,52.897412,On or near Park Hill Drive,E01013571,Derby 023B,Vehicle crime,Investigation complete; no suspect identified,
6dcbf320aa74fe8c7fe22edfe867da0c4f56cf9239e3efe3fdc83bfdd01c9845,2021-06,Derbyshire Constabulary,Derbyshire Constabulary,-1.480120,52.899972,On or near Chatham Street,E01013571,Derby 023B,Violence and sexual offences,Unable to prosecute suspect,
526d68155afe160d5f03ca9323ab12cf631573f55e7a0cd214a77f4ccf7ca18b,2021-06,Derbyshire Constabulary,Derbyshire Constabulary,-1.484820,52.898555,On or near Village Street,E01013571,Derby 023B,Violence and sexual offences,Unable to prosecute suspect,
96098322de2bc7baf81ff920c371c49e6e8a4b7b49f5f8f90a287da6556f9fd2,2021-06,Derbyshire Constabulary,Derbyshire Constabulary,-1.484820,52.898555,On or near Village Street,E01013571,Derby 023B,Violence and sexual offences,Unable to prosecute suspect,
01a39a4530034e8db45bc9399838baf24a6642a9069b17bd34742d7ef10160d4,2021-06,Derbyshire Constabulary,Derbyshire Constabulary,-1.483362,52.898620,On or near Newlyn Drive,E01013571,Derby 023B,Violence and sexual offences,Unable to prosecute suspect,
b36241651aeae86da30c28e33095a257bf8b234c7f710c9d0822e76e78d9e412,2021-06,Derbyshire Constabulary,Derbyshire Constabulary,-1.480217,52.898094,On or near Newdigate Street,E01013571,Derby 023B,Violence and sexual offences,Unable to prosecute suspect,
08918c7d689800f197d41bc8f730060063f4679f45c7be340dea8d536fc4e253,2021-06,Derbyshire Constabulary,Derbyshire Constabulary,-1.480217,52.898094,On or near Newdigate Street,E01013571,Derby 023B,Violence and sexual offences,Awaiting court outcome,
7d6ba2fa221e6f7821f8f836cb2e902b88e8b0eb361ef34cafdf01b13c4d9c63,2021-06,Derbyshire Constabulary,Derbyshire Constabulary,-1.481191,52.896183,On or near Arleston Street,E01013571,Derby 023B,Violence and sexual offences,Unable to prosecute suspect,
8538a2aa749021241c22923ccdc4b4f75ef600b0edb2cd9dff35f0101ad355a1,2021-06,Derbyshire Constabulary,Derbyshire Constabulary,-1.478017,52.898111,On or near Hampden Street,E01013571,Derby 023B,Violence and sexual offences,Local resolution,
99792e946b06d733854bc56d692f2c40af298e792585b945d10e45fc706a2dc3,2021-06,Derbyshire Constabulary,Derbyshire Constabulary,-1.483362,52.898620,On or near Newlyn Drive,E01013571,Derby 023B,Violence and sexual offences,Status update unavailable,
a7284294192bcae3de7f0c4786dbb97fabb14e1d7c856e81aa6f258688f55c22,2021-06,Derbyshire Constabulary,Derbyshire Constabulary,-1.474719,52.899113,On or near Balfour Road,E01013571,Derby 023B,Violence and sexual offences,Investigation complete; no suspect identified,
6a76b1c807cb1fdeb6a2afb3e72ae5d0bfb3dd148c4f0459898147207635a114,2021-06,Derbyshire Constabulary,Derbyshire Constabulary,-1.479151,52.895294,On or near Sinfin Lane,E01013571,Derby 023B,Violence and sexual offences,Unable to prosecute suspect,
e9dd5b52f12f28c5355ad77207d00827458aa45822c4ee38eabd412271e07cb2,2021-06,Derbyshire Constabulary,Derbyshire Constabulary,-1.479151,52.895294,On or near Sinfin Lane,E01013571,Derby 023B,Violence and sexual offences,Unable to prosecute suspect,
21bb280767fe0db2779e89c6efbfb54e47bec5c87a44acf380b2c5848943d099,2021-06,Derbyshire Constabulary,Derbyshire Constabulary,-1.478891,52.898385,On or near Balaclava Road,E01013571,Derby 023B,Violence and sexual offences,Unable to prosecute suspect,
86e3cfb30abceabedecc5cb0f88b6c6b2c55e199b88dc38839bb43e34e29fcf9,2021-06,Derbyshire Constabulary,Derbyshire Constabulary,-1.479151,52.895294,On or near Sinfin Lane,E01013571,Derby 023B,Violence and sexual offences,Unable to prosecute suspect,
eceabe21803b8e2ddd9984962484353ba38adf48e45486d9db2c86f795525a35,2021-06,Derbyshire Constabulary,Derbyshire Constabulary,-1.474719,52.899113,On or near Balfour Road,E01013571,Derby 023B,Violence and sexual offences,Investigation complete; no suspect identified,
37f12369bfeae9af22009e1726dc32d02738882badf61c373b17494d3181c4ae,2021-06,Derbyshire Constabulary,Derbyshire Constabulary,-1.484758,52.898761,On or near Lake Drive,E01013571,Derby 023B,Violence and sexual offences,Status update unavailable,
0c85f815802679ab27f4a0b5c2829b6512b04c1f8fba688e8190ecb635847608,2021-06,Derbyshire Constabulary,Derbyshire Constabulary,-1.487668,52.897803,On or near Ingleby Avenue,E01013571,Derby 023B,Violence and sexual offences,Unable to prosecute suspect,
c523467333c0da31ede52b530b935658d4496ad76d5179a5c9c6bf3fbd681b00,2021-06,Derbyshire Constabulary,Derbyshire Constabulary,-1.484820,52.898555,On or near Village Street,E01013571,Derby 023B,Violence and sexual offences,Unable to prosecute suspect,
bf1fe0c3115d8597f4b6375da6773a23da2a1d36451e10622a1567af51fd37cd,2021-06,Derbyshire Constabulary,Derbyshire Constabulary,-1.476599,52.898555,On or near Bethulie Road,E01013571,Derby 023B,Violence and sexual offences,Unable to prosecute suspect,
,2021-06,Derbyshire Constabulary,Derbyshire Constabulary,-1.492492,52.892043,On or near Stenson Avenue,E01013572,Derby 023C,Anti-social behaviour,,
,2021-06,Derbyshire Constabulary,Derbyshire Constabulary,-1.492492,52.892043,On or near Stenson Avenue,E01013572,Derby 023C,Anti-social behaviour,,
,2021-06,Derbyshire Constabulary,Derbyshire Constabulary,-1.489697,52.893425,On or near Caxton Court,E01013572,Derby 023C,Anti-social behaviour,,
,2021-06,Derbyshire Constabulary,Derbyshire Constabulary,-1.493344,52.892928,On or near Cuttlebrook Close,E01013572,Derby 023C,Anti-social behaviour,,
,2021-06,Derbyshire Constabulary,Derbyshire Constabulary,-1.493344,52.892928,On or near Cuttlebrook Close,E01013572,Derby 023C,Anti-social behaviour,,
e91b5a2b12082c5f1da2ece5a0bca8f211b9d60926dadc129963608904e2a8eb,2021-06,Derbyshire Constabulary,Derbyshire Constabulary,-1.489697,52.893425,On or near Caxton Court,E01013572,Derby 023C,Other theft,Unable to prosecute suspect,
9878412607261e89e8725e54380cafef503ead916db40215ff2b7f26290dd756,2021-06,Derbyshire Constabulary,Derbyshire Constabulary,-1.489697,52.893425,On or near Caxton Court,E01013572,Derby 023C,Other theft,Unable to prosecute suspect,
e0af5be93f730f93858506e6567f46f5e7f1dd2c506120d7bd4ddfbeee49bbc0,2021-06,Derbyshire Constabulary,Derbyshire Constabulary,-1.489697,52.893425,On or near Caxton Court,E01013572,Derby 023C,Other theft,Unable to prosecute suspect,
0f777e9d510f9a873c1f036aae194b4701bcd77eae873dea25a11516691ed68a,2021-06,Derbyshire Constabulary,Derbyshire Constabulary,-1.489697,52.893425,On or near Caxton Court,E01013572,Derby 023C,Public order,Investigation complete; no suspect identified,
4f8148e1209e4348e0759c302eee417e97920005b54848270771f53f4137ce45,2021-06,Derbyshire Constabulary,Derbyshire Constabulary,-1.491501,52.891688,On or near Kendon Avenue,E01013572,Derby 023C,Violence and sexual offences,Investigation complete; no suspect identified,
2e64fb9ac9eabeaec7ce22038f7b8bd6f33fd4c7a6754c5faf9caee74c35b647,2021-06,Derbyshire Constabulary,Derbyshire Constabulary,-1.490250,52.890577,On or near Grenfell Avenue,E01013572,Derby 023C,Violence and sexual offences,Unable to prosecute suspect,
4f3d09b4d1f07803e786a1e505b24ffeee366aaf97616d37bd2208cd257f1933,2021-06,Derbyshire Constabulary,Derbyshire Constabulary,-1.489270,52.889288,On or near Keswick Avenue,E01013572,Derby 023C,Violence and sexual offences,Unable to prosecute suspect,
28ea012e33fbef221ab0abb8826e13a23e1230ddb9693a5d333b91fb42994008,2021-06,Derbyshire Constabulary,Derbyshire Constabulary,-1.489270,52.889288,On or near Keswick Avenue,E01013572,Derby 023C,Violence and sexual offences,Unable to prosecute suspect,
,2021-06,Derbyshire Constabulary,Derbyshire Constabulary,-1.486283,52.896763,On or near Huxley Close,E01013573,Derby 023D,Anti-social behaviour,,
,2021-06,Derbyshire Constabulary,Derbyshire Constabulary,-1.486797,52.893565,On or near Dickens Square,E01013573,Derby 023D,Anti-social behaviour,,
,2021-06,Derbyshire Constabulary,Derbyshire Constabulary,-1.486785,52.890751,On or near Sports/Recreation Area,E01013573,Derby 023D,Anti-social behaviour,,
,2021-06,Derbyshire Constabulary,Derbyshire Constabulary,-1.486589,52.894805,On or near Boswell Square,E01013573,Derby 023D,Anti-social behaviour,,
,2021-06,Derbyshire Constabulary,Derbyshire Constabulary,-1.490263,52.892025,On or near Underhill Close,E01013573,Derby 023D,Anti-social behaviour,,
,2021-06,Derbyshire Constabulary,Derbyshire Constabulary,-1.486785,52.890751,On or near Sports/Recreation Area,E01013573,Derby 023D,Anti-social behaviour,,
,2021-06,Derbyshire Constabulary,Derbyshire Constabulary,-1.486589,52.894805,On or near Boswell Square,E01013573,Derby 023D,Anti-social behaviour,,
,2021-06,Derbyshire Constabulary,Derbyshire Constabulary,-1.486785,52.890751,On or near Sports/Recreation Area,E01013573,Derby 023D,Anti-social behaviour,,
,2021-06,Derbyshire Constabulary,Derbyshire Constabulary,-1.490263,52.892025,On or near Underhill Close,E01013573,Derby 023D,Anti-social behaviour,,
,2021-06,Derbyshire Constabulary,Derbyshire Constabulary,-1.486785,52.890751,On or near Sports/Recreation Area,E01013573,Derby 023D,Anti-social behaviour,,
,2021-06,Derbyshire Constabulary,Derbyshire Constabulary,-1.486589,52.894805,On or near Boswell Square,E01013573,Derby 023D,Anti-social behaviour,,
,2021-06,Derbyshire Constabulary,Derbyshire Constabulary,-1.486589,52.894805,On or near Boswell Square,E01013573,Derby 023D,Anti-social behaviour,,
22686b39d34dac28885f39695376d4002cef5fca0b8bbcd79642a11f73bbd209,2021-06,Derbyshire Constabulary,Derbyshire Constabulary,-1.485748,52.894217,On or near Blackmore Street,E01013573,Derby 023D,Other theft,Unable to prosecute suspect,
d04f2e153e1f14bde8ca0e16e0a8508c44cfc9e75cc162c600ec21e4af826635,2021-06,Derbyshire Constabulary,Derbyshire Constabulary,-1.486589,52.894805,On or near Boswell Square,E01013573,Derby 023D,Other theft,Status update unavailable,
8475738cbcf1ce568630f732297d37e25567c134c4175cbb7d834f28a1ac19ca,2021-06,Derbyshire Constabulary,Derbyshire Constabulary,-1.483093,52.893801,On or near Dryden Street,E01013573,Derby 023D,Other theft,Investigation complete; no suspect identified,
220c071ffa410581f4f7e003d7e7ae7a15ca43ec20582ef14dd233613cf32487,2021-06,Derbyshire Constabulary,Derbyshire Constabulary,-1.483999,52.892564,On or near Baxter Square,E01013573,Derby 023D,Other theft,Investigation complete; no suspect identified,
fb9cb98aa0fc704cd3c38b1282c48513d81dd10d1c7be2512c6133b8710fe637,2021-06,Derbyshire Constabulary,Derbyshire Constabulary,-1.487885,52.892041,On or near Caxton Street,E01013573,Derby 023D,Other theft,Local resolution,
0106a7ffd2cd4367c372aad6445382f4b325e36698318a1fcd7c7f424072b6ab,2021-06,Derbyshire Constabulary,Derbyshire Constabulary,-1.488262,52.892861,On or near Coleridge Street,E01013573,Derby 023D,Public order,Unable to prosecute suspect,
1d12ece52759e1f7c19a2eb041ec904c48df574d166881c44cb384f88bd30eee,2021-06,Derbyshire Constabulary,Derbyshire Constabulary,-1.486797,52.893565,On or near Dickens Square,E01013573,Derby 023D,Public order,Unable to prosecute suspect,
8680dcb67454c2b950bba60498e60cb7e03c0d6731922f1663ab11dd83650ee8,2021-06,Derbyshire Constabulary,Derbyshire Constabulary,-1.487885,52.892041,On or near Caxton Street,E01013573,Derby 023D,Theft from the person,Unable to prosecute suspect,
c7936e1035f73ce107218970d4c072e1ef07bac27115d863306ed66b247c020e,2021-06,Derbyshire Constabulary,Derbyshire Constabulary,-1.483093,52.893801,On or near Dryden Street,E01013573,Derby 023D,Vehicle crime,Investigation complete; no suspect identified,
60f36745528c155c825a3b9b66a7d542dc06cf5f0aaf424c99a24ed31e2f207a,2021-06,Derbyshire Constabulary,Derbyshire Constabulary,-1.486283,52.896763,On or near Huxley Close,E01013573,Derby 023D,Violence and sexual offences,Unable to prosecute suspect,
32b334db8ffdb33d45f318d85b6484020e1c9151b0f3340fcd347081904cdcba,2021-06,Derbyshire Constabulary,Derbyshire Constabulary,-1.484224,52.894929,On or near Austin Square,E01013573,Derby 023D,Violence and sexual offences,Unable to prosecute suspect,
353452e8008876341c73e213ab5ab00abf7cb0bbece65f1c3bf514d4d74d557a,2021-06,Derbyshire Constabulary,Derbyshire Constabulary,-1.486589,52.894805,On or near Boswell Square,E01013573,Derby 023D,Violence and sexual offences,Unable to prosecute suspect,
4ee8f3d82c566330b64ba8659020096ffb903c27dc13453cde74e7e5de917990,2021-06,Derbyshire Constabulary,Derbyshire Constabulary,-1.490263,52.892025,On or near Underhill Close,E01013573,Derby 023D,Violence and sexual offences,Investigation complete; no suspect identified,
f5f73aa7e2cb6c1ddb57aed6cde93eb708e4785c345481408dda5c18c59285dc,2021-06,Derbyshire Constabulary,Derbyshire Constabulary,-1.487885,52.892041,On or near Caxton Street,E01013573,Derby 023D,Violence and sexual offences,Local resolution,
93f75f90fa608ccab8080ddc231011a5c6c67b83f3828ff287ab93004719e1d5,2021-06,Derbyshire Constabulary,Derbyshire Constabulary,-1.488262,52.892861,On or near Coleridge Street,E01013573,Derby 023D,Violence and sexual offences,Unable to prosecute suspect,
633f80dbaaf71e1bbe3c8c2f97748435473c6c9072593fa640f476443e0f107c,2021-06,Derbyshire Constabulary,Derbyshire Constabulary,-1.486942,52.892577,On or near Emerson Square,E01013573,Derby 023D,Violence and sexual offences,Unable to prosecute suspect,
02eedc5322631c61c752888198e18d9aa67d28757ce1370995f5aeaf4118b5ce,2021-06,Derbyshire Constabulary,Derbyshire Constabulary,-1.483093,52.893801,On or near Dryden Street,E01013573,Derby 023D,Violence and sexual offences,Unable to prosecute suspect,
5ba7b61d9b0921fee5d84307d6f4d84991b3f9366ea3b7968b7e4ce645cc67c0,2021-06,Derbyshire Constabulary,Derbyshire Constabulary,-1.486283,52.896763,On or near Huxley Close,E01013573,Derby 023D,Violence and sexual offences,Unable to prosecute suspect,
,2021-06,Derbyshire Constabulary,Derbyshire Constabulary,-1.417446,52.895421,On or near Alum Close,E01013470,Derby 024A,Anti-social behaviour,,
,2021-06,Derbyshire Constabulary,Derbyshire Constabulary,-1.422390,52.899211,On or near Manifold Drive,E01013470,Derby 024A,Anti-social behaviour,,
,2021-06,Derbyshire Constabulary,Derbyshire Constabulary,-1.424700,52.895429,On or near Ellastone Gardens,E01013470,Derby 024A,Anti-social behaviour,,
,2021-06,Derbyshire Constabulary,Derbyshire Constabulary,-1.421395,52.896869,On or near Rosewood Close,E01013470,Derby 024A,Anti-social behaviour,,
,2021-06,Derbyshire Constabulary,Derbyshire Constabulary,-1.424584,52.900786,On or near Raynesway,E01013470,Derby 024A,Anti-social behaviour,,
,2021-06,Derbyshire Constabulary,Derbyshire Constabulary,-1.416449,52.895470,On or near Sandalwood Close,E01013470,Derby 024A,Anti-social behaviour,,
,2021-06,Derbyshire Constabulary,Derbyshire Constabulary,-1.423464,52.895540,On or near Walnut Avenue,E01013470,Derby 024A,Anti-social behaviour,,
,2021-06,Derbyshire Constabulary,Derbyshire Constabulary,-1.422016,52.894940,On or near Edale Avenue,E01013470,Derby 024A,Anti-social behaviour,,
13b95d5fc7af07a39b1bd49ae7cb7d475c8e3307ea88b2239a135c69ebf32353,2021-06,Derbyshire Constabulary,Derbyshire Constabulary,-1.423634,52.893986,On or near Sports/Recreation Area,E01013470,Derby 024A,Criminal damage and arson,Unable to prosecute suspect,
aaa85f4bcab9844d94d7ffacd7278b443b4be62943f42184a96f406072ebbb53,2021-06,Derbyshire Constabulary,Derbyshire Constabulary,-1.420279,52.894724,On or near Lathkill Avenue,E01013470,Derby 024A,Criminal damage and arson,Unable to prosecute suspect,
9058abc073babefb55dceeaed4ff79a4669f781ad135963330f3a154bb2c16f2,2021-06,Derbyshire Constabulary,Derbyshire Constabulary,-1.417446,52.895421,On or near Alum Close,E01013470,Derby 024A,Criminal damage and arson,Investigation complete; no suspect identified,
c84f7ba2b2332a5155bd1f094e5afdcd470af6c1c526d94a3c811b5b9c2a17e0,2021-06,Derbyshire Constabulary,Derbyshire Constabulary,-1.418903,52.895392,On or near Church Street,E01013470,Derby 024A,Vehicle crime,Investigation complete; no suspect identified,
b8759a39def2c71abf7d1da7e5419a62a0c25d0822f5b730359592179d07f3cd,2021-06,Derbyshire Constabulary,Derbyshire Constabulary,-1.420851,52.895302,On or near Dovedale Avenue,E01013470,Derby 024A,Violence and sexual offences,Unable to prosecute suspect,
0c0d4bd613a2f6a6bb931eef2da2b915858e476a2b970dd6815e84a525f45a8c,2021-06,Derbyshire Constabulary,Derbyshire Constabulary,-1.416449,52.895470,On or near Sandalwood Close,E01013470,Derby 024A,Violence and sexual offences,Unable to prosecute suspect,
,2021-06,Derbyshire Constabulary,Derbyshire Constabulary,-1.416952,52.894537,On or near Durley Close,E01013474,Derby 024B,Anti-social behaviour,,
,2021-06,Derbyshire Constabulary,Derbyshire Constabulary,-1.421059,52.892004,On or near Petersham Drive,E01013474,Derby 024B,Anti-social behaviour,,
,2021-06,Derbyshire Constabulary,Derbyshire Constabulary,-1.413583,52.891932,On or near Whernside Close,E01013474,Derby 024B,Anti-social behaviour,,
,2021-06,Derbyshire Constabulary,Derbyshire Constabulary,-1.413583,52.891932,On or near Whernside Close,E01013474,Derby 024B,Anti-social behaviour,,
,2021-06,Derbyshire Constabulary,Derbyshire Constabulary,-1.413583,52.891932,On or near Whernside Close,E01013474,Derby 024B,Anti-social behaviour,,
,2021-06,Derbyshire Constabulary,Derbyshire Constabulary,-1.421059,52.892004,On or near Petersham Drive,E01013474,Derby 024B,Anti-social behaviour,,
,2021-06,Derbyshire Constabulary,Derbyshire Constabulary,-1.416916,52.892802,On or near Hodge Beck Close,E01013474,Derby 024B,Anti-social behaviour,,
,2021-06,Derbyshire Constabulary,Derbyshire Constabulary,-1.418602,52.892334,On or near Lindon Drive,E01013474,Derby 024B,Anti-social behaviour,,
,2021-06,Derbyshire Constabulary,Derbyshire Constabulary,-1.419316,52.890081,On or near Shardlow Road,E01013474,Derby 024B,Anti-social behaviour,,
47cffd2deb443f253e674e0d5ec085f4ddb6b31cecbdc85f8762ef853b2d1c78,2021-06,Derbyshire Constabulary,Derbyshire Constabulary,-1.421059,52.892004,On or near Petersham Drive,E01013474,Derby 024B,Bicycle theft,Status update unavailable,
21fff603cc729bb4f093f2cbde1fbe7904978bd6b3d623f544e6fbbe488aa048,2021-06,Derbyshire Constabulary,Derbyshire Constabulary,-1.413583,52.891932,On or near Whernside Close,E01013474,Derby 024B,Burglary,Investigation complete; no suspect identified,
aebbdc9e6adc71a5b2e992f002bb1465654e2d20e029526435ac0d8eefe643aa,2021-06,Derbyshire Constabulary,Derbyshire Constabulary,-1.421059,52.892004,On or near Petersham Drive,E01013474,Derby 024B,Burglary,Unable to prosecute suspect,
9f4b63c1d01bf9f0ec2b568f789e994b2f0ebf91d7d0ed84e024897137e334ed,2021-06,Derbyshire Constabulary,Derbyshire Constabulary,-1.421059,52.892004,On or near Petersham Drive,E01013474,Derby 024B,Criminal damage and arson,Investigation complete; no suspect identified,
640df96bc0b0301822e60e2da06316309d2375ca7f54acb0698370d017875968,2021-06,Derbyshire Constabulary,Derbyshire Constabulary,-1.421059,52.892004,On or near Petersham Drive,E01013474,Derby 024B,Criminal damage and arson,Action to be taken by another organisation,
71229b851e05f5ff04ad3806bd5d88eefacf39cfb4cb810db17ba97fc1db694a,2021-06,Derbyshire Constabulary,Derbyshire Constabulary,-1.419316,52.890081,On or near Shardlow Road,E01013474,Derby 024B,Criminal damage and arson,Unable to prosecute suspect,
4e6b661176b4408049071c0adc42f543b0fa16cc553b8d0411bf401160affe54,2021-06,Derbyshire Constabulary,Derbyshire Constabulary,-1.415174,52.889737,On or near Ibsley Close,E01013474,Derby 024B,Other theft,Investigation complete; no suspect identified,
b5de5667db8b6193bcba456b6a69a3a672cce0f6dfe2175983dd2ee47d1956f3,2021-06,Derbyshire Constabulary,Derbyshire Constabulary,-1.419316,52.890081,On or near Shardlow Road,E01013474,Derby 024B,Other theft,Investigation complete; no suspect identified,
80c4b05b0f9f4bed01770ebb9699c7cbc0fb20b32c9187e4335626c97aefc3cf,2021-06,Derbyshire Constabulary,Derbyshire Constabulary,-1.416952,52.894537,On or near Durley Close,E01013474,Derby 024B,Public order,Unable to prosecute suspect,
538af15954feb93e8b71056647c0cb91bdbb75132ca3efef54700fff25be8f83,2021-06,Derbyshire Constabulary,Derbyshire Constabulary,-1.416952,52.894537,On or near Durley Close,E01013474,Derby 024B,Public order,Unable to prosecute suspect,
c396a27b279f43c29ccea3adacfd5b7aa4eeae399f4bc365a67f0f34b4ce7a4e,2021-06,Derbyshire Constabulary,Derbyshire Constabulary,-1.413583,52.891932,On or near Whernside Close,E01013474,Derby 024B,Public order,Unable to prosecute suspect,
7c6155f9757036195ad180d23ca5494a0447b720dd207f3bcf50e476bcd94d46,2021-06,Derbyshire Constabulary,Derbyshire Constabulary,-1.414086,52.891017,On or near Gillamoor Court,E01013474,Derby 024B,Public order,Unable to prosecute suspect,
bcc15540e76b3b784e80e6fa1542eb1709ab1db64a7f6a9abde3c2e7e6ff0940,2021-06,Derbyshire Constabulary,Derbyshire Constabulary,-1.416952,52.894537,On or near Durley Close,E01013474,Derby 024B,Public order,Status update unavailable,
bcc15540e76b3b784e80e6fa1542eb1709ab1db64a7f6a9abde3c2e7e6ff0940,2021-06,Derbyshire Constabulary,Derbyshire Constabulary,-1.414099,52.891206,On or near Keldholme Lane,E01013474,Derby 024B,Public order,Unable to prosecute suspect,
1982d64f2b698d93e59accea09c1f0cbd6fce5e0a526f38ca556fa51b31912fa,2021-06,Derbyshire Constabulary,Derbyshire Constabulary,-1.416952,52.894537,On or near Durley Close,E01013474,Derby 024B,Public order,Investigation complete; no suspect identified,
5d27ac9859ce8b5f9284905de849670dc33bf1f8727129ad42ac15b9ba957f9e,2021-06,Derbyshire Constabulary,Derbyshire Constabulary,-1.421059,52.892004,On or near Petersham Drive,E01013474,Derby 024B,Violence and sexual offences,Further investigation is not in the public interest,
54fcf23c272aabb5937602d457eebd2853beff47ae0c5a5d5e868b59eedfb137,2021-06,Derbyshire Constabulary,Derbyshire Constabulary,-1.416952,52.894537,On or near Durley Close,E01013474,Derby 024B,Violence and sexual offences,Unable to prosecute suspect,
f8b6b3d07ebd05149b122f651a77dba8122b55efe79a5de9149a68c988c7b197,2021-06,Derbyshire Constabulary,Derbyshire Constabulary,-1.414090,52.891835,On or near Cod Beck Close,E01013474,Derby 024B,Violence and sexual offences,Unable to prosecute suspect,
c94828e46f2fdfa3a937f8575fe0df3fd4f21d0e75821a80a93431f3b6538072,2021-06,Derbyshire Constabulary,Derbyshire Constabulary,-1.416952,52.894537,On or near Durley Close,E01013474,Derby 024B,Violence and sexual offences,Unable to prosecute suspect,
52979458f2b5e10c0a570f9c47915c47d1026503e674384c6be9ef45804a5749,2021-06,Derbyshire Constabulary,Derbyshire Constabulary,-1.416952,52.894537,On or near Durley Close,E01013474,Derby 024B,Violence and sexual offences,Unable to prosecute suspect,
3a5760d577d143a853798cd4aaa21dcce58e22f9279798b0bcfdf6d686d3e59e,2021-06,Derbyshire Constabulary,Derbyshire Constabulary,-1.414090,52.891835,On or near Cod Beck Close,E01013474,Derby 024B,Violence and sexual offences,Unable to prosecute suspect,
698e293d18571bb821900e762b019708de3d1e88de5f8135fd6e16b880838618,2021-06,Derbyshire Constabulary,Derbyshire Constabulary,-1.414090,52.891835,On or near Cod Beck Close,E01013474,Derby 024B,Violence and sexual offences,Awaiting court outcome,
56aa0fed97599af0471689bec3d47611990e1c2ceae739d085c42ff795d806c0,2021-06,Derbyshire Constabulary,Derbyshire Constabulary,-1.414090,52.891835,On or near Cod Beck Close,E01013474,Derby 024B,Violence and sexual offences,Awaiting court outcome,
189c6d63d73fdac2db808b9e196a9ebdfaf4fb89788ce5baddcf62d1ce460dd8,2021-06,Derbyshire Constabulary,Derbyshire Constabulary,-1.421059,52.892004,On or near Petersham Drive,E01013474,Derby 024B,Violence and sexual offences,Unable to prosecute suspect,
9820f82e7fa09bb54e57e139e2ff2490276e988e158dfa046a355d891a7b341c,2021-06,Derbyshire Constabulary,Derbyshire Constabulary,-1.421059,52.892004,On or near Petersham Drive,E01013474,Derby 024B,Violence and sexual offences,Unable to prosecute suspect,
4e0f37b47e71bba45eed408ae62c165b8530ba35426cca6437fdc8410c5fb611,2021-06,Derbyshire Constabulary,Derbyshire Constabulary,-1.415722,52.890953,On or near Humber Close,E01013474,Derby 024B,Violence and sexual offences,Status update unavailable,
6cb23ec3b8936a62761d45a1e5b9af487b7589e87dbd3cf92206d6acaa58bf25,2021-06,Derbyshire Constabulary,Derbyshire Constabulary,-1.416531,52.890472,On or near Mondello Drive,E01013474,Derby 024B,Violence and sexual offences,Unable to prosecute suspect,
63e010de9d5a1245cbb6003cd97cd2fd18322259595aafbaba3076ad9fb0edbc,2021-06,Derbyshire Constabulary,Derbyshire Constabulary,-1.415108,52.893512,On or near Sledmere Close,E01013474,Derby 024B,Violence and sexual offences,Unable to prosecute suspect,
19782cc37e5cf33eb855e7c547a861be65e89562ee6c2e53e1ec42dcbcd688a7,2021-06,Derbyshire Constabulary,Derbyshire Constabulary,-1.416952,52.894537,On or near Durley Close,E01013474,Derby 024B,Violence and sexual offences,Unable to prosecute suspect,
d337e83d2167f9ef2d5376fa300cad9f5e518698a790acdaeb95a466873558c7,2021-06,Derbyshire Constabulary,Derbyshire Constabulary,-1.416916,52.892802,On or near Hodge Beck Close,E01013474,Derby 024B,Other crime,Status update unavailable,
,2021-06,Derbyshire Constabulary,Derbyshire Constabulary,-1.411354,52.888667,On or near Chedworth Drive,E01013476,Derby 024C,Anti-social behaviour,,
,2021-06,Derbyshire Constabulary,Derbyshire Constabulary,-1.413990,52.893777,On or near Stocker Avenue,E01013476,Derby 024C,Anti-social behaviour,,
,2021-06,Derbyshire Constabulary,Derbyshire Constabulary,-1.413938,52.896518,On or near A6,E01013476,Derby 024C,Anti-social behaviour,,
,2021-06,Derbyshire Constabulary,Derbyshire Constabulary,-1.408949,52.889554,On or near Woodchester Drive,E01013476,Derby 024C,Anti-social behaviour,,
0d737314e459cdc8fcf6b6af5937042a22246a2529e30cc7b34405d6e76b9f44,2021-06,Derbyshire Constabulary,Derbyshire Constabulary,-1.411459,52.891867,On or near Slindon Croft,E01013476,Derby 024C,Public order,Awaiting court outcome,
aa82d131afddf2a5579747c1f92f17c282949433c6a79dbded51147697de7069,2021-06,Derbyshire Constabulary,Derbyshire Constabulary,-1.411459,52.891867,On or near Slindon Croft,E01013476,Derby 024C,Public order,Awaiting court outcome,
5d3c0cd4bddfbaf6af8351cbd8410ea5da587613a3658dbf8e386e87d9b45282,2021-06,Derbyshire Constabulary,Derbyshire Constabulary,-1.411459,52.891867,On or near Slindon Croft,E01013476,Derby 024C,Violence and sexual offences,Status update unavailable,
5ca69b13eec39106fbcc081e30feec970e2c0bedf680fa47464afeb2fb898222,2021-06,Derbyshire Constabulary,Derbyshire Constabulary,-1.411459,52.891867,On or near Slindon Croft,E01013476,Derby 024C,Violence and sexual offences,Unable to prosecute suspect,
12be9f98a8ba301203a5c16965516bcce82d1cbe63601367e1b88a9b0d2995e1,2021-06,Derbyshire Constabulary,Derbyshire Constabulary,-1.411459,52.891867,On or near Slindon Croft,E01013476,Derby 024C,Violence and sexual offences,Unable to prosecute suspect,
a7a5b9bfbec379099f05cf7b143bf8339043ffe1ee1d2219fe448cd11d2128e7,2021-06,Derbyshire Constabulary,Derbyshire Constabulary,-1.411459,52.891867,On or near Slindon Croft,E01013476,Derby 024C,Violence and sexual offences,Awaiting court outcome,
246788f170fe60f2488206e51203f6a987f556f925234800763c4dd94eed1c7b,2021-06,Derbyshire Constabulary,Derbyshire Constabulary,-1.411459,52.891867,On or near Slindon Croft,E01013476,Derby 024C,Violence and sexual offences,Unable to prosecute suspect,
1baf12cc56add4c3e0a8acd134093c28f22f683fb50ae396211b57185b345351,2021-06,Derbyshire Constabulary,Derbyshire Constabulary,-1.411459,52.891867,On or near Slindon Croft,E01013476,Derby 024C,Violence and sexual offences,Unable to prosecute suspect,
,2021-06,Derbyshire Constabulary,Derbyshire Constabulary,-1.439220,52.906007,On or near Park/Open Space,E01033171,Derby 024E,Anti-social behaviour,,
,2021-06,Derbyshire Constabulary,Derbyshire Constabulary,-1.449904,52.906471,On or near Bowmer Road,E01033171,Derby 024E,Anti-social behaviour,,
,2021-06,Derbyshire Constabulary,Derbyshire Constabulary,-1.446038,52.907648,On or near Java Court,E01033171,Derby 024E,Anti-social behaviour,,
,2021-06,Derbyshire Constabulary,Derbyshire Constabulary,-1.439220,52.906007,On or near Park/Open Space,E01033171,Derby 024E,Anti-social behaviour,,
,2021-06,Derbyshire Constabulary,Derbyshire Constabulary,-1.439220,52.906007,On or near Park/Open Space,E01033171,Derby 024E,Anti-social behaviour,,
,2021-06,Derbyshire Constabulary,Derbyshire Constabulary,-1.447767,52.910865,On or near Royal Scot Road,E01033171,Derby 024E,Anti-social behaviour,,
,2021-06,Derbyshire Constabulary,Derbyshire Constabulary,-1.444814,52.899912,On or near Bagshaw Street,E01033171,Derby 024E,Anti-social behaviour,,
,2021-06,Derbyshire Constabulary,Derbyshire Constabulary,-1.439220,52.906007,On or near Park/Open Space,E01033171,Derby 024E,Anti-social behaviour,,
,2021-06,Derbyshire Constabulary,Derbyshire Constabulary,-1.439220,52.906007,On or near Park/Open Space,E01033171,Derby 024E,Anti-social behaviour,,
,2021-06,Derbyshire Constabulary,Derbyshire Constabulary,-1.439220,52.906007,On or near Park/Open Space,E01033171,Derby 024E,Anti-social behaviour,,
,2021-06,Derbyshire Constabulary,Derbyshire Constabulary,-1.439220,52.906007,On or near Park/Open Space,E01033171,Derby 024E,Anti-social behaviour,,
,2021-06,Derbyshire Constabulary,Derbyshire Constabulary,-1.449904,52.906471,On or near Bowmer Road,E01033171,Derby 024E,Anti-social behaviour,,
,2021-06,Derbyshire Constabulary,Derbyshire Constabulary,-1.447767,52.910865,On or near Royal Scot Road,E01033171,Derby 024E,Anti-social behaviour,,
,2021-06,Derbyshire Constabulary,Derbyshire Constabulary,-1.446038,52.907648,On or near Java Court,E01033171,Derby 024E,Anti-social behaviour,,
,2021-06,Derbyshire Constabulary,Derbyshire Constabulary,-1.449904,52.906471,On or near Bowmer Road,E01033171,Derby 024E,Anti-social behaviour,,
,2021-06,Derbyshire Constabulary,Derbyshire Constabulary,-1.433899,52.903573,On or near Leeside,E01033171,Derby 024E,Anti-social behaviour,,
,2021-06,Derbyshire Constabulary,Derbyshire Constabulary,-1.445542,52.908050,On or near Timor Court,E01033171,Derby 024E,Anti-social behaviour,,
e5e820d117ab69e8255a56f38a431ed194c38ab047ead16b72bbbd802d0a8fff,2021-06,Derbyshire Constabulary,Derbyshire Constabulary,-1.446039,52.912224,On or near Parking Area,E01033171,Derby 024E,Bicycle theft,Investigation complete; no suspect identified,
2b78c31fd744bda1c1b4f821a1f0fb8f2d877f2e38b20ff3e56fa7092717b6c4,2021-06,Derbyshire Constabulary,Derbyshire Constabulary,-1.449904,52.906471,On or near Bowmer Road,E01033171,Derby 024E,Burglary,Investigation complete; no suspect identified,
89c149f2aa5eac9e5eb02980881d6dff938a7a75fd47601a67ed54f8d0cc9661,2021-06,Derbyshire Constabulary,Derbyshire Constabulary,-1.444814,52.899912,On or near Bagshaw Street,E01033171,Derby 024E,Burglary,Investigation complete; no suspect identified,
017e45f972994364b89c8a81cc218ac74679a0c412afd03ec846267d4ee8f150,2021-06,Derbyshire Constabulary,Derbyshire Constabulary,-1.445542,52.908050,On or near Timor Court,E01033171,Derby 024E,Criminal damage and arson,Investigation complete; no suspect identified,
d747f70ce68b9bf1f5375cc9008b1715e49202bd339314d37f32463bd2f9f28f,2021-06,Derbyshire Constabulary,Derbyshire Constabulary,-1.444814,52.899912,On or near Bagshaw Street,E01033171,Derby 024E,Criminal damage and arson,Unable to prosecute suspect,
402ff1e3f110f775571072c173cf8fc0e8e5a1679d7339b34a00fde0f053c2af,2021-06,Derbyshire Constabulary,Derbyshire Constabulary,-1.444691,52.901358,On or near Avon Street,E01033171,Derby 024E,Drugs,Awaiting court outcome,
11a1beb3e228c02594ca3c71b85d2878baa17e841cfdf634e40f4e54c2e82170,2021-06,Derbyshire Constabulary,Derbyshire Constabulary,-1.444814,52.899912,On or near Bagshaw Street,E01033171,Derby 024E,Public order,Unable to prosecute suspect,
ac489fbfaafa58da8b391b241d68412ac0d60092926071dfb6f55567e162e139,2021-06,Derbyshire Constabulary,Derbyshire Constabulary,-1.439220,52.906007,On or near Park/Open Space,E01033171,Derby 024E,Public order,Offender given penalty notice,
80a6fbee82c2de58dafd8c97cf0b8f4a18b344513940025472a08a1b1a32700e,2021-06,Derbyshire Constabulary,Derbyshire Constabulary,-1.445367,52.898521,On or near Loganberry Court,E01033171,Derby 024E,Public order,Unable to prosecute suspect,
ac1a73ebacd5a5ab5028f7f17116639dbcd3ef00d631cbd375a2295caacf6d7f,2021-06,Derbyshire Constabulary,Derbyshire Constabulary,-1.448240,52.915731,On or near Derwent Parade,E01033171,Derby 024E,Public order,Investigation complete; no suspect identified,
1e5f513c33a6bb178d80c64cac91552abc391139891a564932f34f76a8a05e3f,2021-06,Derbyshire Constabulary,Derbyshire Constabulary,-1.436057,52.905660,On or near Parking Area,E01033171,Derby 024E,Robbery,Investigation complete; no suspect identified,
d588dcad429ebc1fcc47b61f1d4251226dec4a4da1aea943292660da7238dfff,2021-06,Derbyshire Constabulary,Derbyshire Constabulary,-1.448240,52.915731,On or near Derwent Parade,E01033171,Derby 024E,Violence and sexual offences,Investigation complete; no suspect identified,
dbd25472042c3fbe04470c4a562101a0d4fefa62407e4214af23b11a0fed600f,2021-06,Derbyshire Constabulary,Derbyshire Constabulary,-1.445167,52.897873,On or near Damson Grove,E01033171,Derby 024E,Violence and sexual offences,Unable to prosecute suspect,
e30f6b05dc0d16160d821bec08982bdb7de756094ef1912700d9a10518a93bc3,2021-06,Derbyshire Constabulary,Derbyshire Constabulary,-1.446038,52.907648,On or near Java Court,E01033171,Derby 024E,Violence and sexual offences,Unable to prosecute suspect,
2fe6a69a02f1d4c8a4b7c9aa4ce146a14d83e37cd61d42ffc6abcfd880d450ae,2021-06,Derbyshire Constabulary,Derbyshire Constabulary,-1.448240,52.915731,On or near Derwent Parade,E01033171,Derby 024E,Violence and sexual offences,Investigation complete; no suspect identified,
728bb4c1e9b6a8ab13264add63b748b8593f810573a98bd9ac0a26ad3409253f,2021-06,Derbyshire Constabulary,Derbyshire Constabulary,-1.444814,52.899912,On or near Bagshaw Street,E01033171,Derby 024E,Violence and sexual offences,Investigation complete; no suspect identified,
b8e4dc4bf46708908c69d4a06d8bbe648e6d0ba54c4b65c83aa52ce568a02711,2021-06,Derbyshire Constabulary,Derbyshire Constabulary,-1.447624,52.906882,On or near Harrow Street,E01033171,Derby 024E,Violence and sexual offences,Awaiting court outcome,
ffca53b3891d23cb001e77c9231ea762d8b883206a8ceae5066c62b9feca5954,2021-06,Derbyshire Constabulary,Derbyshire Constabulary,-1.445167,52.897873,On or near Damson Grove,E01033171,Derby 024E,Violence and sexual offences,Unable to prosecute suspect,
6b2be8b10a17830881b8c4b7ef93d21af533864bd15e22fe24614042a94a5c10,2021-06,Derbyshire Constabulary,Derbyshire Constabulary,-1.447624,52.906882,On or near Harrow Street,E01033171,Derby 024E,Violence and sexual offences,Awaiting court outcome,
a0c750b591d05539478198eb1b8b05fd1ad90a537fc7a7fcd297d5428be3afea,2021-06,Derbyshire Constabulary,Derbyshire Constabulary,-1.445542,52.908050,On or near Timor Court,E01033171,Derby 024E,Violence and sexual offences,Status update unavailable,
2f93ded858221dfe1085c42ce12462ff81be2b54539c2a265aa054e22383151b,2021-06,Derbyshire Constabulary,Derbyshire Constabulary,-1.439220,52.906007,On or near Park/Open Space,E01033171,Derby 024E,Violence and sexual offences,Unable to prosecute suspect,
5db31de0ac50f02503f5f64aa2be9e01ee8a9a75dbcb0dd32f1613a68e63a483,2021-06,Derbyshire Constabulary,Derbyshire Constabulary,-1.447624,52.906882,On or near Harrow Street,E01033171,Derby 024E,Violence and sexual offences,Unable to prosecute suspect,
7b80044b640e787efbae72f6ee6825b67116d006de55ee5df079baadfb8d4648,2021-06,Derbyshire Constabulary,Derbyshire Constabulary,-1.433518,52.901962,On or near Carlton Walk,E01033171,Derby 024E,Violence and sexual offences,Unable to prosecute suspect,
d6ed728566285c9493c11dd67126075ac24b9a2f1f082b9dbd5407aaaf546ab0,2021-06,Derbyshire Constabulary,Derbyshire Constabulary,-1.443772,52.902325,On or near Chambers Street,E01033171,Derby 024E,Violence and sexual offences,Status update unavailable,
9f9ebe024e00a858a1f5ab9ddc09a74bcb60b7da84cda342c4fcf03c3d880552,2021-06,Derbyshire Constabulary,Derbyshire Constabulary,-1.447624,52.906882,On or near Harrow Street,E01033171,Derby 024E,Violence and sexual offences,Unable to prosecute suspect,
607753b6e4c223cb8491ec20b5c46de122fd17a6c585a3ca4076a510814a73d3,2021-06,Derbyshire Constabulary,Derbyshire Constabulary,-1.444814,52.899912,On or near Bagshaw Street,E01033171,Derby 024E,Violence and sexual offences,Investigation complete; no suspect identified,
,2021-06,Derbyshire Constabulary,Derbyshire Constabulary,-1.453296,52.906315,On or near Ellesmere Avenue,E01033172,Derby 024F,Anti-social behaviour,,
,2021-06,Derbyshire Constabulary,Derbyshire Constabulary,-1.452199,52.908441,On or near Beverley Street,E01033172,Derby 024F,Anti-social behaviour,,
,2021-06,Derbyshire Constabulary,Derbyshire Constabulary,-1.452199,52.908441,On or near Beverley Street,E01033172,Derby 024F,Anti-social behaviour,,
,2021-06,Derbyshire Constabulary,Derbyshire Constabulary,-1.445872,52.906713,On or near Atlantic Way,E01033172,Derby 024F,Anti-social behaviour,,
,2021-06,Derbyshire Constabulary,Derbyshire Constabulary,-1.453296,52.906315,On or near Ellesmere Avenue,E01033172,Derby 024F,Anti-social behaviour,,
,2021-06,Derbyshire Constabulary,Derbyshire Constabulary,-1.446720,52.917198,On or near Prospect Place,E01033172,Derby 024F,Anti-social behaviour,,
,2021-06,Derbyshire Constabulary,Derbyshire Constabulary,-1.453296,52.906315,On or near Ellesmere Avenue,E01033172,Derby 024F,Anti-social behaviour,,
,2021-06,Derbyshire Constabulary,Derbyshire Constabulary,-1.449105,52.906215,On or near Eton Street,E01033172,Derby 024F,Anti-social behaviour,,
,2021-06,Derbyshire Constabulary,Derbyshire Constabulary,-1.446720,52.917198,On or near Prospect Place,E01033172,Derby 024F,Anti-social behaviour,,
,2021-06,Derbyshire Constabulary,Derbyshire Constabulary,-1.447805,52.905490,On or near Rugby Street,E01033172,Derby 024F,Anti-social behaviour,,
,2021-06,Derbyshire Constabulary,Derbyshire Constabulary,-1.453296,52.906315,On or near Ellesmere Avenue,E01033172,Derby 024F,Anti-social behaviour,,
,2021-06,Derbyshire Constabulary,Derbyshire Constabulary,-1.445702,52.906046,On or near Ionian Drive,E01033172,Derby 024F,Anti-social behaviour,,
,2021-06,Derbyshire Constabulary,Derbyshire Constabulary,-1.461897,52.909375,On or near Litchurch Lane,E01033172,Derby 024F,Anti-social behaviour,,
,2021-06,Derbyshire Constabulary,Derbyshire Constabulary,-1.457804,52.914444,On or near Pinnacle Way,E01033172,Derby 024F,Anti-social behaviour,,
,2021-06,Derbyshire Constabulary,Derbyshire Constabulary,-1.457804,52.914444,On or near Pinnacle Way,E01033172,Derby 024F,Anti-social behaviour,,
,2021-06,Derbyshire Constabulary,Derbyshire Constabulary,-1.453296,52.906315,On or near Ellesmere Avenue,E01033172,Derby 024F,Anti-social behaviour,,
,2021-06,Derbyshire Constabulary,Derbyshire Constabulary,-1.451310,52.906998,On or near Taylor Street,E01033172,Derby 024F,Anti-social behaviour,,
bba3f4141f34feb2157bac608f4fe95ee5aecb9e3ee33573201c12f649c18d94,2021-06,Derbyshire Constabulary,Derbyshire Constabulary,-1.445872,52.906713,On or near Atlantic Way,E01033172,Derby 024F,Bicycle theft,Unable to prosecute suspect,
f1844f8c283566892df1823aaaff3d5836e8ab98adb9968cdbe19edec0c22d92,2021-06,Derbyshire Constabulary,Derbyshire Constabulary,-1.451999,52.907757,On or near Clifford Street,E01033172,Derby 024F,Burglary,Status update unavailable,
8615d1adf5eb489d95498842040cd5a5bcfd04f7014ebbee530b8c10577daaa3,2021-06,Derbyshire Constabulary,Derbyshire Constabulary,-1.453296,52.906315,On or near Ellesmere Avenue,E01033172,Derby 024F,Burglary,Investigation complete; no suspect identified,
1f365dbd618860d6106341df1d37b42ec0cc8845dd9fee0bed8f9c3e00872071,2021-06,Derbyshire Constabulary,Derbyshire Constabulary,-1.446720,52.917198,On or near Prospect Place,E01033172,Derby 024F,Criminal damage and arson,Investigation complete; no suspect identified,
5543e14cb84258115eee1db5993e807181b9e65edb6e6f9e48742b14afe39dcd,2021-06,Derbyshire Constabulary,Derbyshire Constabulary,-1.445702,52.906046,On or near Ionian Drive,E01033172,Derby 024F,Criminal damage and arson,Unable to prosecute suspect,
6c285bc9ebd51f6ecd045db516d0b1ae84c23a444374cafd4fb8aee67c30800f,2021-06,Derbyshire Constabulary,Derbyshire Constabulary,-1.445628,52.906001,On or near Magellan Way,E01033172,Derby 024F,Drugs,Offender given a drugs possession warning,
cbe384f720fcc50094150a1cd7611a3f479f449b2aa637301ede1bb598d315a9,2021-06,Derbyshire Constabulary,Derbyshire Constabulary,-1.449105,52.906215,On or near Eton Street,E01033172,Derby 024F,Drugs,Status update unavailable,
0526337f36927bb1e0313cd3b15d615dc58693c1ba1032d47d5aff18f78c9114,2021-06,Derbyshire Constabulary,Derbyshire Constabulary,-1.453296,52.906315,On or near Ellesmere Avenue,E01033172,Derby 024F,Other theft,Unable to prosecute suspect,
b0d02dcac516182076e3e675cb4274fc37d1ad310b51c97f4a58aa8e8d715730,2021-06,Derbyshire Constabulary,Derbyshire Constabulary,-1.449276,52.903240,On or near Bus/Coach Station,E01033172,Derby 024F,Other theft,Local resolution,
e45b372ce4a5eae81a2a78c0774666d90a9ab6cba92bdbf11bb938fa6867b44f,2021-06,Derbyshire Constabulary,Derbyshire Constabulary,-1.453296,52.906315,On or near Ellesmere Avenue,E01033172,Derby 024F,Other theft,Investigation complete; no suspect identified,
7617a700595411ba2f4e6496061d10ab42885bac4ef2f3fa1271dc77e5a68e1c,2021-06,Derbyshire Constabulary,Derbyshire Constabulary,-1.447805,52.905490,On or near Rugby Street,E01033172,Derby 024F,Public order,Status update unavailable,
9e3c4656cea9cb18e1ebddc56baf1a4046af31dc5df6d91a2eb0aabe7dc78ec0,2021-06,Derbyshire Constabulary,Derbyshire Constabulary,-1.445628,52.906001,On or near Magellan Way,E01033172,Derby 024F,Public order,Investigation complete; no suspect identified,
3b2184bdca19ff3814b128624e00e4da9842cd545b7e0c75f023323dd6491c02,2021-06,Derbyshire Constabulary,Derbyshire Constabulary,-1.454945,52.913514,On or near Pride Place,E01033172,Derby 024F,Public order,Investigation complete; no suspect identified,
047a95ba67d26f24ea0ca220c35025a2e00e081589a4409d0fa7cec17edbab0a,2021-06,Derbyshire Constabulary,Derbyshire Constabulary,-1.447805,52.905490,On or near Rugby Street,E01033172,Derby 024F,Public order,Status update unavailable,
837abf894051fd305dedc1277268d04576b642097baf77d5faed1264c2dae6cb,2021-06,Derbyshire Constabulary,Derbyshire Constabulary,-1.445872,52.906713,On or near Atlantic Way,E01033172,Derby 024F,Theft from the person,Status update unavailable,
89c283b1af1a5d4c522966a81623b05bbadb65b92163310ff36f4708fc5bbc9c,2021-06,Derbyshire Constabulary,Derbyshire Constabulary,-1.447805,52.905490,On or near Rugby Street,E01033172,Derby 024F,Vehicle crime,Status update unavailable,
5f45167ca7d2c05e54c582993800297b816a889b115cfc3c66e82e70fe42547a,2021-06,Derbyshire Constabulary,Derbyshire Constabulary,-1.446720,52.917198,On or near Prospect Place,E01033172,Derby 024F,Vehicle crime,Investigation complete; no suspect identified,
27b2348d9bc34637121f7570f558aa22e5c9e9ba001fd3693612998c9502dc27,2021-06,Derbyshire Constabulary,Derbyshire Constabulary,-1.449105,52.906215,On or near Eton Street,E01033172,Derby 024F,Violence and sexual offences,Unable to prosecute suspect,
9dc2caa7f5cf5f6b31e36c23c62cda0626da780a77173ad3d7c50712d900651b,2021-06,Derbyshire Constabulary,Derbyshire Constabulary,-1.456274,52.908388,On or near London Road,E01033172,Derby 024F,Violence and sexual offences,Unable to prosecute suspect,
902061bb969562ee1df73b7dba5701fe74e1fe6545cdedc13b7c05c0815b54ca,2021-06,Derbyshire Constabulary,Derbyshire Constabulary,-1.445872,52.906713,On or near Atlantic Way,E01033172,Derby 024F,Violence and sexual offences,Unable to prosecute suspect,
286945c87cb952c73d922332d7da2abb5d0b9860efbca53732493f70a84b311a,2021-06,Derbyshire Constabulary,Derbyshire Constabulary,-1.453296,52.906315,On or near Ellesmere Avenue,E01033172,Derby 024F,Violence and sexual offences,Unable to prosecute suspect,
7a1f87d360fb57a1197bb7d868017eaf0c6d64dedc1b8b94924b3883cdeedf9c,2021-06,Derbyshire Constabulary,Derbyshire Constabulary,-1.456274,52.908388,On or near London Road,E01033172,Derby 024F,Violence and sexual offences,Unable to prosecute suspect,
661084c496cc96645b8d109ec916dc6d302566f734969bdd8d3c066dfb1aec8b,2021-06,Derbyshire Constabulary,Derbyshire Constabulary,-1.456274,52.908388,On or near London Road,E01033172,Derby 024F,Violence and sexual offences,Awaiting court outcome,
549a8c0bc7e8e08d556cf661a4cb105ee31470679499e23c750abcf6eff3f969,2021-06,Derbyshire Constabulary,Derbyshire Constabulary,-1.453296,52.906315,On or near Ellesmere Avenue,E01033172,Derby 024F,Violence and sexual offences,Unable to prosecute suspect,
3379eaa61f4d9842dd0739ba0f63d06253f9f9aa30034e128ed4be7aaad79cec,2021-06,Derbyshire Constabulary,Derbyshire Constabulary,-1.456274,52.908388,On or near London Road,E01033172,Derby 024F,Violence and sexual offences,Action to be taken by another organisation,
6991d28ff2438cff4d65fba888417700e2e382396bc78d8cb6a54472640248bc,2021-06,Derbyshire Constabulary,Derbyshire Constabulary,-1.453296,52.906315,On or near Ellesmere Avenue,E01033172,Derby 024F,Violence and sexual offences,Unable to prosecute suspect,
2387841b9abcc592ea3e88099a8138fc97f75c78c1977bbaff68fbbdf42b2971,2021-06,Derbyshire Constabulary,Derbyshire Constabulary,-1.453296,52.906315,On or near Ellesmere Avenue,E01033172,Derby 024F,Violence and sexual offences,Unable to prosecute suspect,
914f908555be5db88e227e4a82fd522cfa0c194a19ff1d30c15aadfde68ef36c,2021-06,Derbyshire Constabulary,Derbyshire Constabulary,-1.453296,52.906315,On or near Ellesmere Avenue,E01033172,Derby 024F,Violence and sexual offences,Status update unavailable,
a225de614fca385dbf9542794e9a5b039c4894f2340a9a3a8a14ac6780a01672,2021-06,Derbyshire Constabulary,Derbyshire Constabulary,-1.452199,52.908441,On or near Beverley Street,E01033172,Derby 024F,Violence and sexual offences,Status update unavailable,
ad7f9308aa8a4ada024d211d67b95480369758c683039f1da41a1f9e5db82569,2021-06,Derbyshire Constabulary,Derbyshire Constabulary,-1.456274,52.908388,On or near London Road,E01033172,Derby 024F,Violence and sexual offences,Unable to prosecute suspect,
e1c7836b5c48146aa5ee4a167683b027f80bfe106c53433a4c9218b4191e80d6,2021-06,Derbyshire Constabulary,Derbyshire Constabulary,-1.449105,52.906215,On or near Eton Street,E01033172,Derby 024F,Violence and sexual offences,Status update unavailable,
2109400a235fc487d2f00de66cbb0ecbba9035f75929973133e8a8e8eeda1dab,2021-06,Derbyshire Constabulary,Derbyshire Constabulary,-1.453296,52.906315,On or near Ellesmere Avenue,E01033172,Derby 024F,Violence and sexual offences,Unable to prosecute suspect,
f420b9c6308ab5943ef3bf10407b54440d57149ee511dc01a6ffa98f028faa5d,2021-06,Derbyshire Constabulary,Derbyshire Constabulary,-1.456274,52.908388,On or near London Road,E01033172,Derby 024F,Violence and sexual offences,Unable to prosecute suspect,
213a73d068fbe064c465bed4234a2d120123f1ec3486af9c1637f346d7f6e886,2021-06,Derbyshire Constabulary,Derbyshire Constabulary,-1.447805,52.905490,On or near Rugby Street,E01033172,Derby 024F,Violence and sexual offences,Status update unavailable,
090073135560eb0f4daed6f2a69cd4adde1acf480e94a224342037ce5f2008d8,2021-06,Derbyshire Constabulary,Derbyshire Constabulary,-1.456274,52.908388,On or near London Road,E01033172,Derby 024F,Violence and sexual offences,Unable to prosecute suspect,
1a73e01cee18068e1b6dbb42de1c3343d5aa82add979697c1a9620d5814a6844,2021-06,Derbyshire Constabulary,Derbyshire Constabulary,-1.453296,52.906315,On or near Ellesmere Avenue,E01033172,Derby 024F,Violence and sexual offences,Unable to prosecute suspect,
245beaee7fd88ad542051bf23f9ef3d079a4da29f15f905c96dff2f17e924d7b,2021-06,Derbyshire Constabulary,Derbyshire Constabulary,-1.452199,52.908441,On or near Beverley Street,E01033172,Derby 024F,Violence and sexual offences,Status update unavailable,
c3b031c997fff0f4349f7f76cac59a85618511d12a15fa738f0ff43429a9d20a,2021-06,Derbyshire Constabulary,Derbyshire Constabulary,-1.456274,52.908388,On or near London Road,E01033172,Derby 024F,Violence and sexual offences,Unable to prosecute suspect,
728c33ebaf6de9eee989932282aa09b6ffd9976e8a7579bd0976227f21508456,2021-06,Derbyshire Constabulary,Derbyshire Constabulary,-1.453296,52.906315,On or near Ellesmere Avenue,E01033172,Derby 024F,Violence and sexual offences,Status update unavailable,
d2e3dc0538e846b94bc51b60b8c67f870bfb31ed9011d629122072ccbfe1f5bc,2021-06,Derbyshire Constabulary,Derbyshire Constabulary,-1.453296,52.906315,On or near Ellesmere Avenue,E01033172,Derby 024F,Violence and sexual offences,Status update unavailable,
fa63cf449325b7c75c310d684692a6d26fc8daa54fa13948696e76f3099dab11,2021-06,Derbyshire Constabulary,Derbyshire Constabulary,-1.453296,52.906315,On or near Ellesmere Avenue,E01033172,Derby 024F,Violence and sexual offences,Unable to prosecute suspect,
a6ca03e7546b8155369917b68181ddb4eadb41aa456384cf0ce98df596b49f28,2021-06,Derbyshire Constabulary,Derbyshire Constabulary,-1.456274,52.908388,On or near London Road,E01033172,Derby 024F,Violence and sexual offences,Awaiting court outcome,
8a0f100947377c242cc3839aa1bf2f374b8cd64fcdcb167cf22c70586e61fc37,2021-06,Derbyshire Constabulary,Derbyshire Constabulary,-1.456274,52.908388,On or near London Road,E01033172,Derby 024F,Violence and sexual offences,Investigation complete; no suspect identified,
fb044162b486dab6c73edbe40f0514b0ff40b979d9aba1b184d6b20b17eba2d7,2021-06,Derbyshire Constabulary,Derbyshire Constabulary,-1.453296,52.906315,On or near Ellesmere Avenue,E01033172,Derby 024F,Violence and sexual offences,Unable to prosecute suspect,
7803af35dd9fccb4da80a115ade1a27092cc4ca5dd349b4dcab271f40fde67d4,2021-06,Derbyshire Constabulary,Derbyshire Constabulary,-1.445628,52.906001,On or near Magellan Way,E01033172,Derby 024F,Violence and sexual offences,Further investigation is not in the public interest,
c02913df4bfe482061df892242835a6ca57b75838908a05fcb742790aacb41f7,2021-06,Derbyshire Constabulary,Derbyshire Constabulary,-1.456274,52.908388,On or near London Road,E01033172,Derby 024F,Violence and sexual offences,Unable to prosecute suspect,
9db6e339f1559e2f871257a0dbe44a714007684c6a5dd9667a08551276ddb415,2021-06,Derbyshire Constabulary,Derbyshire Constabulary,-1.456274,52.908388,On or near London Road,E01033172,Derby 024F,Violence and sexual offences,Unable to prosecute suspect,
e1d4789def03fade56147e2e890699286aea88a12ac4b351993e96a0a1e7a4ec,2021-06,Derbyshire Constabulary,Derbyshire Constabulary,-1.447805,52.905490,On or near Rugby Street,E01033172,Derby 024F,Violence and sexual offences,Investigation complete; no suspect identified,
e69317d74c3ea53688f8f1dab41afc52261ce9f22489dc12dd402c6bb6018d23,2021-06,Derbyshire Constabulary,Derbyshire Constabulary,-1.446720,52.917198,On or near Prospect Place,E01033172,Derby 024F,Violence and sexual offences,Status update unavailable,
c95fefdbd8b551581bbcf45f9429e6b9ed5269271409d72301a80c96c1ef6933,2021-06,Derbyshire Constabulary,Derbyshire Constabulary,-1.445628,52.906001,On or near Magellan Way,E01033172,Derby 024F,Violence and sexual offences,Investigation complete; no suspect identified,
359ba8bdea7fb49784dd97cbd3052a068aac7a8e6257e6b298980983f962b299,2021-06,Derbyshire Constabulary,Derbyshire Constabulary,-1.445628,52.906001,On or near Magellan Way,E01033172,Derby 024F,Violence and sexual offences,Investigation complete; no suspect identified,
bffff0fa16c4c4667f2b2e7ae66a074d91a9fbd14727c46177ce9703c523cbcb,2021-06,Derbyshire Constabulary,Derbyshire Constabulary,-1.446720,52.917198,On or near Prospect Place,E01033172,Derby 024F,Other crime,Further investigation is not in the public interest,
004efdcc3ffc854adc2fe1cc21fb01d0ca1df42a3a20bfb77ad4cdccdf6b25c6,2021-06,Derbyshire Constabulary,Derbyshire Constabulary,-1.445872,52.906713,On or near Atlantic Way,E01033172,Derby 024F,Other crime,Status update unavailable,
,2021-06,Derbyshire Constabulary,Derbyshire Constabulary,-1.441115,52.902016,On or near Commerce Street,E01013471,Derby 025A,Anti-social behaviour,,
,2021-06,Derbyshire Constabulary,Derbyshire Constabulary,-1.440164,52.898532,On or near Mosedale Close,E01013471,Derby 025A,Anti-social behaviour,,
,2021-06,Derbyshire Constabulary,Derbyshire Constabulary,-1.443645,52.900661,On or near Allestree Street,E01013471,Derby 025A,Anti-social behaviour,,
,2021-06,Derbyshire Constabulary,Derbyshire Constabulary,-1.443645,52.900661,On or near Allestree Street,E01013471,Derby 025A,Anti-social behaviour,,
,2021-06,Derbyshire Constabulary,Derbyshire Constabulary,-1.438685,52.899029,On or near Brighton Road,E01013471,Derby 025A,Anti-social behaviour,,
,2021-06,Derbyshire Constabulary,Derbyshire Constabulary,-1.440298,52.897310,On or near Pippin Gardens,E01013471,Derby 025A,Anti-social behaviour,,
eb3515839c99ae2c06c363b7ece371c0cbd318d35770d20f7f7368791e8e91bc,2021-06,Derbyshire Constabulary,Derbyshire Constabulary,-1.441115,52.902016,On or near Commerce Street,E01013471,Derby 025A,Bicycle theft,Investigation complete; no suspect identified,
3109ecc772ed2960b27a389095f589b221713d889ee54252cd0fef64f4797fb9,2021-06,Derbyshire Constabulary,Derbyshire Constabulary,-1.443645,52.900661,On or near Allestree Street,E01013471,Derby 025A,Bicycle theft,Investigation complete; no suspect identified,
43d5cc1550739b05a03b94423bc8eba6a441981825df2661f2129af1d4954195,2021-06,Derbyshire Constabulary,Derbyshire Constabulary,-1.441115,52.902016,On or near Commerce Street,E01013471,Derby 025A,Burglary,Investigation complete; no suspect identified,
77f7e0cc211f985fbc41cad73da969bc10e6634e227008ade8216eb54efcf626,2021-06,Derbyshire Constabulary,Derbyshire Constabulary,-1.440256,52.901706,On or near Haig Street,E01013471,Derby 025A,Criminal damage and arson,Unable to prosecute suspect,
cb9376b409466ead14a5afee1953c0707eb4a2d57770736ce686fb8630a8a46e,2021-06,Derbyshire Constabulary,Derbyshire Constabulary,-1.439564,52.901235,On or near Burnaby Street,E01013471,Derby 025A,Criminal damage and arson,Investigation complete; no suspect identified,
7a74e1ed7d304bed78c076c7a16e2474872c17404642a658461ca9144611ee43,2021-06,Derbyshire Constabulary,Derbyshire Constabulary,-1.438395,52.901958,On or near London Road,E01013471,Derby 025A,Criminal damage and arson,Investigation complete; no suspect identified,
0c4defb07983819e700675a67b4ba6f84aa8d87c33725a8d2a4123725c7165cb,2021-06,Derbyshire Constabulary,Derbyshire Constabulary,-1.440164,52.898532,On or near Mosedale Close,E01013471,Derby 025A,Other theft,Investigation complete; no suspect identified,
502e4c393431b4ce709f4cd832ea9b9d8012e8c5878c66091850805cfd725235,2021-06,Derbyshire Constabulary,Derbyshire Constabulary,-1.440164,52.898532,On or near Mosedale Close,E01013471,Derby 025A,Violence and sexual offences,Unable to prosecute suspect,
f2d1085bb3b9ae0b7bab71f13a738da1fdc17f6d78cba6310ec26943d0a784cb,2021-06,Derbyshire Constabulary,Derbyshire Constabulary,-1.438395,52.901958,On or near London Road,E01013471,Derby 025A,Violence and sexual offences,Status update unavailable,
816a3c9500495bd69604709f169e247a9c4d660eaaaa010e9e5eebf2e3aabbd7,2021-06,Derbyshire Constabulary,Derbyshire Constabulary,-1.440164,52.898532,On or near Mosedale Close,E01013471,Derby 025A,Violence and sexual offences,Unable to prosecute suspect,
1dd7fe2b6631072d70102dc2e62732c09035ff1bad82c4ab34e728c43162021b,2021-06,Derbyshire Constabulary,Derbyshire Constabulary,-1.440164,52.898532,On or near Mosedale Close,E01013471,Derby 025A,Violence and sexual offences,Unable to prosecute suspect,
8d7ca0397ae6ec61a4c4d9186edea1d1ba7c85aa92b2ed1646dcab9666511345,2021-06,Derbyshire Constabulary,Derbyshire Constabulary,-1.440256,52.901706,On or near Haig Street,E01013471,Derby 025A,Violence and sexual offences,Status update unavailable,
ba949a1c30a91b7e3a7be86c367354c643311aa1b602522b96ec59f6cef0a367,2021-06,Derbyshire Constabulary,Derbyshire Constabulary,-1.440256,52.901706,On or near Haig Street,E01013471,Derby 025A,Violence and sexual offences,Status update unavailable,
698903e275f116887697a0467c0f19480f263e6a5d10fcc63ea56a1334496bff,2021-06,Derbyshire Constabulary,Derbyshire Constabulary,-1.441115,52.902016,On or near Commerce Street,E01013471,Derby 025A,Violence and sexual offences,Unable to prosecute suspect,
5bd075c89950e124de5c395e1e7155b3e129fba9e3abffa96952cc413594664e,2021-06,Derbyshire Constabulary,Derbyshire Constabulary,-1.441115,52.902016,On or near Commerce Street,E01013471,Derby 025A,Violence and sexual offences,Unable to prosecute suspect,
d6ed728566285c9493c11dd67126075ac24b9a2f1f082b9dbd5407aaaf546ab0,2021-06,Derbyshire Constabulary,Derbyshire Constabulary,-1.438395,52.901958,On or near London Road,E01013471,Derby 025A,Violence and sexual offences,Status update unavailable,
7bb3fdbe2410130c9afaf6a95aca1109925dce9346fe08f53dd9a466b7425f25,2021-06,Derbyshire Constabulary,Derbyshire Constabulary,-1.443365,52.901577,On or near Fife Street,E01013471,Derby 025A,Violence and sexual offences,Unable to prosecute suspect,
56157f74d431253f45c75faffdc419ed2401747e59ca27038b5953730f79eb92,2021-06,Derbyshire Constabulary,Derbyshire Constabulary,-1.440256,52.901706,On or near Haig Street,E01013471,Derby 025A,Violence and sexual offences,Unable to prosecute suspect,
,2021-06,Derbyshire Constabulary,Derbyshire Constabulary,-1.435030,52.898931,On or near Wildsmith Street,E01013473,Derby 025B,Anti-social behaviour,,
,2021-06,Derbyshire Constabulary,Derbyshire Constabulary,-1.429687,52.897125,On or near Supermarket,E01013473,Derby 025B,Anti-social behaviour,,
a95a3cc7ba66970c5f6ae11cd086f41d3a46c6496620ed28591429a6b7ed1ab1,2021-06,Derbyshire Constabulary,Derbyshire Constabulary,-1.435887,52.899294,On or near Spencer Street,E01013473,Derby 025B,Criminal damage and arson,Investigation complete; no suspect identified,
8761d6f7ee4ae68e8220d32cf53cdeaa934f91ca23ca75a8ce91c7fab8dd4e42,2021-06,Derbyshire Constabulary,Derbyshire Constabulary,-1.429503,52.897556,On or near Supermarket,E01013473,Derby 025B,Criminal damage and arson,Unable to prosecute suspect,
bbc2932a36d28ed70e8bd666538037f3464748bf93bfdb05ce1e200510478c8d,2021-06,Derbyshire Constabulary,Derbyshire Constabulary,-1.427652,52.895857,On or near A5111,E01013473,Derby 025B,Drugs,Status update unavailable,
41c75dd97c9fd31cba713d04487f1e71741d6b3f7a9cacfcd876580dd60380fb,2021-06,Derbyshire Constabulary,Derbyshire Constabulary,-1.430630,52.898892,On or near Wye Street,E01013473,Derby 025B,Drugs,Unable to prosecute suspect,
11bc37b320ccd429bc6fa1d0e27b2b8666d139aeec9654c026352b4a90c64ca2,2021-06,Derbyshire Constabulary,Derbyshire Constabulary,-1.428005,52.896164,On or near Raynesway,E01013473,Derby 025B,Other theft,Unable to prosecute suspect,
770bb74ec24521b8f8df9e8f2e5f1faac0871f9921d66389637f17da9452050a,2021-06,Derbyshire Constabulary,Derbyshire Constabulary,-1.429503,52.897556,On or near Supermarket,E01013473,Derby 025B,Public order,Investigation complete; no suspect identified,
15690beac6a5a54139028e750cc64f58930e8763351b18b636a17ba5f1498db4,2021-06,Derbyshire Constabulary,Derbyshire Constabulary,-1.432229,52.898261,On or near Beckitt Close,E01013473,Derby 025B,Public order,Unable to prosecute suspect,
22bf572688d4acc2065931987cab4b261afa2ad4986c7e782addd91804274ed3,2021-06,Derbyshire Constabulary,Derbyshire Constabulary,-1.431844,52.897010,On or near Lichfield Drive,E01013473,Derby 025B,Public order,Unable to prosecute suspect,
a20142f8ea89921b217cb8652dc95b7fb9f26320c93689a150ff30f17d4b74a5,2021-06,Derbyshire Constabulary,Derbyshire Constabulary,-1.427652,52.895857,On or near A5111,E01013473,Derby 025B,Public order,Unable to prosecute suspect,
41c1c35975c8596a5cc9553f2e4dac7131b9b173cc0fc4883cf99e2c08ea4856,2021-06,Derbyshire Constabulary,Derbyshire Constabulary,-1.430630,52.898892,On or near Wye Street,E01013473,Derby 025B,Public order,Unable to prosecute suspect,
f7a6e80ec3d02914cf1139568a3c1b8203062dcad1e7403e51027c5e05861d53,2021-06,Derbyshire Constabulary,Derbyshire Constabulary,-1.435030,52.898931,On or near Wildsmith Street,E01013473,Derby 025B,Shoplifting,Investigation complete; no suspect identified,
47e418ea96cd18bd783dad9714e5c1bedd37c042d5967297742db14011900a24,2021-06,Derbyshire Constabulary,Derbyshire Constabulary,-1.429503,52.897556,On or near Supermarket,E01013473,Derby 025B,Shoplifting,Further investigation is not in the public interest,
5dce073cb7ff39ecd5015c69956101cd37a9cfc12757c8863994555be7b0615a,2021-06,Derbyshire Constabulary,Derbyshire Constabulary,-1.430926,52.897823,On or near Supermarket,E01013473,Derby 025B,Violence and sexual offences,Unable to prosecute suspect,
c53e11fd13a15951cdb3e0e9eff9b8366511148046fb44a69771b49bf9023a79,2021-06,Derbyshire Constabulary,Derbyshire Constabulary,-1.431844,52.897010,On or near Lichfield Drive,E01013473,Derby 025B,Violence and sexual offences,Unable to prosecute suspect,
9cbf931101eb34440f0579e86b0583295cef84a4cce0007fb42874d4c9864adc,2021-06,Derbyshire Constabulary,Derbyshire Constabulary,-1.435030,52.898931,On or near Wildsmith Street,E01013473,Derby 025B,Violence and sexual offences,Unable to prosecute suspect,
5a9fca2aa4285d24a217a430b666298405e7f090b5d1323a2376fcf755e4e223,2021-06,Derbyshire Constabulary,Derbyshire Constabulary,-1.432229,52.898261,On or near Beckitt Close,E01013473,Derby 025B,Violence and sexual offences,Unable to prosecute suspect,
dc1c348ff357ef897bc9fa6da3c513118b36b66457df2cbb2f7128e9c09e5abb,2021-06,Derbyshire Constabulary,Derbyshire Constabulary,-1.435030,52.898931,On or near Wildsmith Street,E01013473,Derby 025B,Violence and sexual offences,Unable to prosecute suspect,
1f65af8528586a38588db9018ddce8c033f59d29fc4c2aa1ecae4c4c4d488e34,2021-06,Derbyshire Constabulary,Derbyshire Constabulary,-1.435030,52.898931,On or near Wildsmith Street,E01013473,Derby 025B,Violence and sexual offences,Unable to prosecute suspect,
7495f4ce90197d7e6c11602f617b3bdcc46c7b0b41baf4e7464475f542d613b5,2021-06,Derbyshire Constabulary,Derbyshire Constabulary,-1.434616,52.897571,On or near Trent Street,E01013473,Derby 025B,Violence and sexual offences,Awaiting court outcome,
5a3bc79e4c7180b290a8f18566c2682faff7975f2eca49e1ed92b58dabe2134f,2021-06,Derbyshire Constabulary,Derbyshire Constabulary,-1.435030,52.898931,On or near Wildsmith Street,E01013473,Derby 025B,Violence and sexual offences,Local resolution,
d012ba51c87a38b9cf13e81970b67bfce848d1f62db58ba1d88c3d9bf2c9b6ed,2021-06,Derbyshire Constabulary,Derbyshire Constabulary,-1.427652,52.895857,On or near A5111,E01013473,Derby 025B,Violence and sexual offences,Unable to prosecute suspect,
f4b58d1c954e8fb51df57b751d0b41cacd1422ac9c907c5b85430f9a6ff8965b,2021-06,Derbyshire Constabulary,Derbyshire Constabulary,-1.433415,52.897386,On or near Hall Street,E01013473,Derby 025B,Violence and sexual offences,Unable to prosecute suspect,
f7bcc4035004e005c84c01e44de6555743a31fcc28b9e15e5df5bf64c6b5594b,2021-06,Derbyshire Constabulary,Derbyshire Constabulary,-1.432229,52.898261,On or near Beckitt Close,E01013473,Derby 025B,Violence and sexual offences,Status update unavailable,
142047655529b8f8cbc9c0ef2c0b3df70170bd8d07eb925810ccf0e117f84637,2021-06,Derbyshire Constabulary,Derbyshire Constabulary,-1.437715,52.898188,On or near Bower Street,E01013473,Derby 025B,Violence and sexual offences,Local resolution,
e79773bae643aa23bc4f624349c7e5d62e6d5e24a7b14a74ab2bc9fdc838eae3,2021-06,Derbyshire Constabulary,Derbyshire Constabulary,-1.435030,52.898931,On or near Wildsmith Street,E01013473,Derby 025B,Violence and sexual offences,Unable to prosecute suspect,
565cc184de85375e23107f9ba702bd6c62da62431398f150f4dbe436cbbdb8a0,2021-06,Derbyshire Constabulary,Derbyshire Constabulary,-1.437715,52.898188,On or near Bower Street,E01013473,Derby 025B,Violence and sexual offences,Local resolution,
a1c32b324b0c2c4e4abadda23792b6609a5e9ca7e097b7be0d8986f1b425856d,2021-06,Derbyshire Constabulary,Derbyshire Constabulary,-1.435030,52.898931,On or near Wildsmith Street,E01013473,Derby 025B,Violence and sexual offences,Unable to prosecute suspect,
e11432e9db951094cad9ed01ab325d5c1ed61c5f75cf392a25bce2a6ca00ab36,2021-06,Derbyshire Constabulary,Derbyshire Constabulary,-1.435030,52.898931,On or near Wildsmith Street,E01013473,Derby 025B,Violence and sexual offences,Status update unavailable,
bb6453c5c3f5b7b5427e016d9a872830ec1e032eb72e17f3f9142a32b9ee4527,2021-06,Derbyshire Constabulary,Derbyshire Constabulary,-1.435030,52.898931,On or near Wildsmith Street,E01013473,Derby 025B,Violence and sexual offences,Unable to prosecute suspect,
ed57e810a4536c50750dd0488569a2e8ac28174721877a58e34adaed22475d7a,2021-06,Derbyshire Constabulary,Derbyshire Constabulary,-1.428005,52.896164,On or near Raynesway,E01013473,Derby 025B,Violence and sexual offences,Awaiting court outcome,
,2021-06,Derbyshire Constabulary,Derbyshire Constabulary,-1.439198,52.893844,On or near Kean Place,E01013475,Derby 025C,Anti-social behaviour,,
,2021-06,Derbyshire Constabulary,Derbyshire Constabulary,-1.442593,52.894588,On or near Benson Street,E01013475,Derby 025C,Anti-social behaviour,,
,2021-06,Derbyshire Constabulary,Derbyshire Constabulary,-1.438140,52.894046,On or near Kemble Place,E01013475,Derby 025C,Anti-social behaviour,,
,2021-06,Derbyshire Constabulary,Derbyshire Constabulary,-1.434851,52.894363,On or near Siddons Street,E01013475,Derby 025C,Anti-social behaviour,,
,2021-06,Derbyshire Constabulary,Derbyshire Constabulary,-1.438140,52.894046,On or near Kemble Place,E01013475,Derby 025C,Anti-social behaviour,,
,2021-06,Derbyshire Constabulary,Derbyshire Constabulary,-1.436938,52.897375,On or near Baker Street,E01013475,Derby 025C,Anti-social behaviour,,
76ab6002f984a1643b50e73f7922b50326a712fe23be075e0c8aa6edf8fa683b,2021-06,Derbyshire Constabulary,Derbyshire Constabulary,-1.442593,52.894588,On or near Benson Street,E01013475,Derby 025C,Criminal damage and arson,Investigation complete; no suspect identified,
5494f3c9329043ac1845e5924c1b054734586cfd23e76dbb0a94499b4413432d,2021-06,Derbyshire Constabulary,Derbyshire Constabulary,-1.442175,52.892420,On or near Harvey Road,E01013475,Derby 025C,Drugs,Unable to prosecute suspect,
10160c14b46f0188e1e6961220e8e43be6aab6d19e22677b0e80b8d9e23d381a,2021-06,Derbyshire Constabulary,Derbyshire Constabulary,-1.437844,52.896283,On or near Ainley Close,E01013475,Derby 025C,Other theft,Investigation complete; no suspect identified,
a804ee1aeba49f58617cef1a94844c27fc4585687a921e06e76aa642c1cfb1fb,2021-06,Derbyshire Constabulary,Derbyshire Constabulary,-1.437218,52.895255,On or near Anderson Street,E01013475,Derby 025C,Public order,Investigation complete; no suspect identified,
fba014bea7c0a64894c208248b9ead00b5e6e80eaced67151ae2e10838748951,2021-06,Derbyshire Constabulary,Derbyshire Constabulary,-1.437844,52.896283,On or near Ainley Close,E01013475,Derby 025C,Public order,Awaiting court outcome,
0a03ec2eb48db16dfa4471bfebfa960e30e3dd5cdeef5ea1e1a097f030ca90c7,2021-06,Derbyshire Constabulary,Derbyshire Constabulary,-1.442593,52.894588,On or near Benson Street,E01013475,Derby 025C,Violence and sexual offences,Unable to prosecute suspect,
c60a5fd9666ee75366f0d59ad0366ccce1496f9500608ce6d2f67b44ff23b967,2021-06,Derbyshire Constabulary,Derbyshire Constabulary,-1.437218,52.895255,On or near Anderson Street,E01013475,Derby 025C,Violence and sexual offences,Unable to prosecute suspect,
d07644788fcafcd4fd8bdea69806ee1ed5908188b0bf6a43953ae8f060ac1cd7,2021-06,Derbyshire Constabulary,Derbyshire Constabulary,-1.442593,52.894588,On or near Benson Street,E01013475,Derby 025C,Violence and sexual offences,Unable to prosecute suspect,
082064cf4854a2889a432382f6222e1f7ba328a6f40dc8e5c467e5362a7d55a7,2021-06,Derbyshire Constabulary,Derbyshire Constabulary,-1.437218,52.895255,On or near Anderson Street,E01013475,Derby 025C,Violence and sexual offences,Unable to prosecute suspect,
89331b9d706d6000b00d12db983b114585d4ba2ff572ecca5cd2d26faf54decc,2021-06,Derbyshire Constabulary,Derbyshire Constabulary,-1.439198,52.893844,On or near Kean Place,E01013475,Derby 025C,Violence and sexual offences,Unable to prosecute suspect,
9fdfb3ee0b026a77dcc5503b8c411150e9491a0ca96de8010a0ec87f60451c71,2021-06,Derbyshire Constabulary,Derbyshire Constabulary,-1.442593,52.894588,On or near Benson Street,E01013475,Derby 025C,Violence and sexual offences,Unable to prosecute suspect,
b6415805152849794284db6684a570bffb461d421c28d0f85f0f0cbdefb53533,2021-06,Derbyshire Constabulary,Derbyshire Constabulary,-1.437218,52.895255,On or near Anderson Street,E01013475,Derby 025C,Violence and sexual offences,Unable to prosecute suspect,
d09164660277e507d6c6c0f0ae0313b4e4bd9acc3341ff2c914a71fc03b01147,2021-06,Derbyshire Constabulary,Derbyshire Constabulary,-1.442593,52.894588,On or near Benson Street,E01013475,Derby 025C,Violence and sexual offences,Status update unavailable,
,2021-06,Derbyshire Constabulary,Derbyshire Constabulary,-1.435286,52.900945,On or near Burnside Street,E01013477,Derby 025D,Anti-social behaviour,,
,2021-06,Derbyshire Constabulary,Derbyshire Constabulary,-1.432448,52.901993,On or near Quintin Road,E01013477,Derby 025D,Anti-social behaviour,,
,2021-06,Derbyshire Constabulary,Derbyshire Constabulary,-1.435286,52.900945,On or near Burnside Street,E01013477,Derby 025D,Anti-social behaviour,,
,2021-06,Derbyshire Constabulary,Derbyshire Constabulary,-1.429147,52.898633,On or near Eden Street,E01013477,Derby 025D,Anti-social behaviour,,
,2021-06,Derbyshire Constabulary,Derbyshire Constabulary,-1.427976,52.897207,On or near Petrol Station,E01013477,Derby 025D,Anti-social behaviour,,
,2021-06,Derbyshire Constabulary,Derbyshire Constabulary,-1.427976,52.897207,On or near Petrol Station,E01013477,Derby 025D,Anti-social behaviour,,
,2021-06,Derbyshire Constabulary,Derbyshire Constabulary,-1.427976,52.897207,On or near Petrol Station,E01013477,Derby 025D,Anti-social behaviour,,
,2021-06,Derbyshire Constabulary,Derbyshire Constabulary,-1.423261,52.896330,On or near Kelmoor Road,E01013477,Derby 025D,Anti-social behaviour,,
,2021-06,Derbyshire Constabulary,Derbyshire Constabulary,-1.435286,52.900945,On or near Burnside Street,E01013477,Derby 025D,Anti-social behaviour,,
,2021-06,Derbyshire Constabulary,Derbyshire Constabulary,-1.427976,52.897207,On or near Petrol Station,E01013477,Derby 025D,Anti-social behaviour,,
,2021-06,Derbyshire Constabulary,Derbyshire Constabulary,-1.427976,52.897207,On or near Petrol Station,E01013477,Derby 025D,Anti-social behaviour,,
,2021-06,Derbyshire Constabulary,Derbyshire Constabulary,-1.435286,52.900945,On or near Burnside Street,E01013477,Derby 025D,Anti-social behaviour,,
,2021-06,Derbyshire Constabulary,Derbyshire Constabulary,-1.435286,52.900945,On or near Burnside Street,E01013477,Derby 025D,Anti-social behaviour,,
,2021-06,Derbyshire Constabulary,Derbyshire Constabulary,-1.435286,52.900945,On or near Burnside Street,E01013477,Derby 025D,Anti-social behaviour,,
,2021-06,Derbyshire Constabulary,Derbyshire Constabulary,-1.435286,52.900945,On or near Burnside Street,E01013477,Derby 025D,Anti-social behaviour,,
,2021-06,Derbyshire Constabulary,Derbyshire Constabulary,-1.435286,52.900945,On or near Burnside Street,E01013477,Derby 025D,Anti-social behaviour,,
1b59c3526b1c6c5310da459f953ec1115f9370fdad5bd97e8faaa62dfefe7829,2021-06,Derbyshire Constabulary,Derbyshire Constabulary,-1.434521,52.900348,On or near Curzon Lane,E01013477,Derby 025D,Criminal damage and arson,Investigation complete; no suspect identified,
2d2a75d20d6abfa168780840bf70c200b7594bb166719b8faca1dfcb0b672af5,2021-06,Derbyshire Constabulary,Derbyshire Constabulary,-1.435286,52.900945,On or near Burnside Street,E01013477,Derby 025D,Other theft,Investigation complete; no suspect identified,
b6d75799fbec91428160f599e83a8b4713484c8587078480fd47b5a9b1f64843,2021-06,Derbyshire Constabulary,Derbyshire Constabulary,-1.435286,52.900945,On or near Burnside Street,E01013477,Derby 025D,Public order,Unable to prosecute suspect,
f630b26e5d9c7d45d3b6ba9b4530741818a28e79c1e887b31114e753a9a239fe,2021-06,Derbyshire Constabulary,Derbyshire Constabulary,-1.433175,52.899767,On or near Hollis Street,E01013477,Derby 025D,Public order,Unable to prosecute suspect,
8945784df71108b13a7291cc0e0dcb204c6aafffaee18e09e8995604a3e163d9,2021-06,Derbyshire Constabulary,Derbyshire Constabulary,-1.436401,52.903198,On or near Charles Road,E01013477,Derby 025D,Robbery,Unable to prosecute suspect,
049771fb1e5302ffb29b4985f6b895f40cb1da524c0ac56708a29853a4f915ab,2021-06,Derbyshire Constabulary,Derbyshire Constabulary,-1.429147,52.898633,On or near Eden Street,E01013477,Derby 025D,Vehicle crime,Investigation complete; no suspect identified,
dcaf51f1ca7ac8d899d3d9b1da3855c5f1d42c54e8be3a1cca476666b3667862,2021-06,Derbyshire Constabulary,Derbyshire Constabulary,-1.425913,52.899237,On or near Metcalfe Close,E01013477,Derby 025D,Violence and sexual offences,Unable to prosecute suspect,
45b37176e66c55963e836049e2719fa1642a2102d28111cfa25281d35779ad29,2021-06,Derbyshire Constabulary,Derbyshire Constabulary,-1.425913,52.899237,On or near Metcalfe Close,E01013477,Derby 025D,Violence and sexual offences,Unable to prosecute suspect,
b381b9d9c6d008b56be27c55c8fccf8c4d84e359aa5ac9aa1c380315b1e51f39,2021-06,Derbyshire Constabulary,Derbyshire Constabulary,-1.435286,52.900945,On or near Burnside Street,E01013477,Derby 025D,Violence and sexual offences,Unable to prosecute suspect,
,2021-06,Derbyshire Constabulary,Derbyshire Constabulary,-1.434019,52.893173,On or near Wyndham Street,E01013502,Derby 025E,Anti-social behaviour,,
,2021-06,Derbyshire Constabulary,Derbyshire Constabulary,-1.433248,52.893052,On or near Hawtrey Gardens,E01013502,Derby 025E,Anti-social behaviour,,
,2021-06,Derbyshire Constabulary,Derbyshire Constabulary,-1.430930,52.893005,On or near Alward'S Close,E01013502,Derby 025E,Anti-social behaviour,,
,2021-06,Derbyshire Constabulary,Derbyshire Constabulary,-1.433248,52.893052,On or near Hawtrey Gardens,E01013502,Derby 025E,Anti-social behaviour,,
,2021-06,Derbyshire Constabulary,Derbyshire Constabulary,-1.434633,52.890559,On or near Rockhouse Road,E01013502,Derby 025E,Anti-social behaviour,,
,2021-06,Derbyshire Constabulary,Derbyshire Constabulary,-1.430937,52.890218,On or near Lilac Close,E01013502,Derby 025E,Anti-social behaviour,,
,2021-06,Derbyshire Constabulary,Derbyshire Constabulary,-1.431212,52.894175,On or near Barrett Street,E01013502,Derby 025E,Anti-social behaviour,,
,2021-06,Derbyshire Constabulary,Derbyshire Constabulary,-1.427670,52.895596,On or near A5111,E01013502,Derby 025E,Anti-social behaviour,,
,2021-06,Derbyshire Constabulary,Derbyshire Constabulary,-1.427670,52.895596,On or near A5111,E01013502,Derby 025E,Anti-social behaviour,,
,2021-06,Derbyshire Constabulary,Derbyshire Constabulary,-1.427670,52.895596,On or near A5111,E01013502,Derby 025E,Anti-social behaviour,,
,2021-06,Derbyshire Constabulary,Derbyshire Constabulary,-1.433248,52.893052,On or near Hawtrey Gardens,E01013502,Derby 025E,Anti-social behaviour,,
18f1ab8d0d8f18741bb68e9b995887018ec5cddff69b50d44c00b44775f31a13,2021-06,Derbyshire Constabulary,Derbyshire Constabulary,-1.431212,52.894175,On or near Barrett Street,E01013502,Derby 025E,Criminal damage and arson,Investigation complete; no suspect identified,
a455171ac524cca8d9169b900e9ac5b9891fb5952f773714dfd2f785dbe3d800,2021-06,Derbyshire Constabulary,Derbyshire Constabulary,-1.433248,52.893052,On or near Hawtrey Gardens,E01013502,Derby 025E,Criminal damage and arson,Investigation complete; no suspect identified,
162b4cf731e3b5c3a03bfc984de627e030f5ea224f541a78c249c5b176ec7b24,2021-06,Derbyshire Constabulary,Derbyshire Constabulary,-1.427670,52.895596,On or near A5111,E01013502,Derby 025E,Criminal damage and arson,Unable to prosecute suspect,
05b0bbfa38fa467dbb5972de502a86ae2258fb70a9d2c42053615521f0921f6f,2021-06,Derbyshire Constabulary,Derbyshire Constabulary,-1.430930,52.893005,On or near Alward'S Close,E01013502,Derby 025E,Other theft,Investigation complete; no suspect identified,
8ce07622f66287a7c3d89a9ae5c3fa10648df6d54660168889aca7c49a0978d1,2021-06,Derbyshire Constabulary,Derbyshire Constabulary,-1.433248,52.893052,On or near Hawtrey Gardens,E01013502,Derby 025E,Other theft,Unable to prosecute suspect,
c27fe4924279f0157c3f0180ff94570e5d66fefaffb2cf5affe914d1fd17fb33,2021-06,Derbyshire Constabulary,Derbyshire Constabulary,-1.433248,52.893052,On or near Hawtrey Gardens,E01013502,Derby 025E,Public order,Unable to prosecute suspect,
da94fc72ef4590e53ee98847ce1c1378cd65d58823beb455a77a572c262ee813,2021-06,Derbyshire Constabulary,Derbyshire Constabulary,-1.434019,52.893173,On or near Wyndham Street,E01013502,Derby 025E,Public order,Unable to prosecute suspect,
5d233fa6796741944304b6d86fb17a8a4cfd344dad5b4371186a9180cdb501bf,2021-06,Derbyshire Constabulary,Derbyshire Constabulary,-1.434609,52.888977,On or near Thanet Drive,E01013502,Derby 025E,Violence and sexual offences,Further investigation is not in the public interest,
6edd2a98233584e7086f268b6f9678c213f4e8e399c29815917edb6589fe8e40,2021-06,Derbyshire Constabulary,Derbyshire Constabulary,-1.430937,52.890218,On or near Lilac Close,E01013502,Derby 025E,Violence and sexual offences,Unable to prosecute suspect,
23ddf05fb290e142c34ed751cd7ad454f313cde6b61f9c9aee7da4b34a1d9f14,2021-06,Derbyshire Constabulary,Derbyshire Constabulary,-1.438413,52.891368,On or near Lang Road,E01013502,Derby 025E,Violence and sexual offences,Status update unavailable,
1350b4a2b7bc9616d2d51c504fe4cde80d95e52b30e5d73aabadd7f1f4bfca42,2021-06,Derbyshire Constabulary,Derbyshire Constabulary,-1.434019,52.893173,On or near Wyndham Street,E01013502,Derby 025E,Violence and sexual offences,Unable to prosecute suspect,
6da00164863985434b1e52bdaa02b9c17197cc57f9275f64cf5512874ca98d87,2021-06,Derbyshire Constabulary,Derbyshire Constabulary,-1.427670,52.895596,On or near A5111,E01013502,Derby 025E,Violence and sexual offences,Status update unavailable,
c32d604123974b70dd00b1385a43d8e8dd9efbb1bf22ca91ba1bd43156010acc,2021-06,Derbyshire Constabulary,Derbyshire Constabulary,-1.433248,52.893052,On or near Hawtrey Gardens,E01013502,Derby 025E,Violence and sexual offences,Unable to prosecute suspect,
51be7e48de60ef126874e873c83f7f2c96c5eb05f75a34455a40626bac0f1ff1,2021-06,Derbyshire Constabulary,Derbyshire Constabulary,-1.434609,52.888977,On or near Thanet Drive,E01013502,Derby 025E,Violence and sexual offences,Unable to prosecute suspect,
2629d1e0dc3fd332e991f1c192864737f9fd1e9a751d924a3f0dfb7bf33ebbcd,2021-06,Derbyshire Constabulary,Derbyshire Constabulary,-1.434609,52.888977,On or near Thanet Drive,E01013502,Derby 025E,Violence and sexual offences,Unable to prosecute suspect,
907e9d86fdde5518725fb6bbdd7c573472c861f0eb1461c59ea2625dabc5952a,2021-06,Derbyshire Constabulary,Derbyshire Constabulary,-1.434019,52.893173,On or near Wyndham Street,E01013502,Derby 025E,Violence and sexual offences,Further investigation is not in the public interest,
7ad097ef306f340601bff8ce99510552fe8b07718704da36e3b6e4cb89ae6bb9,2021-06,Derbyshire Constabulary,Derbyshire Constabulary,-1.427670,52.895596,On or near A5111,E01013502,Derby 025E,Violence and sexual offences,Unable to prosecute suspect,
569dbffa59fdc82c9b2e9938015faf42e2939b1b2ddfe9c68e0036005f3c45ef,2021-06,Derbyshire Constabulary,Derbyshire Constabulary,-1.438413,52.891368,On or near Lang Road,E01013502,Derby 025E,Other crime,Unable to prosecute suspect,
8f5a385aefa6208c7571339da9f9ff10af1ca7f964b4bbb9c5abba02b9d00dff,2021-06,Derbyshire Constabulary,Derbyshire Constabulary,-1.430937,52.890218,On or near Lilac Close,E01013502,Derby 025E,Other crime,Unable to prosecute suspect,
,2021-06,Derbyshire Constabulary,Derbyshire Constabulary,-1.444653,52.889213,On or near Sports/Recreation Area,E01013503,Derby 025F,Anti-social behaviour,,
,2021-06,Derbyshire Constabulary,Derbyshire Constabulary,-1.436679,52.888663,On or near Boulton Lane,E01013503,Derby 025F,Anti-social behaviour,,
17b23470d847b0d6eb7b028b9290b238fec606a645d86ca089e3c167209727a7,2021-06,Derbyshire Constabulary,Derbyshire Constabulary,-1.436679,52.888663,On or near Boulton Lane,E01013503,Derby 025F,Bicycle theft,Investigation complete; no suspect identified,
7647cc47fb4372a2163c66bedd8aeeb65f113ddf891fd63a34e395412cf8e51b,2021-06,Derbyshire Constabulary,Derbyshire Constabulary,-1.444653,52.889213,On or near Sports/Recreation Area,E01013503,Derby 025F,Criminal damage and arson,Investigation complete; no suspect identified,
b766d715e9626090a749153bb2df4d4ebbfbce7a38a1d3076bd09c9b9787220b,2021-06,Derbyshire Constabulary,Derbyshire Constabulary,-1.444653,52.889213,On or near Sports/Recreation Area,E01013503,Derby 025F,Other theft,Investigation complete; no suspect identified,
25e5fdae1816873406c25cc6e8fbb988ab0e4fe22eb9f15c23a3c489861ffd49,2021-06,Derbyshire Constabulary,Derbyshire Constabulary,-1.436679,52.888663,On or near Boulton Lane,E01013503,Derby 025F,Public order,Status update unavailable,
5dfd21553f9a461fe6c9e7cc91009f0d83fc7efbdb7d856a8abb0feaea1f3ffa,2021-06,Derbyshire Constabulary,Derbyshire Constabulary,-1.444653,52.889213,On or near Sports/Recreation Area,E01013503,Derby 025F,Public order,Status update unavailable,
8f69ad871423d95dfe86bef1986f339c7a7565c96c69c5af9e8f79cd4f267eaa,2021-06,Derbyshire Constabulary,Derbyshire Constabulary,-1.436679,52.888663,On or near Boulton Lane,E01013503,Derby 025F,Violence and sexual offences,Unable to prosecute suspect,
1981c5cf805aeb45d7b49c74b4a55af2f0f5b54463ca24f487e3cc91e471901d,2021-06,Derbyshire Constabulary,Derbyshire Constabulary,-1.443901,52.891116,On or near Stanley Road,E01013503,Derby 025F,Violence and sexual offences,Status update unavailable,
ffcda4c9f0e949249d061364d60a15250688f246820a412825c7040285ddc3c0,2021-06,Derbyshire Constabulary,Derbyshire Constabulary,-1.436679,52.888663,On or near Boulton Lane,E01013503,Derby 025F,Violence and sexual offences,Investigation complete; no suspect identified,
0be8b67d7b48ec58548ba9294e2ec32654416879ee6620b53fd8e8e72f432092,2021-06,Derbyshire Constabulary,Derbyshire Constabulary,-1.440705,52.889968,On or near Bracken'S Lane,E01013503,Derby 025F,Violence and sexual offences,Status update unavailable,
,2021-06,Derbyshire Constabulary,Derbyshire Constabulary,-1.453028,52.894583,On or near Thirsk Place,E01013472,Derby 026A,Anti-social behaviour,,
,2021-06,Derbyshire Constabulary,Derbyshire Constabulary,-1.454487,52.897898,On or near Dunstall Park Road,E01013472,Derby 026A,Anti-social behaviour,,
,2021-06,Derbyshire Constabulary,Derbyshire Constabulary,-1.458078,52.899649,On or near Osmaston Road,E01013472,Derby 026A,Anti-social behaviour,,
,2021-06,Derbyshire Constabulary,Derbyshire Constabulary,-1.440938,52.894931,On or near Rowena Close,E01013472,Derby 026A,Anti-social behaviour,,
,2021-06,Derbyshire Constabulary,Derbyshire Constabulary,-1.455505,52.897363,On or near Parking Area,E01013472,Derby 026A,Anti-social behaviour,,
,2021-06,Derbyshire Constabulary,Derbyshire Constabulary,-1.448816,52.892631,On or near Cockayne Street North,E01013472,Derby 026A,Anti-social behaviour,,
,2021-06,Derbyshire Constabulary,Derbyshire Constabulary,-1.443208,52.897576,On or near Gala Drive,E01013472,Derby 026A,Anti-social behaviour,,
,2021-06,Derbyshire Constabulary,Derbyshire Constabulary,-1.441353,52.896228,On or near Chalkley Close,E01013472,Derby 026A,Anti-social behaviour,,
8e749bdfdbcbf3358867b10446f2dbca4265434e7156adeb57c935708ed31718,2021-06,Derbyshire Constabulary,Derbyshire Constabulary,-1.452175,52.893842,On or near Whitehurst Street,E01013472,Derby 026A,Bicycle theft,Investigation complete; no suspect identified,
39465b28f1df1029f73354b745125cca3c60e2175c7543d3619070d45519edf8,2021-06,Derbyshire Constabulary,Derbyshire Constabulary,-1.452175,52.893842,On or near Whitehurst Street,E01013472,Derby 026A,Bicycle theft,Investigation complete; no suspect identified,
1ba689093f71ca31a20117de35838629e98bb87c4051455e15e5d18fde049f34,2021-06,Derbyshire Constabulary,Derbyshire Constabulary,-1.452175,52.893842,On or near Whitehurst Street,E01013472,Derby 026A,Bicycle theft,Investigation complete; no suspect identified,
11c0feb5fab3af5142e0b434043b0f503a495de23574e6c821f31ae83684b6f1,2021-06,Derbyshire Constabulary,Derbyshire Constabulary,-1.439056,52.895659,On or near Radford Street,E01013472,Derby 026A,Burglary,Unable to prosecute suspect,
740980c365321c0e7bd0f70d2027db28b09a8d0465998ec2c6e9e6f6900d6f49,2021-06,Derbyshire Constabulary,Derbyshire Constabulary,-1.452375,52.892081,On or near Shopping Area,E01013472,Derby 026A,Criminal damage and arson,Unable to prosecute suspect,
86fc09b418b31ca58d4f8f9d1486ddb6ac1c361303bafbe305982df993759c20,2021-06,Derbyshire Constabulary,Derbyshire Constabulary,-1.452958,52.892983,On or near Parking Area,E01013472,Derby 026A,Criminal damage and arson,Unable to prosecute suspect,
3b7cf246677a8bfceeec073b59843cec9fbc5a2b5fc8c836c696ada2f4734362,2021-06,Derbyshire Constabulary,Derbyshire Constabulary,-1.447271,52.894862,On or near Collis Close,E01013472,Derby 026A,Criminal damage and arson,Investigation complete; no suspect identified,
717bd82a33285a19f424f9663750ce9be74124ea56e00f7424790f78d20f246a,2021-06,Derbyshire Constabulary,Derbyshire Constabulary,-1.452175,52.893842,On or near Whitehurst Street,E01013472,Derby 026A,Criminal damage and arson,Investigation complete; no suspect identified,
4fc844cfaefd85cc27b01e9b792ad392d2e52719b65b5a698c9f58c63e53b2c5,2021-06,Derbyshire Constabulary,Derbyshire Constabulary,-1.440823,52.895821,On or near Crewton Way,E01013472,Derby 026A,Criminal damage and arson,Awaiting court outcome,
fda21592a41ec4635c3b8e9c6160669222d51745112630fb28ccbaba8aaa78c7,2021-06,Derbyshire Constabulary,Derbyshire Constabulary,-1.452175,52.893842,On or near Whitehurst Street,E01013472,Derby 026A,Criminal damage and arson,Investigation complete; no suspect identified,
d2c56cc6589bbdf0476c68572d13da20f807d1ae931a66724a5151a74acb8813,2021-06,Derbyshire Constabulary,Derbyshire Constabulary,-1.447778,52.892410,On or near Kettlewell Close,E01013472,Derby 026A,Criminal damage and arson,Investigation complete; no suspect identified,
6bb7f5b3a4a3e3a009c10f84e9ff55f5f75ca966f0cb1b5e338ebce99d95640c,2021-06,Derbyshire Constabulary,Derbyshire Constabulary,-1.444390,52.892394,On or near Petrol Station,E01013472,Derby 026A,Other theft,Unable to prosecute suspect,
5c601fc64b34a71b0876a6881c8d504123aa41078cb234b0f02d12960702bb13,2021-06,Derbyshire Constabulary,Derbyshire Constabulary,-1.452351,52.899911,On or near Ascot Drive,E01013472,Derby 026A,Other theft,Investigation complete; no suspect identified,
2dfa752ba445d7173facd06d527695fd7384bad4b1e40dcb10480b70707c9b27,2021-06,Derbyshire Constabulary,Derbyshire Constabulary,-1.444390,52.892394,On or near Petrol Station,E01013472,Derby 026A,Other theft,Unable to prosecute suspect,
8266bec97fd5f563c20e3373debd73cb024e4fbb3b886b1340df225a5da1c0d9,2021-06,Derbyshire Constabulary,Derbyshire Constabulary,-1.440823,52.895821,On or near Crewton Way,E01013472,Derby 026A,Possession of weapons,Awaiting court outcome,
e8c71e23bf6922b6132c7837a7d498954a3f5c9b4dd5284e181eaf5e1b7715b7,2021-06,Derbyshire Constabulary,Derbyshire Constabulary,-1.440823,52.895821,On or near Crewton Way,E01013472,Derby 026A,Possession of weapons,Unable to prosecute suspect,
99a2f9db841260135256806aa4dfc860439147e57824b131824d25f6d5e45d08,2021-06,Derbyshire Constabulary,Derbyshire Constabulary,-1.441353,52.896228,On or near Chalkley Close,E01013472,Derby 026A,Possession of weapons,Status update unavailable,
cf270451a2315a73ea965421b3cb8043a771c3437cf6e51df69b58bb623bda7a,2021-06,Derbyshire Constabulary,Derbyshire Constabulary,-1.440823,52.895821,On or near Crewton Way,E01013472,Derby 026A,Public order,Unable to prosecute suspect,
ed73253028dcc922c78a5cc1c1b829a7ed6d75b5f6dd60434cc5838797595666,2021-06,Derbyshire Constabulary,Derbyshire Constabulary,-1.444390,52.892394,On or near Petrol Station,E01013472,Derby 026A,Public order,Awaiting court outcome,
34d82c1ca3b77576a583dbaeb4be8dca613830bb2249cb7b117ccc74f65c0682,2021-06,Derbyshire Constabulary,Derbyshire Constabulary,-1.440823,52.895821,On or near Crewton Way,E01013472,Derby 026A,Public order,Unable to prosecute suspect,
0e12d3005fc996ccce7efc434ee5bc282a8efe2d52141ea88906406812cffebb,2021-06,Derbyshire Constabulary,Derbyshire Constabulary,-1.446704,52.893897,On or near Johnson Avenue,E01013472,Derby 026A,Public order,Investigation complete; no suspect identified,
53d88e6dcdd02edbed80beb3bcdd4fde8263ae48a72e5d8e8bc3ae5e979c88e6,2021-06,Derbyshire Constabulary,Derbyshire Constabulary,-1.447778,52.892410,On or near Kettlewell Close,E01013472,Derby 026A,Public order,Unable to prosecute suspect,
1543f4437f9c3242cc2b97af3ac00493b315b08f2e12bfeef6ec37d729919d5c,2021-06,Derbyshire Constabulary,Derbyshire Constabulary,-1.452958,52.892983,On or near Parking Area,E01013472,Derby 026A,Public order,Unable to prosecute suspect,
62d138397361d39d1de8541d427ccf8e7834ea4ade5200fe27accf45230a2b18,2021-06,Derbyshire Constabulary,Derbyshire Constabulary,-1.439056,52.895659,On or near Radford Street,E01013472,Derby 026A,Public order,Unable to prosecute suspect,
7261eefba5092bee2a822d6230ae36edf51b72f66f2077d9ff1c0de0d40cdefc,2021-06,Derbyshire Constabulary,Derbyshire Constabulary,-1.444390,52.892394,On or near Petrol Station,E01013472,Derby 026A,Public order,Awaiting court outcome,
021aad069f39afba409b6bd9c0a0ef234e1213367676528f8e35e1415a90c37d,2021-06,Derbyshire Constabulary,Derbyshire Constabulary,-1.439056,52.895659,On or near Radford Street,E01013472,Derby 026A,Public order,Investigation complete; no suspect identified,
23b8697e14a91b4293c95f6b28d7063dd13203a74e79423d8aafc44147810abe,2021-06,Derbyshire Constabulary,Derbyshire Constabulary,-1.439056,52.895659,On or near Radford Street,E01013472,Derby 026A,Public order,Investigation complete; no suspect identified,
f097fd9706e5e837a5cd5b694b8a658b473a950de13cbbc0527722068f70bdf4,2021-06,Derbyshire Constabulary,Derbyshire Constabulary,-1.447778,52.892410,On or near Kettlewell Close,E01013472,Derby 026A,Public order,Awaiting court outcome,
9b24e34b2deaa919cc22ac9a178349ad8bd7da8df3bce840be9049e6c6eb1b62,2021-06,Derbyshire Constabulary,Derbyshire Constabulary,-1.439056,52.895659,On or near Radford Street,E01013472,Derby 026A,Public order,Investigation complete; no suspect identified,
3e1ce0cb65f6099dc22d68a1ee8b5de48ba556522a8d9a96e3242b80990ea9ab,2021-06,Derbyshire Constabulary,Derbyshire Constabulary,-1.454487,52.897898,On or near Dunstall Park Road,E01013472,Derby 026A,Public order,Investigation complete; no suspect identified,
4f4818205a0b3e0d5947f0df4598e553fcd3fc7d19a05208a8a6e34c54b0b7df,2021-06,Derbyshire Constabulary,Derbyshire Constabulary,-1.453856,52.900816,On or near Long Bridge Lane,E01013472,Derby 026A,Public order,Unable to prosecute suspect,
714cad6d4ea2d623dd2e7b770a7dd6c56e6ca4c92e53071d6e5221a1e80b9a93,2021-06,Derbyshire Constabulary,Derbyshire Constabulary,-1.449215,52.895159,On or near Brigden Avenue,E01013472,Derby 026A,Public order,Investigation complete; no suspect identified,
f0090b8944925ec8f036758b492a8c2b702300a81192fe101c141e2e061d3888,2021-06,Derbyshire Constabulary,Derbyshire Constabulary,-1.444390,52.892394,On or near Petrol Station,E01013472,Derby 026A,Shoplifting,Investigation complete; no suspect identified,
99975b2683296f33bdf3400776e88f07427b69ab20feff66031b24e7092ec276,2021-06,Derbyshire Constabulary,Derbyshire Constabulary,-1.452351,52.899911,On or near Ascot Drive,E01013472,Derby 026A,Shoplifting,Investigation complete; no suspect identified,
caa2f810a34e5f74498c68ef8ce62d328fcc2e0c7766848054f3417e19c018b8,2021-06,Derbyshire Constabulary,Derbyshire Constabulary,-1.444390,52.892394,On or near Petrol Station,E01013472,Derby 026A,Shoplifting,Investigation complete; no suspect identified,
4961977e98fe371e6c17136a15345a846f500764ff344aac6888c65b713b73e2,2021-06,Derbyshire Constabulary,Derbyshire Constabulary,-1.452322,52.896297,On or near Pontefract Street,E01013472,Derby 026A,Shoplifting,Investigation complete; no suspect identified,
9d846c0c5b5ec42210149064ac555ddc05f6dbf8a221446c306a41e3ed50c08b,2021-06,Derbyshire Constabulary,Derbyshire Constabulary,-1.456036,52.900026,On or near Sports/Recreation Area,E01013472,Derby 026A,Vehicle crime,Unable to prosecute suspect,
b5a0a5c8e3e3116cdf993337a33b931b2f3aec8e6e9f3b3f918d1546b95310a9,2021-06,Derbyshire Constabulary,Derbyshire Constabulary,-1.458078,52.899649,On or near Osmaston Road,E01013472,Derby 026A,Violence and sexual offences,Unable to prosecute suspect,
08b4556a54ad2a875ac6d0c43e636fd97ac9de5b5459b418a149800083ce6649,2021-06,Derbyshire Constabulary,Derbyshire Constabulary,-1.447778,52.892410,On or near Kettlewell Close,E01013472,Derby 026A,Violence and sexual offences,Unable to prosecute suspect,
5b2c15c09fd5c6448976cbbaa4ca2780e420e35c677210244bb598db2084cf69,2021-06,Derbyshire Constabulary,Derbyshire Constabulary,-1.455505,52.897363,On or near Parking Area,E01013472,Derby 026A,Violence and sexual offences,Unable to prosecute suspect,
4385b32c99a23a07719dc2b85d7c1ed3a1555146870c29c89e887cefc03ca25e,2021-06,Derbyshire Constabulary,Derbyshire Constabulary,-1.441353,52.896228,On or near Chalkley Close,E01013472,Derby 026A,Violence and sexual offences,Unable to prosecute suspect,
ac047aefa25abbcd3004904853635ec841c21e79fc2a67a9bcd014dfe68b0c35,2021-06,Derbyshire Constabulary,Derbyshire Constabulary,-1.449215,52.895159,On or near Brigden Avenue,E01013472,Derby 026A,Violence and sexual offences,Status update unavailable,
d2e3dc0538e846b94bc51b60b8c67f870bfb31ed9011d629122072ccbfe1f5bc,2021-06,Derbyshire Constabulary,Derbyshire Constabulary,-1.439056,52.895659,On or near Radford Street,E01013472,Derby 026A,Violence and sexual offences,Status update unavailable,
5082fee22e04c104b95f7e8c966cbc04b1f95c1208eda98ac89ffcb0b7b54764,2021-06,Derbyshire Constabulary,Derbyshire Constabulary,-1.441353,52.896228,On or near Chalkley Close,E01013472,Derby 026A,Violence and sexual offences,Unable to prosecute suspect,
f54213ad3b49ecdefc574d1edfbbeb334aa34f8cb347bcc8ff24cf836742ee75,2021-06,Derbyshire Constabulary,Derbyshire Constabulary,-1.443208,52.897576,On or near Gala Drive,E01013472,Derby 026A,Violence and sexual offences,Unable to prosecute suspect,
d1f88e83ff8e3810dbf925aba45170ded371d8ff436dbbfce4fc43a097dd6993,2021-06,Derbyshire Constabulary,Derbyshire Constabulary,-1.441353,52.896228,On or near Chalkley Close,E01013472,Derby 026A,Violence and sexual offences,Unable to prosecute suspect,
8496ad6bc2022daf1d6d9bbef7b4f34590545a92f0fe346e4ce8101a64da9b3d,2021-06,Derbyshire Constabulary,Derbyshire Constabulary,-1.439056,52.895659,On or near Radford Street,E01013472,Derby 026A,Violence and sexual offences,Unable to prosecute suspect,
164486e16caeffb077f3c83d439f38616f633196636831f45936b5fae366727d,2021-06,Derbyshire Constabulary,Derbyshire Constabulary,-1.440823,52.895821,On or near Crewton Way,E01013472,Derby 026A,Violence and sexual offences,Status update unavailable,
93b4fc1b7255429fc830c7fb592564f1692a13e71420bae9ca707f89c9c89e02,2021-06,Derbyshire Constabulary,Derbyshire Constabulary,-1.452175,52.893842,On or near Whitehurst Street,E01013472,Derby 026A,Violence and sexual offences,Unable to prosecute suspect,
a224f6c104e4fc17b8767edf95c026b542d1c7a88225cd72baee5e1861549210,2021-06,Derbyshire Constabulary,Derbyshire Constabulary,-1.450779,52.892514,On or near Flamstead Street,E01013472,Derby 026A,Other crime,Unable to prosecute suspect,
,2021-06,Derbyshire Constabulary,Derbyshire Constabulary,-1.453259,52.891528,On or near Osmaston Park Road,E01013497,Derby 026B,Anti-social behaviour,,
,2021-06,Derbyshire Constabulary,Derbyshire Constabulary,-1.451191,52.888183,On or near Cheshire Street,E01013497,Derby 026B,Anti-social behaviour,,
,2021-06,Derbyshire Constabulary,Derbyshire Constabulary,-1.452281,52.890094,On or near Supermarket,E01013497,Derby 026B,Anti-social behaviour,,
dea43958a6c8b2827a9b1b29dd8a9a161fcf4ab0224b3119217082f4e78bcea8,2021-06,Derbyshire Constabulary,Derbyshire Constabulary,-1.448617,52.886023,On or near Chadwick Avenue,E01013497,Derby 026B,Criminal damage and arson,Investigation complete; no suspect identified,
b791354f0ca39d6768ffa50a7104da607ff5ce3a939b69663da933a44b4ae2e6,2021-06,Derbyshire Constabulary,Derbyshire Constabulary,-1.454312,52.888179,On or near Brookhouse Street,E01013497,Derby 026B,Criminal damage and arson,Unable to prosecute suspect,
9dce911a51c04d61af5ea1a9a23438d70dcfda8a96272bda85dda50d951fc8a2,2021-06,Derbyshire Constabulary,Derbyshire Constabulary,-1.448617,52.886023,On or near Chadwick Avenue,E01013497,Derby 026B,Criminal damage and arson,Investigation complete; no suspect identified,
2da0e520bd96139dc128f92e12a7223f0cf5df42ac6b845ae5931629aae2df91,2021-06,Derbyshire Constabulary,Derbyshire Constabulary,-1.453259,52.891528,On or near Osmaston Park Road,E01013497,Derby 026B,Criminal damage and arson,Investigation complete; no suspect identified,
fd7b61fb3a394e75466290cc67b46b224ad395c8a374e31614b6ca2f4d2d11e5,2021-06,Derbyshire Constabulary,Derbyshire Constabulary,-1.454312,52.888179,On or near Brookhouse Street,E01013497,Derby 026B,Public order,Status update unavailable,
42ada7e0692c1ddd1a7f71796ac16dbab372ce5016c7bef7ba6e59f88bdcf9d9,2021-06,Derbyshire Constabulary,Derbyshire Constabulary,-1.452281,52.890094,On or near Supermarket,E01013497,Derby 026B,Shoplifting,Awaiting court outcome,
d1962cb9fe8306b77cde514ea3d4b1c2b61c30d238f7f7298c7b9f0307d9820c,2021-06,Derbyshire Constabulary,Derbyshire Constabulary,-1.452281,52.890094,On or near Supermarket,E01013497,Derby 026B,Shoplifting,Awaiting court outcome,
fc2c956808a1a328dfb2bac8ad8a355af461ab945798aed702b12a7e4e088746,2021-06,Derbyshire Constabulary,Derbyshire Constabulary,-1.452281,52.890094,On or near Supermarket,E01013497,Derby 026B,Shoplifting,Investigation complete; no suspect identified,
fa9752e8319ee5a58185bebbca3756bc37eee1c0ec35fe1c1b77be053e08dea7,2021-06,Derbyshire Constabulary,Derbyshire Constabulary,-1.452281,52.890094,On or near Supermarket,E01013497,Derby 026B,Shoplifting,Investigation complete; no suspect identified,
238b96be5b85a38a32f8e4c0780b4be4fcb61f15b222a020b7e394bebad7f2ed,2021-06,Derbyshire Constabulary,Derbyshire Constabulary,-1.452281,52.890094,On or near Supermarket,E01013497,Derby 026B,Shoplifting,Awaiting court outcome,
496283eb57264f38ff75251c21a880f6749a7b4e16defde76174dd475c245337,2021-06,Derbyshire Constabulary,Derbyshire Constabulary,-1.452281,52.890094,On or near Supermarket,E01013497,Derby 026B,Shoplifting,Investigation complete; no suspect identified,
8f5657cc3f598972cc717df6cd854bfa4d8ffbaaaf59cdf2a02a1169f69c6827,2021-06,Derbyshire Constabulary,Derbyshire Constabulary,-1.452281,52.890094,On or near Supermarket,E01013497,Derby 026B,Shoplifting,Awaiting court outcome,
906b73c13caaa41e90ee96aa1683f59c7e221cc4bf58be56dd09706c302e0a25,2021-06,Derbyshire Constabulary,Derbyshire Constabulary,-1.452281,52.890094,On or near Supermarket,E01013497,Derby 026B,Shoplifting,Investigation complete; no suspect identified,
80cbaa959db3ee2650f220e122e4efaa2d2fe117ad47be9fdb289ae7922f77fc,2021-06,Derbyshire Constabulary,Derbyshire Constabulary,-1.452281,52.890094,On or near Supermarket,E01013497,Derby 026B,Shoplifting,Investigation complete; no suspect identified,
4b0b8f9174a4016abe8bc0f67efd8d415880e672ec7dfc9d9522fad50b9bc714,2021-06,Derbyshire Constabulary,Derbyshire Constabulary,-1.455503,52.889201,On or near Lord Street,E01013497,Derby 026B,Violence and sexual offences,Unable to prosecute suspect,
72f3a4a26aad70e89bd6f2cac967723c92ee2e7d1c190a4682a4bf816d3f2732,2021-06,Derbyshire Constabulary,Derbyshire Constabulary,-1.453259,52.891528,On or near Osmaston Park Road,E01013497,Derby 026B,Violence and sexual offences,Investigation complete; no suspect identified,
8de7d50e1c4e4eb6e94e527dc1a0cbdd7ceacda3fbb0fad58bda980488e54d67,2021-06,Derbyshire Constabulary,Derbyshire Constabulary,-1.451597,52.885452,On or near Sinfin Fields Crescent,E01013497,Derby 026B,Violence and sexual offences,Unable to prosecute suspect,
b60863eea6cda87a3acac0dfc9e5036e189142a2a1f9f1b517e24442ccb43d9a,2021-06,Derbyshire Constabulary,Derbyshire Constabulary,-1.453913,52.889202,On or near Carter Street,E01013497,Derby 026B,Violence and sexual offences,Unable to prosecute suspect,
2cb0cba930e357ffbe6a50e8cac39bfa3a53ec74008645dd4b412d2225b87ec5,2021-06,Derbyshire Constabulary,Derbyshire Constabulary,-1.454312,52.888179,On or near Brookhouse Street,E01013497,Derby 026B,Violence and sexual offences,Unable to prosecute suspect,
ca187314c353ba23b03fefeb6f23c9c5dde3295e3164a4b5b0dd647640138862,2021-06,Derbyshire Constabulary,Derbyshire Constabulary,-1.454939,52.887931,On or near Bennett Street,E01013497,Derby 026B,Violence and sexual offences,Unable to prosecute suspect,
611324ae317859f848f7875beb85dcf5b53cef06b2ee8463d7587c5313999d60,2021-06,Derbyshire Constabulary,Derbyshire Constabulary,-1.453259,52.891528,On or near Osmaston Park Road,E01013497,Derby 026B,Violence and sexual offences,Investigation complete; no suspect identified,
0a6861e0a6ac36263a9bad4d57e64bb43aecb59f4a497dfaf75a60149f13a6cc,2021-06,Derbyshire Constabulary,Derbyshire Constabulary,-1.451597,52.885452,On or near Sinfin Fields Crescent,E01013497,Derby 026B,Violence and sexual offences,Unable to prosecute suspect,
2d454fb64afa0ff240e567a4ca53b7827a4a1b4351c78cfdeb3322a49ae6353e,2021-06,Derbyshire Constabulary,Derbyshire Constabulary,-1.455503,52.889201,On or near Lord Street,E01013497,Derby 026B,Violence and sexual offences,Unable to prosecute suspect,
76e82b6572f65b4e6448dce67fd6f6d78d7053a47445f608e9d8fa71ea7960f1,2021-06,Derbyshire Constabulary,Derbyshire Constabulary,-1.453913,52.889202,On or near Carter Street,E01013497,Derby 026B,Violence and sexual offences,Unable to prosecute suspect,
1b1834bd8738c3d335657542d4fbb1ab5dad64d5b0026cf3a50c32c911ac03b5,2021-06,Derbyshire Constabulary,Derbyshire Constabulary,-1.455503,52.889201,On or near Lord Street,E01013497,Derby 026B,Violence and sexual offences,Unable to prosecute suspect,
85366d229fcc7d9e3df8bd0d089cd6c275d77607b360f9f28a2582c0f72e9556,2021-06,Derbyshire Constabulary,Derbyshire Constabulary,-1.454312,52.888179,On or near Brookhouse Street,E01013497,Derby 026B,Violence and sexual offences,Status update unavailable,
,2021-06,Derbyshire Constabulary,Derbyshire Constabulary,-1.450990,52.891131,On or near Turner Street,E01013504,Derby 026C,Anti-social behaviour,,
,2021-06,Derbyshire Constabulary,Derbyshire Constabulary,-1.447916,52.890892,On or near Bentley Street,E01013504,Derby 026C,Anti-social behaviour,,
,2021-06,Derbyshire Constabulary,Derbyshire Constabulary,-1.450990,52.891131,On or near Turner Street,E01013504,Derby 026C,Anti-social behaviour,,
,2021-06,Derbyshire Constabulary,Derbyshire Constabulary,-1.446810,52.891399,On or near Ashby Street,E01013504,Derby 026C,Anti-social behaviour,,
,2021-06,Derbyshire Constabulary,Derbyshire Constabulary,-1.451859,52.890577,On or near Osmaston Road,E01013504,Derby 026C,Anti-social behaviour,,
,2021-06,Derbyshire Constabulary,Derbyshire Constabulary,-1.449929,52.888042,On or near New Victoria Court,E01013504,Derby 026C,Anti-social behaviour,,
14531418f3b4300321ff4e7d727b70fc8859c77a60bd164ebe70b7f3c489c093,2021-06,Derbyshire Constabulary,Derbyshire Constabulary,-1.445658,52.890836,On or near Penalton Close,E01013504,Derby 026C,Criminal damage and arson,Investigation complete; no suspect identified,
131ff6cdaa541c85b5e37bca1fe78cf541cd5c37a333adfe5b0b6a5dbc1a7cec,2021-06,Derbyshire Constabulary,Derbyshire Constabulary,-1.449929,52.888042,On or near New Victoria Court,E01013504,Derby 026C,Criminal damage and arson,Unable to prosecute suspect,
ea9189e9721e2c4518bf45d64d5776b97d670054cef71d30bdfb39f717c2d581,2021-06,Derbyshire Constabulary,Derbyshire Constabulary,-1.451958,52.889823,On or near Shopping Area,E01013504,Derby 026C,Drugs,Local resolution,
bfe7ca182197984461477da894b8ae656dcdcd7585d64a98cae8e79622cf33eb,2021-06,Derbyshire Constabulary,Derbyshire Constabulary,-1.451958,52.889823,On or near Shopping Area,E01013504,Derby 026C,Public order,Unable to prosecute suspect,
47f596f4c5832a06f2a3848c43841e4a58b79e0b87db161715696f2ce0a6aa8e,2021-06,Derbyshire Constabulary,Derbyshire Constabulary,-1.449003,52.890789,On or near Cockayne Street South,E01013504,Derby 026C,Public order,Unable to prosecute suspect,
d58ff9055b578e1318db9fb6d51a634c710ab722a9c17c5b01def54007794739,2021-06,Derbyshire Constabulary,Derbyshire Constabulary,-1.451859,52.890577,On or near Osmaston Road,E01013504,Derby 026C,Shoplifting,Investigation complete; no suspect identified,
70c3a96e228cd7dc82b6439b3d75420f28bd316923e822e7be80b4140633f50e,2021-06,Derbyshire Constabulary,Derbyshire Constabulary,-1.443967,52.885956,On or near Sports/Recreation Area,E01013504,Derby 026C,Theft from the person,Unable to prosecute suspect,
6df840b85f485aac57382d88a270488802327a42ff0d727361b35661cd3a6aa0,2021-06,Derbyshire Constabulary,Derbyshire Constabulary,-1.450081,52.890156,On or near Mellor Street,E01013504,Derby 026C,Vehicle crime,Status update unavailable,
963895015c24a16a6814ae2299e77eee6120d10c88bfafc258e02d150839cd73,2021-06,Derbyshire Constabulary,Derbyshire Constabulary,-1.446810,52.891399,On or near Ashby Street,E01013504,Derby 026C,Violence and sexual offences,Investigation complete; no suspect identified,
b7099a5031c31f9adedfe6071eaad4a5368e4e7b62ef76c7d3d4c122c4e945e4,2021-06,Derbyshire Constabulary,Derbyshire Constabulary,-1.449929,52.888042,On or near New Victoria Court,E01013504,Derby 026C,Violence and sexual offences,Status update unavailable,
f9d3a1c2491f8fdebcb6c0f67b03386b2f71d736915f26c9dbea3800fd941805,2021-06,Derbyshire Constabulary,Derbyshire Constabulary,-1.449929,52.888042,On or near New Victoria Court,E01013504,Derby 026C,Violence and sexual offences,Unable to prosecute suspect,
1121ee1026fc020be9933167484fb6a16c9f08f6390e8cbed4d65cae02e41579,2021-06,Derbyshire Constabulary,Derbyshire Constabulary,-1.450990,52.891131,On or near Turner Street,E01013504,Derby 026C,Violence and sexual offences,Offender given a caution,
39239f46e140ae28dfdfb8b48dc443d3aa51e4236488ed9c494dd695f56d1831,2021-06,Derbyshire Constabulary,Derbyshire Constabulary,-1.447916,52.890892,On or near Bentley Street,E01013504,Derby 026C,Violence and sexual offences,Unable to prosecute suspect,
da0d385d04a17ed84df71b8d84827758ac63b07aa67867a18784aa35603d8a78,2021-06,Derbyshire Constabulary,Derbyshire Constabulary,-1.448607,52.889214,On or near Harrington Street,E01013504,Derby 026C,Violence and sexual offences,Investigation complete; no suspect identified,
29d7298bd6b6826f257a7d008002e55a70325cf16f5905603e9b5162fa4cf37f,2021-06,Derbyshire Constabulary,Derbyshire Constabulary,-1.447916,52.890892,On or near Bentley Street,E01013504,Derby 026C,Violence and sexual offences,Status update unavailable,
24d2289daac99367fb8b2dcfd12138e07cd3adccffcc37e2dd066ca9bf038dec,2021-06,Derbyshire Constabulary,Derbyshire Constabulary,-1.449919,52.891171,On or near Fisher Street,E01013504,Derby 026C,Violence and sexual offences,Unable to prosecute suspect,
b41bb3f48bab777f0925e362f9d4277a7ca1f20d0c196ed3070083fa0ca1126b,2021-06,Derbyshire Constabulary,Derbyshire Constabulary,-1.439975,52.886602,On or near Corby Close,E01013504,Derby 026C,Violence and sexual offences,Unable to prosecute suspect,
cfe18eaef60e5e01e05d9a3060b53f91afe7eee7ad65fa874519d4894340b31e,2021-06,Derbyshire Constabulary,Derbyshire Constabulary,-1.449560,52.889056,On or near Poole Street,E01013504,Derby 026C,Violence and sexual offences,Unable to prosecute suspect,
d1e59b395ac60cc8f3c9ad23ae87212f1232111860a47073de29d11113b5daa4,2021-06,Derbyshire Constabulary,Derbyshire Constabulary,-1.447916,52.890892,On or near Bentley Street,E01013504,Derby 026C,Violence and sexual offences,Unable to prosecute suspect,
fe210ef7269c375c840c942869f61959cdfaa4c9394382291d748bcfc68a55de,2021-06,Derbyshire Constabulary,Derbyshire Constabulary,-1.450990,52.891131,On or near Turner Street,E01013504,Derby 026C,Violence and sexual offences,Unable to prosecute suspect,
34e7922bbaa91a920ad20365f74727b7400b68c616e37e374cd34f9ce868209f,2021-06,Derbyshire Constabulary,Derbyshire Constabulary,-1.447916,52.890892,On or near Bentley Street,E01013504,Derby 026C,Violence and sexual offences,Unable to prosecute suspect,
1416f9793ab000ac3f72ae0e0ef04a8001ef073997a60fcf40a3e26c13984147,2021-06,Derbyshire Constabulary,Derbyshire Constabulary,-1.448390,52.889905,On or near Upper Moor Road,E01013504,Derby 026C,Violence and sexual offences,Unable to prosecute suspect,
6b34c98bae7fbd237e21e03dd0a48118782b5a3e4ce0656713a9eedbd8b01cc4,2021-06,Derbyshire Constabulary,Derbyshire Constabulary,-1.452943,52.889522,On or near Flint Street,E01013504,Derby 026C,Violence and sexual offences,Unable to prosecute suspect,
0f78b3bdb5426443e7b0c9c0f7e66b302b93a46c1517c158d7df33bb9c13d47f,2021-06,Derbyshire Constabulary,Derbyshire Constabulary,-1.441973,52.886099,On or near Lansdowne Avenue,E01013504,Derby 026C,Violence and sexual offences,Unable to prosecute suspect,
0315c4e88f4ec843e70b4849d82408037f45236884ed762b47ed0e410b37f0b8,2021-06,Derbyshire Constabulary,Derbyshire Constabulary,-1.449003,52.890789,On or near Cockayne Street South,E01013504,Derby 026C,Violence and sexual offences,Unable to prosecute suspect,
9a4d6d3285aec3f6ca91e01aeabc3b6b962402ccd5b9b942ddf6aee7842da8ea,2021-06,Derbyshire Constabulary,Derbyshire Constabulary,-1.449560,52.889056,On or near Poole Street,E01013504,Derby 026C,Violence and sexual offences,Further investigation is not in the public interest,
e74a914a9b763bbfdf366f8c1c944fdc9369af0e2f0db480a47e3982391fe54b,2021-06,Derbyshire Constabulary,Derbyshire Constabulary,-1.449560,52.889056,On or near Poole Street,E01013504,Derby 026C,Other crime,Status update unavailable,
9266c40dfe1e2b976a48c8f8509417789ad5489d0f6d2e0e23c54782e8aed7b4,2021-06,Derbyshire Constabulary,Derbyshire Constabulary,-1.446810,52.891399,On or near Ashby Street,E01013504,Derby 026C,Other crime,Further investigation is not in the public interest,
,2021-06,Derbyshire Constabulary,Derbyshire Constabulary,-1.459811,52.891728,On or near Parking Area,E01013583,Derby 026D,Anti-social behaviour,,
,2021-06,Derbyshire Constabulary,Derbyshire Constabulary,-1.453331,52.891717,On or near Osmaston Road,E01013583,Derby 026D,Anti-social behaviour,,
,2021-06,Derbyshire Constabulary,Derbyshire Constabulary,-1.455987,52.893248,On or near Adrian Street,E01013583,Derby 026D,Anti-social behaviour,,
,2021-06,Derbyshire Constabulary,Derbyshire Constabulary,-1.453367,52.891267,On or near Lord Street,E01013583,Derby 026D,Anti-social behaviour,,
,2021-06,Derbyshire Constabulary,Derbyshire Constabulary,-1.463075,52.888651,On or near Sports/Recreation Area,E01013583,Derby 026D,Anti-social behaviour,,
08480208333efd47730c31242f107ace1eb59c81c6f569b8b80a0a892fecee15,2021-06,Derbyshire Constabulary,Derbyshire Constabulary,-1.453331,52.891717,On or near Osmaston Road,E01013583,Derby 026D,Bicycle theft,Investigation complete; no suspect identified,
b212e31b3d32205f9bac40254f43d1256064b66d9490e039e4b1361d5f87eea9,2021-06,Derbyshire Constabulary,Derbyshire Constabulary,-1.455987,52.893248,On or near Adrian Street,E01013583,Derby 026D,Burglary,Investigation complete; no suspect identified,
cd0f3741c1c8ab84e6903605d64ae6c6a00f531acf59a016e7d8e3ccdab91377,2021-06,Derbyshire Constabulary,Derbyshire Constabulary,-1.454486,52.894419,On or near Ascot Drive,E01013583,Derby 026D,Drugs,Status update unavailable,
9782e35b359749c7b2814ee16a3c78c8737d2b6ed110db057a835fdb8d301e70,2021-06,Derbyshire Constabulary,Derbyshire Constabulary,-1.454486,52.894419,On or near Ascot Drive,E01013583,Derby 026D,Drugs,Offender given a drugs possession warning,
0c5015489edba209ec426c7486973657f753ceef2bf4e821aad8b017cd7a875a,2021-06,Derbyshire Constabulary,Derbyshire Constabulary,-1.455970,52.889913,On or near Sports/Recreation Area,E01013583,Derby 026D,Public order,Status update unavailable,
deb90eb06ba7e5ede4f5faa562d316a710c1002b98b3c295c0925ea74286e9ed,2021-06,Derbyshire Constabulary,Derbyshire Constabulary,-1.457502,52.894594,On or near Tower Street,E01013583,Derby 026D,Vehicle crime,Investigation complete; no suspect identified,
1a5f5616e24358ab5b818acef555ec1554c0e5186a1c0f3a3e0af23f055dae4b,2021-06,Derbyshire Constabulary,Derbyshire Constabulary,-1.456547,52.893655,On or near Campbell Street,E01013583,Derby 026D,Violence and sexual offences,Unable to prosecute suspect,
636eeaefb77df315118b124c8395493b76fb98fd5495a80b0f02dff8533a5c23,2021-06,Derbyshire Constabulary,Derbyshire Constabulary,-1.453331,52.891717,On or near Osmaston Road,E01013583,Derby 026D,Violence and sexual offences,Unable to prosecute suspect,
67b679e8194a2410a618ba14668443211fc4047ec574cecc775429d2bb31a456,2021-06,Derbyshire Constabulary,Derbyshire Constabulary,-1.455987,52.893248,On or near Adrian Street,E01013583,Derby 026D,Violence and sexual offences,Unable to prosecute suspect,
353701ba5f93cffa8ab9aa38e9a9a5553f79771f03179c937de00daa375a41aa,2021-06,Derbyshire Constabulary,Derbyshire Constabulary,-1.455987,52.893248,On or near Adrian Street,E01013583,Derby 026D,Violence and sexual offences,Investigation complete; no suspect identified,
af32e156431b7c21c60b827abd9759e461cb91ea503dea72a87cd8f8bc40b307,2021-06,Derbyshire Constabulary,Derbyshire Constabulary,-1.453367,52.891267,On or near Lord Street,E01013583,Derby 026D,Violence and sexual offences,Status update unavailable,
5f8f495c4bb61e8c0dc5e065b49f2f5c28b9df26d9fb77f098319a08e5c9ce84,2021-06,Derbyshire Constabulary,Derbyshire Constabulary,-1.457202,52.891204,On or near Sports/Recreation Area,E01013583,Derby 026D,Violence and sexual offences,Unable to prosecute suspect,
e67b386fbf1f8f7474b382de79f48a20630a1f02cecc87da1a8e7b88d7a2432f,2021-06,Derbyshire Constabulary,Derbyshire Constabulary,-1.456547,52.893655,On or near Campbell Street,E01013583,Derby 026D,Violence and sexual offences,Unable to prosecute suspect,
5776bc184cc92498adc1bff9688e7168c1082162427fc02b9180ef0310402a6e,2021-06,Derbyshire Constabulary,Derbyshire Constabulary,-1.454486,52.894419,On or near Ascot Drive,E01013583,Derby 026D,Violence and sexual offences,Unable to prosecute suspect,
e879ee8ebe2e5bfa910d7185dd7ea4973a43c98e83e3f18eac70dd5a5c0d151c,2021-06,Derbyshire Constabulary,Derbyshire Constabulary,-1.456547,52.893655,On or near Campbell Street,E01013583,Derby 026D,Violence and sexual offences,Unable to prosecute suspect,
683fe9051a27ace271899a32c4b2f0f935450960bb5a819363c8ff57f330010a,2021-06,Derbyshire Constabulary,Derbyshire Constabulary,-1.453331,52.891717,On or near Osmaston Road,E01013583,Derby 026D,Violence and sexual offences,Unable to prosecute suspect,
5b39d66a57e4496761bca603704ae8b87b5f3b503ce32479102829efe1b542d6,2021-06,Derbyshire Constabulary,Derbyshire Constabulary,-1.455970,52.889913,On or near Sports/Recreation Area,E01013583,Derby 026D,Violence and sexual offences,Status update unavailable,
35a1b14026424c32e9db6a0069828afac7e4443ce892b879471b2a0bf0f2a348,2021-06,Derbyshire Constabulary,Derbyshire Constabulary,-1.456547,52.893655,On or near Campbell Street,E01013583,Derby 026D,Violence and sexual offences,Unable to prosecute suspect,
c33862639f4c22c2151d4a5c581a6a9309c7e2949c1399b576731d403d6e9ed2,2021-06,Derbyshire Constabulary,Derbyshire Constabulary,-1.455987,52.893248,On or near Adrian Street,E01013583,Derby 026D,Violence and sexual offences,Investigation complete; no suspect identified,
5d7ce6aeb1c84b134df28e27095617b83c5604c6d9c7b5de601238cd17db7ad6,2021-06,Derbyshire Constabulary,Derbyshire Constabulary,-1.454973,52.892345,On or near Peveril Street,E01013583,Derby 026D,Violence and sexual offences,Unable to prosecute suspect,
,2021-06,Derbyshire Constabulary,Derbyshire Constabulary,-1.466596,52.899652,On or near Crowshaw Street,E01013590,Derby 026E,Anti-social behaviour,,
,2021-06,Derbyshire Constabulary,Derbyshire Constabulary,-1.463898,52.903838,On or near Russell Street,E01013590,Derby 026E,Anti-social behaviour,,
,2021-06,Derbyshire Constabulary,Derbyshire Constabulary,-1.462592,52.901234,On or near Hardwick Street,E01013590,Derby 026E,Anti-social behaviour,,
,2021-06,Derbyshire Constabulary,Derbyshire Constabulary,-1.462592,52.901234,On or near Hardwick Street,E01013590,Derby 026E,Anti-social behaviour,,
,2021-06,Derbyshire Constabulary,Derbyshire Constabulary,-1.467227,52.899106,On or near Glossop Street,E01013590,Derby 026E,Anti-social behaviour,,
,2021-06,Derbyshire Constabulary,Derbyshire Constabulary,-1.462592,52.901234,On or near Hardwick Street,E01013590,Derby 026E,Anti-social behaviour,,
,2021-06,Derbyshire Constabulary,Derbyshire Constabulary,-1.463979,52.903308,On or near Parking Area,E01013590,Derby 026E,Anti-social behaviour,,
,2021-06,Derbyshire Constabulary,Derbyshire Constabulary,-1.465544,52.896986,On or near Arkwright Street,E01013590,Derby 026E,Anti-social behaviour,,
d6d35368f1ca90d711aa0da7e4394102ccde77f527fa1851979ffa5b2bcc640a,2021-06,Derbyshire Constabulary,Derbyshire Constabulary,-1.465544,52.896986,On or near Arkwright Street,E01013590,Derby 026E,Bicycle theft,Investigation complete; no suspect identified,
ed5118ffd9750d76341747e3cd8107c476aba9f8050cc82360f08f282202d9d8,2021-06,Derbyshire Constabulary,Derbyshire Constabulary,-1.465544,52.896986,On or near Arkwright Street,E01013590,Derby 026E,Burglary,Investigation complete; no suspect identified,
219d928fb69a27414b7645c0db97c9d9118156046709b103be20b3c815ac650b,2021-06,Derbyshire Constabulary,Derbyshire Constabulary,-1.463898,52.903838,On or near Russell Street,E01013590,Derby 026E,Criminal damage and arson,Investigation complete; no suspect identified,
8f1b55dadafb5c64b28760b2420ca708d0a77f922f7787928768f714edc8d85d,2021-06,Derbyshire Constabulary,Derbyshire Constabulary,-1.463979,52.903308,On or near Parking Area,E01013590,Derby 026E,Criminal damage and arson,Unable to prosecute suspect,
64780e93252c3600562637a85f2a323b273e78494621ba5f29897d31c8c49a67,2021-06,Derbyshire Constabulary,Derbyshire Constabulary,-1.463898,52.903838,On or near Russell Street,E01013590,Derby 026E,Drugs,Awaiting court outcome,
676bc6b8a42371aad77f884c4b67cdefbf6cc29091de306e3a0dd71655d44a52,2021-06,Derbyshire Constabulary,Derbyshire Constabulary,-1.467227,52.899106,On or near Glossop Street,E01013590,Derby 026E,Drugs,Offender given a drugs possession warning,
c4147ffdce0d4af9b1ac46b177c1fc7f0524f3c7516a488285cc4bb2f34c7d39,2021-06,Derbyshire Constabulary,Derbyshire Constabulary,-1.468098,52.899596,On or near Elton Road,E01013590,Derby 026E,Other theft,Unable to prosecute suspect,
133c2c599287f49480a8b61f27941140d9f52ab9c2a765e52dc2c0ed23695db8,2021-06,Derbyshire Constabulary,Derbyshire Constabulary,-1.468098,52.899596,On or near Elton Road,E01013590,Derby 026E,Other theft,Investigation complete; no suspect identified,
a07f51dc81017b47d1664983311486a9b4ecc791c54a9d15312820616d893f1a,2021-06,Derbyshire Constabulary,Derbyshire Constabulary,-1.461500,52.896968,On or near Addison Road,E01013590,Derby 026E,Possession of weapons,Status update unavailable,
08aa83eb984a8b8a00a2c43d3c12863b5eb58b35b7b343ac9fe9171a926e00bb,2021-06,Derbyshire Constabulary,Derbyshire Constabulary,-1.467227,52.899106,On or near Glossop Street,E01013590,Derby 026E,Public order,Investigation complete; no suspect identified,
247b68312893174dd9c8f244cd7a6f95cb6543a562b692613ee8e173a1de0dfe,2021-06,Derbyshire Constabulary,Derbyshire Constabulary,-1.463898,52.903838,On or near Russell Street,E01013590,Derby 026E,Public order,Status update unavailable,
2b478a219b41436211b2277aa365af445d195f62df2695c6687ec84358f0dabd,2021-06,Derbyshire Constabulary,Derbyshire Constabulary,-1.462496,52.901818,On or near Handel Street,E01013590,Derby 026E,Public order,Status update unavailable,
50d04be0e4c3f9bfd689aae24c2810d0d2327a1fbeda796c6bd3a9ad88a328dd,2021-06,Derbyshire Constabulary,Derbyshire Constabulary,-1.462592,52.901234,On or near Hardwick Street,E01013590,Derby 026E,Public order,Further investigation is not in the public interest,
37633010ecd1b3ae0e4986b8cd5cf24ecd17950d3fbd4b9b1939930275f06edf,2021-06,Derbyshire Constabulary,Derbyshire Constabulary,-1.465544,52.896986,On or near Arkwright Street,E01013590,Derby 026E,Vehicle crime,Investigation complete; no suspect identified,
bd6a306684fb4464a1ce591f1f6f0e927c178473e3991d1a6f6312bbcceab604,2021-06,Derbyshire Constabulary,Derbyshire Constabulary,-1.466596,52.899652,On or near Crowshaw Street,E01013590,Derby 026E,Violence and sexual offences,Unable to prosecute suspect,
e34f436615d9c5960b30223a88b0fbf436e87d870dfb4a98d643f666140ddc65,2021-06,Derbyshire Constabulary,Derbyshire Constabulary,-1.467227,52.899106,On or near Glossop Street,E01013590,Derby 026E,Violence and sexual offences,Unable to prosecute suspect,
bd48c501d7ba4f4a5a53c35cae1dcd1d6965446e821335a15c358e0a945f6962,2021-06,Derbyshire Constabulary,Derbyshire Constabulary,-1.468098,52.899596,On or near Elton Road,E01013590,Derby 026E,Violence and sexual offences,Unable to prosecute suspect,
d4c9b1aae966ac89e650a142769f7cb4149221d84509e5faa31629e3eedb9510,2021-06,Derbyshire Constabulary,Derbyshire Constabulary,-1.465544,52.896986,On or near Arkwright Street,E01013590,Derby 026E,Violence and sexual offences,Unable to prosecute suspect,
f8f034c92bce7d94ad1aceb7febe54577a8501eb37da4da8a33e275b115a442d,2021-06,Derbyshire Constabulary,Derbyshire Constabulary,-1.462592,52.901234,On or near Hardwick Street,E01013590,Derby 026E,Violence and sexual offences,Unable to prosecute suspect,
0507c92cde16e4cd9c492f9a3e581321aaf874eb03fb56a37c5f7d49b4a5f886,2021-06,Derbyshire Constabulary,Derbyshire Constabulary,-1.463898,52.903838,On or near Russell Street,E01013590,Derby 026E,Violence and sexual offences,Awaiting court outcome,
421b4da505a5b1f6c0e465b7069cb6fac2ee020d4b868c323d2feccc38b17ed3,2021-06,Derbyshire Constabulary,Derbyshire Constabulary,-1.467227,52.899106,On or near Glossop Street,E01013590,Derby 026E,Violence and sexual offences,Unable to prosecute suspect,
d95800f4d36f8337653037bf4e6ea6825fbd169c28e900c5e751b2ddf5ebbb0c,2021-06,Derbyshire Constabulary,Derbyshire Constabulary,-1.467227,52.899106,On or near Glossop Street,E01013590,Derby 026E,Violence and sexual offences,Unable to prosecute suspect,
0bf8f7907f177eaf26769b5103ff3828f69bc3dc95bd025c3f039381a4d243b3,2021-06,Derbyshire Constabulary,Derbyshire Constabulary,-1.466596,52.899652,On or near Crowshaw Street,E01013590,Derby 026E,Violence and sexual offences,Unable to prosecute suspect,
aec570d3fef1ebed9b8e14471d43cbd520d36b52f79522a971f7dbb58680fb38,2021-06,Derbyshire Constabulary,Derbyshire Constabulary,-1.463898,52.903838,On or near Russell Street,E01013590,Derby 026E,Violence and sexual offences,Awaiting court outcome,
493d1580990468dcd902b8e93e3ad4a189f76f3ab19c24fe345342b2535effc5,2021-06,Derbyshire Constabulary,Derbyshire Constabulary,-1.463979,52.903308,On or near Parking Area,E01013590,Derby 026E,Violence and sexual offences,Unable to prosecute suspect,
02f1e71560da5044cd27d0afc9b96319390374a0146d1a657ce44eba1c81d5c5,2021-06,Derbyshire Constabulary,Derbyshire Constabulary,-1.464495,52.902447,On or near Cotton Lane,E01013590,Derby 026E,Violence and sexual offences,Unable to prosecute suspect,
22d6872a56e572b4712a77c7a6344dadff9fefddb5278bffa77b94cdaef1f61a,2021-06,Derbyshire Constabulary,Derbyshire Constabulary,-1.464495,52.902447,On or near Cotton Lane,E01013590,Derby 026E,Violence and sexual offences,Investigation complete; no suspect identified,
0e77187a4fc7feca98d63908887bfaf264e45f7119de88b7f2d257af88f10927,2021-06,Derbyshire Constabulary,Derbyshire Constabulary,-1.468098,52.899596,On or near Elton Road,E01013590,Derby 026E,Violence and sexual offences,Unable to prosecute suspect,
67d9db345fb924a0ae9676cd05592707a12b8d3f06b80aa990a0e28111c3143f,2021-06,Derbyshire Constabulary,Derbyshire Constabulary,-1.468098,52.899596,On or near Elton Road,E01013590,Derby 026E,Violence and sexual offences,Unable to prosecute suspect,
8aeca00a4bfb32ef4d6e6d41595edcb7ea7157f3abe56ae64b6b100c460f261d,2021-06,Derbyshire Constabulary,Derbyshire Constabulary,-1.466596,52.899652,On or near Crowshaw Street,E01013590,Derby 026E,Violence and sexual offences,Awaiting court outcome,
9aed0f0528268b545f9ce69027ff8b99fdb746fcfa49a62c17be5751871d2134,2021-06,Derbyshire Constabulary,Derbyshire Constabulary,-1.466596,52.899652,On or near Crowshaw Street,E01013590,Derby 026E,Violence and sexual offences,Awaiting court outcome,
2c86557fe5d9d9d33eafb31ce6e0812e1e97b6850ba8e07e341b6eece2fa20f1,2021-06,Derbyshire Constabulary,Derbyshire Constabulary,-1.462496,52.901818,On or near Handel Street,E01013590,Derby 026E,Violence and sexual offences,Unable to prosecute suspect,
a6eba7022d79719e3230ffed5e108848c49f7dfbf329619013f15b0e7d202797,2021-06,Derbyshire Constabulary,Derbyshire Constabulary,-1.465463,52.899889,On or near Witney Close,E01013590,Derby 026E,Violence and sexual offences,Unable to prosecute suspect,
98f02ac59f6670f1db8a7840fa471e4d4c33f37dc53e395e3d94767128daf986,2021-06,Derbyshire Constabulary,Derbyshire Constabulary,-1.467227,52.899106,On or near Glossop Street,E01013590,Derby 026E,Violence and sexual offences,Unable to prosecute suspect,
b50c1d8995222b6da154b5a48edb67710d4ccdd8b4808a0e4cdf679a5799bd4f,2021-06,Derbyshire Constabulary,Derbyshire Constabulary,-1.461500,52.896968,On or near Addison Road,E01013590,Derby 026E,Violence and sexual offences,Status update unavailable,
25c07871d6a32c2e1d6db657f1f36d5680f647c69e6ae3196d88cfd2676b4204,2021-06,Derbyshire Constabulary,Derbyshire Constabulary,-1.462496,52.901818,On or near Handel Street,E01013590,Derby 026E,Violence and sexual offences,Unable to prosecute suspect,
08c6bd238b6b9cbdbfaeaf68e6c30e87781cc7eb0e740a1edd9e1286ba347518,2021-06,Derbyshire Constabulary,Derbyshire Constabulary,-1.462496,52.901818,On or near Handel Street,E01013590,Derby 026E,Violence and sexual offences,Investigation complete; no suspect identified,
3ac79920a23023498a7e4c8afd1e9e6e203af2bdf7b648ae91106631924159ff,2021-06,Derbyshire Constabulary,Derbyshire Constabulary,-1.462496,52.901818,On or near Handel Street,E01013590,Derby 026E,Other crime,Investigation complete; no suspect identified,
,2021-06,Derbyshire Constabulary,Derbyshire Constabulary,-1.460163,52.900486,On or near Gresham Road,E01013591,Derby 026F,Anti-social behaviour,,
,2021-06,Derbyshire Constabulary,Derbyshire Constabulary,-1.459008,52.895338,On or near Durward Close,E01013591,Derby 026F,Anti-social behaviour,,
,2021-06,Derbyshire Constabulary,Derbyshire Constabulary,-1.457982,52.896583,On or near Tennyson Street,E01013591,Derby 026F,Anti-social behaviour,,
,2021-06,Derbyshire Constabulary,Derbyshire Constabulary,-1.457967,52.897824,On or near Supermarket,E01013591,Derby 026F,Anti-social behaviour,,
c83ae48300b67fe53dd1ffa8ef14824ab71f171fe48f119023b4c739c5dc5d80,2021-06,Derbyshire Constabulary,Derbyshire Constabulary,-1.460163,52.900486,On or near Gresham Road,E01013591,Derby 026F,Criminal damage and arson,Investigation complete; no suspect identified,
ae3f506b7b6e105af16b232aaee264ddcf98e9bffcae4301c391cb1a03f244af,2021-06,Derbyshire Constabulary,Derbyshire Constabulary,-1.458360,52.898500,On or near Ashwood Close,E01013591,Derby 026F,Criminal damage and arson,Unable to prosecute suspect,
2cfaa774ff1e8eea4029eeea5a1573a79cf2ca47f6dcccea6b187ed3926e5dc7,2021-06,Derbyshire Constabulary,Derbyshire Constabulary,-1.457982,52.896583,On or near Tennyson Street,E01013591,Derby 026F,Criminal damage and arson,Investigation complete; no suspect identified,
90c75782aec5be87bf381cae8f15b5102f9a7238db9a3ce0e1e52b5b5dc362dd,2021-06,Derbyshire Constabulary,Derbyshire Constabulary,-1.463779,52.896628,On or near Walnut Street,E01013591,Derby 026F,Drugs,Status update unavailable,
eaee79162db86db502a931c90ed8f462fec2e834c09dbef4ce6544f0e451c1e3,2021-06,Derbyshire Constabulary,Derbyshire Constabulary,-1.463779,52.896628,On or near Walnut Street,E01013591,Derby 026F,Other theft,Investigation complete; no suspect identified,
f86d298330bdba93e4301cd8666d8f04658d33df887891f8d1f134baab013712,2021-06,Derbyshire Constabulary,Derbyshire Constabulary,-1.459008,52.895338,On or near Durward Close,E01013591,Derby 026F,Other theft,Investigation complete; no suspect identified,
afe64a7885bc5355f71d3fd6c73737bac5887a08512da8618fa3febb35a20164,2021-06,Derbyshire Constabulary,Derbyshire Constabulary,-1.457982,52.896583,On or near Tennyson Street,E01013591,Derby 026F,Other theft,Unable to prosecute suspect,
8faa6fb21ffa1d22bd93018237e6b4231bc5fce9bc3170dfcc72fdc54f5ec063,2021-06,Derbyshire Constabulary,Derbyshire Constabulary,-1.460452,52.901161,On or near Grosvenor Street,E01013591,Derby 026F,Possession of weapons,Status update unavailable,
8faa6fb21ffa1d22bd93018237e6b4231bc5fce9bc3170dfcc72fdc54f5ec063,2021-06,Derbyshire Constabulary,Derbyshire Constabulary,-1.458064,52.899595,On or near Osmaston Road,E01013591,Derby 026F,Possession of weapons,Status update unavailable,
8bae250711dacc02e2ff56c7db07fd4119f50497fbea71fae32fa14f23339acb,2021-06,Derbyshire Constabulary,Derbyshire Constabulary,-1.458857,52.897990,On or near Mowbray Street,E01013591,Derby 026F,Robbery,Investigation complete; no suspect identified,
38e0e37c397bef2869b6f94f3fbbb759de5ef87ca05697d3681c577d53b5c61c,2021-06,Derbyshire Constabulary,Derbyshire Constabulary,-1.458360,52.898500,On or near Ashwood Close,E01013591,Derby 026F,Violence and sexual offences,Unable to prosecute suspect,
88b2c730c3dabe91fe2a3bf7c81dae5bd2f52699f583372e2b94c6fcbc40219d,2021-06,Derbyshire Constabulary,Derbyshire Constabulary,-1.458360,52.898500,On or near Ashwood Close,E01013591,Derby 026F,Violence and sexual offences,Unable to prosecute suspect,
f74642694f909f6d0bcaa4d5a89851ec7509569134b234ecc3571387fb969c02,2021-06,Derbyshire Constabulary,Derbyshire Constabulary,-1.461381,52.895781,On or near Marlborough Road,E01013591,Derby 026F,Violence and sexual offences,Unable to prosecute suspect,
84d413a4ea1749f359c8dadac900080bd666c3ad7c96ddebcf1c900a120ba1fd,2021-06,Derbyshire Constabulary,Derbyshire Constabulary,-1.458064,52.899595,On or near Osmaston Road,E01013591,Derby 026F,Violence and sexual offences,Unable to prosecute suspect,
bf6033ecf221aad220d34b77c3c30199eb34d8f69a13bf845b5f1b9226a92ef7,2021-06,Derbyshire Constabulary,Derbyshire Constabulary,-1.457982,52.896583,On or near Tennyson Street,E01013591,Derby 026F,Violence and sexual offences,Status update unavailable,
877d7722a75ba4314f8a37cd4aecfc58cc0fc5e52972dd975c0dbeabb8d48dbc,2021-06,Derbyshire Constabulary,Derbyshire Constabulary,-1.459623,52.896141,On or near Amber Street,E01013591,Derby 026F,Violence and sexual offences,Unable to prosecute suspect,
0cea223f8a4fd17029bfc193553ae939f82b4ce9c1b2608a884cced6e4bb7672,2021-06,Derbyshire Constabulary,Derbyshire Constabulary,-1.460452,52.901161,On or near Grosvenor Street,E01013591,Derby 026F,Violence and sexual offences,Unable to prosecute suspect,
fa456b016b694633637382a948d0d89e8b6f5db2d8efe203d0c1216ab8c83d3a,2021-06,Derbyshire Constabulary,Derbyshire Constabulary,-1.459623,52.896141,On or near Amber Street,E01013591,Derby 026F,Violence and sexual offences,Unable to prosecute suspect,
bebaf0ff7fa209129641db13401790d9f7e37e6c693111ceacf43a7f89a521d9,2021-06,Derbyshire Constabulary,Derbyshire Constabulary,-1.460452,52.901161,On or near Grosvenor Street,E01013591,Derby 026F,Violence and sexual offences,Unable to prosecute suspect,
8f9ac69ee61cd68df93d2d5adc311801e02cac3e757ceb7fc9593f95ecc1ee2d,2021-06,Derbyshire Constabulary,Derbyshire Constabulary,-1.458360,52.898500,On or near Ashwood Close,E01013591,Derby 026F,Violence and sexual offences,Unable to prosecute suspect,
eff038a27abe47b7b2b5afa6a1f70bd4e6c132992a4374ee4c9f6d2d84d8a057,2021-06,Derbyshire Constabulary,Derbyshire Constabulary,-1.457982,52.896583,On or near Tennyson Street,E01013591,Derby 026F,Violence and sexual offences,Investigation complete; no suspect identified,
8396ef0eb08f879c07ef779e67e47167ee569d480873770bae375c1e511a98d3,2021-06,Derbyshire Constabulary,Derbyshire Constabulary,-1.460510,52.897745,On or near Nightingale Road,E01013591,Derby 026F,Violence and sexual offences,Unable to prosecute suspect,
d2a29abdb370ccc66478d82e4c83384d985cc05ca3b528bdd1abdfd7d77ecf65,2021-06,Derbyshire Constabulary,Derbyshire Constabulary,-1.460452,52.901161,On or near Grosvenor Street,E01013591,Derby 026F,Violence and sexual offences,Unable to prosecute suspect,
,2021-06,Derbyshire Constabulary,Derbyshire Constabulary,-1.499203,52.887568,On or near Supermarket,E01013492,Derby 027A,Anti-social behaviour,,
,2021-06,Derbyshire Constabulary,Derbyshire Constabulary,-1.499203,52.887568,On or near Supermarket,E01013492,Derby 027A,Anti-social behaviour,,
,2021-06,Derbyshire Constabulary,Derbyshire Constabulary,-1.498820,52.888564,On or near Supermarket,E01013492,Derby 027A,Anti-social behaviour,,
b3088f78a742e525d1326a5f78ea00d1a17085486b011c761754c199fb0d17be,2021-06,Derbyshire Constabulary,Derbyshire Constabulary,-1.510127,52.891488,On or near Garfield Close,E01013492,Derby 027A,Burglary,Unable to prosecute suspect,
fd8729b5100c9b6ed9e8010743a63dc5b1e45a5a4c93354f5b64add9b4ee3f87,2021-06,Derbyshire Constabulary,Derbyshire Constabulary,-1.504760,52.891583,On or near Kegworth Avenue,E01013492,Derby 027A,Criminal damage and arson,Investigation complete; no suspect identified,
818adeac7e8905f4f07e56f85981e487483695d8d61e38e60bd5f2aa9fe280d8,2021-06,Derbyshire Constabulary,Derbyshire Constabulary,-1.504760,52.891583,On or near Kegworth Avenue,E01013492,Derby 027A,Other theft,Unable to prosecute suspect,
18310ffceb466c61a332a374a0c66cd27fd10a5778048eb5d7d0b0e3cdb4bdd3,2021-06,Derbyshire Constabulary,Derbyshire Constabulary,-1.499203,52.887568,On or near Supermarket,E01013492,Derby 027A,Shoplifting,Awaiting court outcome,
0c03e8449c81c3e38b8768feeab10368e314661ff40d4a983a7d28e41be75846,2021-06,Derbyshire Constabulary,Derbyshire Constabulary,-1.509470,52.893085,On or near Heather Crescent,E01013492,Derby 027A,Vehicle crime,Status update unavailable,
c706d85e24945369310d9b0a8ba5f28138a78ea84da292c85df6b42b9281eb82,2021-06,Derbyshire Constabulary,Derbyshire Constabulary,-1.502516,52.891528,On or near Gayton Avenue,E01013492,Derby 027A,Violence and sexual offences,Investigation complete; no suspect identified,
,2021-06,Derbyshire Constabulary,Derbyshire Constabulary,-1.491223,52.888775,On or near Coleridge Street,E01013493,Derby 027B,Anti-social behaviour,,
,2021-06,Derbyshire Constabulary,Derbyshire Constabulary,-1.495688,52.888173,On or near Donington Close,E01013493,Derby 027B,Anti-social behaviour,,
,2021-06,Derbyshire Constabulary,Derbyshire Constabulary,-1.495688,52.888173,On or near Donington Close,E01013493,Derby 027B,Anti-social behaviour,,
,2021-06,Derbyshire Constabulary,Derbyshire Constabulary,-1.491223,52.888775,On or near Coleridge Street,E01013493,Derby 027B,Anti-social behaviour,,
,2021-06,Derbyshire Constabulary,Derbyshire Constabulary,-1.491223,52.888775,On or near Coleridge Street,E01013493,Derby 027B,Anti-social behaviour,,
,2021-06,Derbyshire Constabulary,Derbyshire Constabulary,-1.492936,52.889726,On or near Staunton Avenue,E01013493,Derby 027B,Anti-social behaviour,,
38ef0f774af3b3c5a87467a946943f6265bc08753863306ef03e74965ece975d,2021-06,Derbyshire Constabulary,Derbyshire Constabulary,-1.495688,52.888173,On or near Donington Close,E01013493,Derby 027B,Other theft,Investigation complete; no suspect identified,
4244beb35dc547898c38e85e0dc186f42d78bb7698ae673211dd23f12ea05f41,2021-06,Derbyshire Constabulary,Derbyshire Constabulary,-1.492936,52.889726,On or near Staunton Avenue,E01013493,Derby 027B,Public order,Unable to prosecute suspect,
c2e3dc3e1fe0f0182bb95f48784be94faac5c331b6018d59e79d0d522467bffc,2021-06,Derbyshire Constabulary,Derbyshire Constabulary,-1.492936,52.889726,On or near Staunton Avenue,E01013493,Derby 027B,Public order,Unable to prosecute suspect,
204532e156e0888884f6eaf9fff97b1e924867e211c7a4f937669cb8e77927fc,2021-06,Derbyshire Constabulary,Derbyshire Constabulary,-1.491651,52.887770,On or near Roseheath Close,E01013493,Derby 027B,Violence and sexual offences,Status update unavailable,
3785210eb020d9f2c0b000b8ccdc62e0e71eacd2bc204c6f64c70b39b4ac9797,2021-06,Derbyshire Constabulary,Derbyshire Constabulary,-1.493535,52.890591,On or near Bradgate Court,E01013493,Derby 027B,Violence and sexual offences,Unable to prosecute suspect,
19a379a94a70406d0328716716b0a06ba0a7441791e3ea0f77b8f92ce6d60527,2021-06,Derbyshire Constabulary,Derbyshire Constabulary,-1.496862,52.889518,On or near Bideford Drive,E01013493,Derby 027B,Violence and sexual offences,Local resolution,
,2021-06,Derbyshire Constabulary,Derbyshire Constabulary,-1.507449,52.886407,On or near Bendall Green,E01013494,Derby 027C,Anti-social behaviour,,
,2021-06,Derbyshire Constabulary,Derbyshire Constabulary,-1.501871,52.888146,On or near Marston Close,E01013494,Derby 027C,Anti-social behaviour,,
b7662b960d0bf8589e475d21dcafd7b1c762cb4707eef2755431bbfd4b9f9833,2021-06,Derbyshire Constabulary,Derbyshire Constabulary,-1.506509,52.888129,On or near Bowbridge Avenue,E01013494,Derby 027C,Burglary,Investigation complete; no suspect identified,
a05852f21c304f17cb2b3dfc1bcca030042acee9feb2e6c1b490b3c140dfe44b,2021-06,Derbyshire Constabulary,Derbyshire Constabulary,-1.510576,52.885907,On or near Havenwood Grove,E01013494,Derby 027C,Criminal damage and arson,Unable to prosecute suspect,
2a6bba60cadbd116c27c74b49db0521a84006be92ba1219068c6ceb5e69380db,2021-06,Derbyshire Constabulary,Derbyshire Constabulary,-1.505139,52.888348,On or near Hartshorne Road,E01013494,Derby 027C,Other theft,Unable to prosecute suspect,
11f723b330eda2920f1b5f45be3a71917c7fde8b2a908d304459d67783b22bee,2021-06,Derbyshire Constabulary,Derbyshire Constabulary,-1.504785,52.889389,On or near Carisbrooke Gardens,E01013494,Derby 027C,Other theft,Unable to prosecute suspect,
b3318aac67b0bac504da154a96c5bd4301bad5f2e0a4a96e03698ec1455aaf7a,2021-06,Derbyshire Constabulary,Derbyshire Constabulary,-1.505139,52.888348,On or near Hartshorne Road,E01013494,Derby 027C,Other theft,Unable to prosecute suspect,
16a0d0841081fef8ef6508d3b17254ae872005e3c40c1436223fff6b3c9fa4ea,2021-06,Derbyshire Constabulary,Derbyshire Constabulary,-1.504572,52.885900,On or near Bretby Square,E01013494,Derby 027C,Public order,Investigation complete; no suspect identified,
bd373a43d32a94170f99bd0baa4e705c798c357e84b8d784954ee7f592dee830,2021-06,Derbyshire Constabulary,Derbyshire Constabulary,-1.509047,52.887043,On or near Boylestone Road,E01013494,Derby 027C,Violence and sexual offences,Unable to prosecute suspect,
229dee6ba308fdc2e06801c7e39b17acf59059fa48dd7b0d5589d9ea3d4190b0,2021-06,Derbyshire Constabulary,Derbyshire Constabulary,-1.508949,52.885199,On or near Pencroft Grove,E01013494,Derby 027C,Violence and sexual offences,Unable to prosecute suspect,
9a418766247f5b7098e4e812cffaca69b431f0d1074849413580df761da26039,2021-06,Derbyshire Constabulary,Derbyshire Constabulary,-1.510576,52.885907,On or near Havenwood Grove,E01013494,Derby 027C,Violence and sexual offences,Status update unavailable,
6e3248b862f5591bf64e67fae674ed64f5543930650dfecdfb5783bf6ebc59fb,2021-06,Derbyshire Constabulary,Derbyshire Constabulary,-1.509047,52.887043,On or near Boylestone Road,E01013494,Derby 027C,Violence and sexual offences,Unable to prosecute suspect,
ab4acc5953b5d1b96e4fe3eeb9cebd1f0473f7675ba6ffd0ab10358a8032c8d8,2021-06,Derbyshire Constabulary,Derbyshire Constabulary,-1.505139,52.888348,On or near Hartshorne Road,E01013494,Derby 027C,Violence and sexual offences,Awaiting court outcome,
95b409cd156a0ac90189db4ab755aa612bb5190f521b027d5940b280c6e8eea8,2021-06,Derbyshire Constabulary,Derbyshire Constabulary,-1.505844,52.889043,On or near Norbury Crescent,E01013494,Derby 027C,Violence and sexual offences,Unable to prosecute suspect,
d792d3d8192cbab74fc394429480cd1b53d2137a017040e5e02ea05a1b3e4471,2021-06,Derbyshire Constabulary,Derbyshire Constabulary,-1.510576,52.885907,On or near Havenwood Grove,E01013494,Derby 027C,Violence and sexual offences,Status update unavailable,
3fcf1436478309d379ee3fb79d074906144f6ce6440e36f515ab38ff69311eb0,2021-06,Derbyshire Constabulary,Derbyshire Constabulary,-1.505844,52.889043,On or near Norbury Crescent,E01013494,Derby 027C,Violence and sexual offences,Investigation complete; no suspect identified,
,2021-06,Derbyshire Constabulary,Derbyshire Constabulary,-1.500625,52.882747,On or near Nicola Gardens,E01013495,Derby 027D,Anti-social behaviour,,
,2021-06,Derbyshire Constabulary,Derbyshire Constabulary,-1.493837,52.886332,On or near Dewchurch Drive,E01013495,Derby 027D,Anti-social behaviour,,
,2021-06,Derbyshire Constabulary,Derbyshire Constabulary,-1.493837,52.886332,On or near Dewchurch Drive,E01013495,Derby 027D,Anti-social behaviour,,
,2021-06,Derbyshire Constabulary,Derbyshire Constabulary,-1.502382,52.887689,On or near Sapperton Close,E01013495,Derby 027D,Anti-social behaviour,,
,2021-06,Derbyshire Constabulary,Derbyshire Constabulary,-1.500625,52.882747,On or near Nicola Gardens,E01013495,Derby 027D,Anti-social behaviour,,
,2021-06,Derbyshire Constabulary,Derbyshire Constabulary,-1.496296,52.887079,On or near Breedon Avenue,E01013495,Derby 027D,Anti-social behaviour,,
,2021-06,Derbyshire Constabulary,Derbyshire Constabulary,-1.500625,52.882747,On or near Nicola Gardens,E01013495,Derby 027D,Anti-social behaviour,,
,2021-06,Derbyshire Constabulary,Derbyshire Constabulary,-1.500625,52.882747,On or near Nicola Gardens,E01013495,Derby 027D,Anti-social behaviour,,
,2021-06,Derbyshire Constabulary,Derbyshire Constabulary,-1.502382,52.887689,On or near Sapperton Close,E01013495,Derby 027D,Anti-social behaviour,,
,2021-06,Derbyshire Constabulary,Derbyshire Constabulary,-1.500625,52.882747,On or near Nicola Gardens,E01013495,Derby 027D,Anti-social behaviour,,
6b797d7f1ebeee5d927d1eeef0c83dd24294a8cb102f09228efb1f7c175c879b,2021-06,Derbyshire Constabulary,Derbyshire Constabulary,-1.499197,52.884215,On or near Southcroft,E01013495,Derby 027D,Violence and sexual offences,Status update unavailable,
a783a368a6ff894f82ba869c9442eb5fa2fe8f50128afd8c72394ba70b45c8c1,2021-06,Derbyshire Constabulary,Derbyshire Constabulary,-1.502382,52.887689,On or near Sapperton Close,E01013495,Derby 027D,Violence and sexual offences,Unable to prosecute suspect,
13ab6539c40b9f8b80379f4264fd09a8b847d90530c5ebb47a698e7ba19b924e,2021-06,Derbyshire Constabulary,Derbyshire Constabulary,-1.499197,52.884215,On or near Southcroft,E01013495,Derby 027D,Violence and sexual offences,Unable to prosecute suspect,
1738775adfc5ef08d1fcf0dbf955a86a8d5115000d3e03667b73c9449223899e,2021-06,Derbyshire Constabulary,Derbyshire Constabulary,-1.502587,52.887915,On or near Ednaston Avenue,E01013495,Derby 027D,Violence and sexual offences,Unable to prosecute suspect,
,2021-06,Derbyshire Constabulary,Derbyshire Constabulary,-1.413455,52.887131,On or near Medina Close,E01013496,Derby 028A,Anti-social behaviour,,
,2021-06,Derbyshire Constabulary,Derbyshire Constabulary,-1.413455,52.887131,On or near Medina Close,E01013496,Derby 028A,Anti-social behaviour,,
,2021-06,Derbyshire Constabulary,Derbyshire Constabulary,-1.417336,52.886952,On or near Shorwell Gardens,E01013496,Derby 028A,Anti-social behaviour,,
,2021-06,Derbyshire Constabulary,Derbyshire Constabulary,-1.417336,52.886952,On or near Shorwell Gardens,E01013496,Derby 028A,Anti-social behaviour,,
,2021-06,Derbyshire Constabulary,Derbyshire Constabulary,-1.411078,52.885986,On or near Castle Croft,E01013496,Derby 028A,Anti-social behaviour,,
,2021-06,Derbyshire Constabulary,Derbyshire Constabulary,-1.411078,52.885986,On or near Castle Croft,E01013496,Derby 028A,Anti-social behaviour,,
,2021-06,Derbyshire Constabulary,Derbyshire Constabulary,-1.417061,52.888632,On or near Compton Close,E01013496,Derby 028A,Anti-social behaviour,,
,2021-06,Derbyshire Constabulary,Derbyshire Constabulary,-1.417406,52.886224,On or near Whitewell Gardens,E01013496,Derby 028A,Anti-social behaviour,,
,2021-06,Derbyshire Constabulary,Derbyshire Constabulary,-1.411078,52.885986,On or near Castle Croft,E01013496,Derby 028A,Anti-social behaviour,,
,2021-06,Derbyshire Constabulary,Derbyshire Constabulary,-1.413455,52.887131,On or near Medina Close,E01013496,Derby 028A,Anti-social behaviour,,
,2021-06,Derbyshire Constabulary,Derbyshire Constabulary,-1.413455,52.887131,On or near Medina Close,E01013496,Derby 028A,Anti-social behaviour,,
,2021-06,Derbyshire Constabulary,Derbyshire Constabulary,-1.416455,52.888404,On or near Shalfleet Drive,E01013496,Derby 028A,Anti-social behaviour,,
,2021-06,Derbyshire Constabulary,Derbyshire Constabulary,-1.414468,52.885832,On or near Brightstone Close,E01013496,Derby 028A,Anti-social behaviour,,
5605958cb4ff5e2c2492ff235fa1f793eeeb62cb0e80f44d2a77507af50761b3,2021-06,Derbyshire Constabulary,Derbyshire Constabulary,-1.417074,52.886546,On or near Bembridge Drive,E01013496,Derby 028A,Criminal damage and arson,Investigation complete; no suspect identified,
82bd4b5dd9ad6330d5b41f9170397ef3af12bff944c6ca2ce586d034b109b673,2021-06,Derbyshire Constabulary,Derbyshire Constabulary,-1.416455,52.888404,On or near Shalfleet Drive,E01013496,Derby 028A,Criminal damage and arson,Investigation complete; no suspect identified,
a9c934a41abdc51e9bd5b823e877669c57b2fbd42c247d206739ffb6cc46f52c,2021-06,Derbyshire Constabulary,Derbyshire Constabulary,-1.414468,52.885832,On or near Brightstone Close,E01013496,Derby 028A,Public order,Investigation complete; no suspect identified,
ee771ac8ea6ccbf6e28f3aad8cac406cba535702f2349ccdb1169d17216dd8c5,2021-06,Derbyshire Constabulary,Derbyshire Constabulary,-1.416299,52.887873,On or near Bonchurch Close,E01013496,Derby 028A,Public order,Status update unavailable,
ee771ac8ea6ccbf6e28f3aad8cac406cba535702f2349ccdb1169d17216dd8c5,2021-06,Derbyshire Constabulary,Derbyshire Constabulary,-1.416455,52.888404,On or near Shalfleet Drive,E01013496,Derby 028A,Public order,Status update unavailable,
36ee054b1817c4893ad8baffc37784bdd0d8775a6541e3aa90f17ac929d74696,2021-06,Derbyshire Constabulary,Derbyshire Constabulary,-1.417061,52.888632,On or near Compton Close,E01013496,Derby 028A,Public order,Further investigation is not in the public interest,
7977e31495d50128f65c730ab727ecbf1b0b4f665c4f20532ec4193b54f849f0,2021-06,Derbyshire Constabulary,Derbyshire Constabulary,-1.417061,52.888632,On or near Compton Close,E01013496,Derby 028A,Public order,Status update unavailable,
ee771ac8ea6ccbf6e28f3aad8cac406cba535702f2349ccdb1169d17216dd8c5,2021-06,Derbyshire Constabulary,Derbyshire Constabulary,-1.417061,52.888632,On or near Compton Close,E01013496,Derby 028A,Public order,Unable to prosecute suspect,
f77690b1f3596fa0c06e7a88c78838ab753fb367ae415131e005a25ab1ef150f,2021-06,Derbyshire Constabulary,Derbyshire Constabulary,-1.417406,52.886224,On or near Whitewell Gardens,E01013496,Derby 028A,Theft from the person,Unable to prosecute suspect,
2c2ab980d5c0ff6249529fe869f31fa7b7502be70af3ddc597963747cf5cb563,2021-06,Derbyshire Constabulary,Derbyshire Constabulary,-1.412324,52.886127,On or near Brading Close,E01013496,Derby 028A,Violence and sexual offences,Unable to prosecute suspect,
c0d1e68eeb9e1a10f7ba5387dd3ede7bf0f29199d16329bb664dffef34b33c40,2021-06,Derbyshire Constabulary,Derbyshire Constabulary,-1.417406,52.886224,On or near Whitewell Gardens,E01013496,Derby 028A,Violence and sexual offences,Awaiting court outcome,
857a876dfeb5fd7e85b4843328e02d9b711dcf7527709eae8cdadf5ba9d9b459,2021-06,Derbyshire Constabulary,Derbyshire Constabulary,-1.417336,52.886952,On or near Shorwell Gardens,E01013496,Derby 028A,Violence and sexual offences,Status update unavailable,
143a0398f24b46fe0cab371ba6cc45ed7693956ca66263fcb94cf5337868d4a0,2021-06,Derbyshire Constabulary,Derbyshire Constabulary,-1.413455,52.887131,On or near Medina Close,E01013496,Derby 028A,Violence and sexual offences,Unable to prosecute suspect,
5dac8a7c561393518c886de21ed53c0ca32ad552132487ae88baf320072e0162,2021-06,Derbyshire Constabulary,Derbyshire Constabulary,-1.412324,52.886127,On or near Brading Close,E01013496,Derby 028A,Violence and sexual offences,Unable to prosecute suspect,
da34bc2879c5fa35af41311562b7c3a9236f6337cb8adbc818291ad68694784e,2021-06,Derbyshire Constabulary,Derbyshire Constabulary,-1.417074,52.886546,On or near Bembridge Drive,E01013496,Derby 028A,Violence and sexual offences,Unable to prosecute suspect,
b70bac384137650d53ecece8e79eb58eb8c206d890a8df115b98415d3a9a9a94,2021-06,Derbyshire Constabulary,Derbyshire Constabulary,-1.412324,52.886127,On or near Brading Close,E01013496,Derby 028A,Violence and sexual offences,Unable to prosecute suspect,
a0d27c63914c667d1e20813bd2d9e8b26743acc0b61ad05a5d4329fde39c3ed2,2021-06,Derbyshire Constabulary,Derbyshire Constabulary,-1.417074,52.886546,On or near Bembridge Drive,E01013496,Derby 028A,Violence and sexual offences,Unable to prosecute suspect,
4e7ddb9ad0ed65af90f7aea6c148da8f428b7fc8b98d8c7e12065321d03c755a,2021-06,Derbyshire Constabulary,Derbyshire Constabulary,-1.416299,52.887873,On or near Bonchurch Close,E01013496,Derby 028A,Violence and sexual offences,Unable to prosecute suspect,
d3604b9caff648bf741f28a2b3b0c707a3984775a7a1b4f9696482ee6c179e93,2021-06,Derbyshire Constabulary,Derbyshire Constabulary,-1.417336,52.886952,On or near Shorwell Gardens,E01013496,Derby 028A,Violence and sexual offences,Unable to prosecute suspect,
857a876dfeb5fd7e85b4843328e02d9b711dcf7527709eae8cdadf5ba9d9b459,2021-06,Derbyshire Constabulary,Derbyshire Constabulary,-1.417406,52.886224,On or near Whitewell Gardens,E01013496,Derby 028A,Violence and sexual offences,Awaiting court outcome,
98751c778d7fb8cf4e68231c994169986e025aea7c1d83edc5222f54e8909df4,2021-06,Derbyshire Constabulary,Derbyshire Constabulary,-1.417074,52.886546,On or near Bembridge Drive,E01013496,Derby 028A,Violence and sexual offences,Unable to prosecute suspect,
96883c1655be9bd46ed3e7096d57b2a9a366f3319e1760507e5a44209dbad337,2021-06,Derbyshire Constabulary,Derbyshire Constabulary,-1.417406,52.886224,On or near Whitewell Gardens,E01013496,Derby 028A,Violence and sexual offences,Unable to prosecute suspect,
14c3a548be907cfd3001793146d516c2412ca233ceee5fac130c86db2ea530ca,2021-06,Derbyshire Constabulary,Derbyshire Constabulary,-1.416299,52.887873,On or near Bonchurch Close,E01013496,Derby 028A,Violence and sexual offences,Unable to prosecute suspect,
9caf83d6eff1f862694a34e27caca78f6a73b88066a2aa4f6f19e0d1a1c91d70,2021-06,Derbyshire Constabulary,Derbyshire Constabulary,-1.417336,52.886952,On or near Shorwell Gardens,E01013496,Derby 028A,Violence and sexual offences,Unable to prosecute suspect,
2319fd13ed2933288372062f9601cd972cb5943d02e2d4741aa7c740f00b420b,2021-06,Derbyshire Constabulary,Derbyshire Constabulary,-1.417406,52.886224,On or near Whitewell Gardens,E01013496,Derby 028A,Violence and sexual offences,Unable to prosecute suspect,
e6ecc804d3f197761034aa937ccb4056063782973e0776ad59691861a24b8df7,2021-06,Derbyshire Constabulary,Derbyshire Constabulary,-1.417074,52.886546,On or near Bembridge Drive,E01013496,Derby 028A,Violence and sexual offences,Status update unavailable,
a8da4677acda745b5f83ab1d0a4190e6986e8c55a52353dde9fb96117075667f,2021-06,Derbyshire Constabulary,Derbyshire Constabulary,-1.417336,52.886952,On or near Shorwell Gardens,E01013496,Derby 028A,Violence and sexual offences,Unable to prosecute suspect,
475ca2c144af32515c50907c6a03466d48cd639a239e2f0c3c2caca6db1be771,2021-06,Derbyshire Constabulary,Derbyshire Constabulary,-1.417406,52.886224,On or near Whitewell Gardens,E01013496,Derby 028A,Violence and sexual offences,Status update unavailable,
9647b0a7f2e6177d51bda10d2753d43068af04bbf1424b2b2e160e6fa0e1ef92,2021-06,Derbyshire Constabulary,Derbyshire Constabulary,-1.418998,52.886034,On or near Falmouth Road,E01013496,Derby 028A,Violence and sexual offences,Unable to prosecute suspect,
be40cd96f4e172a7ad19f24e7d85f408bd2f6bbcf3cdc4afc2cd8857dbed1ea9,2021-06,Derbyshire Constabulary,Derbyshire Constabulary,-1.417406,52.886224,On or near Whitewell Gardens,E01013496,Derby 028A,Violence and sexual offences,Unable to prosecute suspect,
709927943e40034c73ed49732d9b9619a333bdcced49b5bef38b56539eab6c86,2021-06,Derbyshire Constabulary,Derbyshire Constabulary,-1.417061,52.888632,On or near Compton Close,E01013496,Derby 028A,Violence and sexual offences,Formal action is not in the public interest,
,2021-06,Derbyshire Constabulary,Derbyshire Constabulary,-1.421639,52.885292,On or near Heathcote Close,E01013498,Derby 028B,Anti-social behaviour,,
,2021-06,Derbyshire Constabulary,Derbyshire Constabulary,-1.420345,52.887542,On or near Kynance Close,E01013498,Derby 028B,Anti-social behaviour,,
,2021-06,Derbyshire Constabulary,Derbyshire Constabulary,-1.420345,52.887542,On or near Kynance Close,E01013498,Derby 028B,Anti-social behaviour,,
0b6364c69618e9964a9d2d472f424b4177957af8c7f61e10928eb40310a2b599,2021-06,Derbyshire Constabulary,Derbyshire Constabulary,-1.419160,52.888426,On or near Coronation Avenue,E01013498,Derby 028B,Violence and sexual offences,Unable to prosecute suspect,
0e29ae91e733a33dc6bbcba171e697c09823e1cc857df23e86a171b2b2f09cf9,2021-06,Derbyshire Constabulary,Derbyshire Constabulary,-1.419160,52.888426,On or near Coronation Avenue,E01013498,Derby 028B,Violence and sexual offences,Unable to prosecute suspect,
8cab4f598d3d20873651be3ede38eda65829f0dc8d89ac8802dbd21a8607ade7,2021-06,Derbyshire Constabulary,Derbyshire Constabulary,-1.423580,52.883468,On or near Sports/Recreation Area,E01013498,Derby 028B,Violence and sexual offences,Unable to prosecute suspect,
,2021-06,Derbyshire Constabulary,Derbyshire Constabulary,-1.435424,52.886923,On or near Dartford Place,E01013499,Derby 028C,Anti-social behaviour,,
,2021-06,Derbyshire Constabulary,Derbyshire Constabulary,-1.435866,52.888327,On or near Parking Area,E01013499,Derby 028C,Anti-social behaviour,,
,2021-06,Derbyshire Constabulary,Derbyshire Constabulary,-1.435053,52.887999,On or near Supermarket,E01013499,Derby 028C,Anti-social behaviour,,
,2021-06,Derbyshire Constabulary,Derbyshire Constabulary,-1.435866,52.888327,On or near Parking Area,E01013499,Derby 028C,Anti-social behaviour,,
,2021-06,Derbyshire Constabulary,Derbyshire Constabulary,-1.435424,52.886923,On or near Dartford Place,E01013499,Derby 028C,Anti-social behaviour,,
b1aaa4a9a597f80a52ce75f7b764d8171c9a367853bb6b03c4c20fa9906da7b1,2021-06,Derbyshire Constabulary,Derbyshire Constabulary,-1.438720,52.884835,On or near Stevenage Close,E01013499,Derby 028C,Criminal damage and arson,Unable to prosecute suspect,
1293555272172c9beb70cba36262be9dc37da455fe600a5497a5bd08e816b284,2021-06,Derbyshire Constabulary,Derbyshire Constabulary,-1.435866,52.888327,On or near Parking Area,E01013499,Derby 028C,Criminal damage and arson,Investigation complete; no suspect identified,
7b2dd755f9076aca2b8826b59697fecb6dcb3b92f9668bdb78d6125afcd31a6c,2021-06,Derbyshire Constabulary,Derbyshire Constabulary,-1.433188,52.886265,On or near Crayford Road,E01013499,Derby 028C,Other theft,Investigation complete; no suspect identified,
d3dee78cb774f8e5ebb82602f1eb4532e86176112b6132ae8fc66981c63e8788,2021-06,Derbyshire Constabulary,Derbyshire Constabulary,-1.435866,52.888327,On or near Parking Area,E01013499,Derby 028C,Other theft,Unable to prosecute suspect,
f9c4547c9f410c961ab75542af938f63ad49d5c399c4532c5adb2fc93ba77d83,2021-06,Derbyshire Constabulary,Derbyshire Constabulary,-1.438720,52.884835,On or near Stevenage Close,E01013499,Derby 028C,Public order,Unable to prosecute suspect,
ac16642f2785f8638ce75c5c10add9ea8e20961453843fe387b35aba84a7c29d,2021-06,Derbyshire Constabulary,Derbyshire Constabulary,-1.433162,52.888233,On or near Tonbridge Drive,E01013499,Derby 028C,Violence and sexual offences,Unable to prosecute suspect,
838d5bb0e0d4bc8eccb65bb59702c9e818981462cc27d65bae3bf470c71ada16,2021-06,Derbyshire Constabulary,Derbyshire Constabulary,-1.439839,52.885631,On or near Hatfield Road,E01013499,Derby 028C,Violence and sexual offences,Unable to prosecute suspect,
d209579062b6749b4ed54d7004b1b17f3b5fd26ecb9d408a7184a889fc0288fe,2021-06,Derbyshire Constabulary,Derbyshire Constabulary,-1.435866,52.888327,On or near Parking Area,E01013499,Derby 028C,Violence and sexual offences,Unable to prosecute suspect,
685a45f3450c0dba1a9db02bc6b8229d9f9b5bc5b4c40befedd3c454619d77ab,2021-06,Derbyshire Constabulary,Derbyshire Constabulary,-1.438720,52.884835,On or near Stevenage Close,E01013499,Derby 028C,Violence and sexual offences,Unable to prosecute suspect,
693c0a14cbf5b655eaa89d564d1fe73bcebccfdb1f73f85d7c266485a25dfd6c,2021-06,Derbyshire Constabulary,Derbyshire Constabulary,-1.439839,52.885631,On or near Hatfield Road,E01013499,Derby 028C,Violence and sexual offences,Unable to prosecute suspect,
1981c5cf805aeb45d7b49c74b4a55af2f0f5b54463ca24f487e3cc91e471901d,2021-06,Derbyshire Constabulary,Derbyshire Constabulary,-1.438720,52.884835,On or near Stevenage Close,E01013499,Derby 028C,Violence and sexual offences,Status update unavailable,
b8759a39def2c71abf7d1da7e5419a62a0c25d0822f5b730359592179d07f3cd,2021-06,Derbyshire Constabulary,Derbyshire Constabulary,-1.433162,52.888233,On or near Tonbridge Drive,E01013499,Derby 028C,Violence and sexual offences,Status update unavailable,
570027b13b6123d62835d9d206669940d48a5224fec45eed5f928d2a744d28ea,2021-06,Derbyshire Constabulary,Derbyshire Constabulary,-1.438089,52.886540,On or near Crawley Road,E01013499,Derby 028C,Violence and sexual offences,Investigation complete; no suspect identified,
d819aa1e002c45120c8d0f5f3a3dfbf96e2321d71bb53bd6e1017976bdc1e194,2021-06,Derbyshire Constabulary,Derbyshire Constabulary,-1.439839,52.885631,On or near Hatfield Road,E01013499,Derby 028C,Violence and sexual offences,Unable to prosecute suspect,
36348a1538ca3bba9fc2f2312f52ac3d2e3a4502b177258f226130b4cd075bbd,2021-06,Derbyshire Constabulary,Derbyshire Constabulary,-1.434515,52.885965,On or near Rosemary Drive,E01013499,Derby 028C,Violence and sexual offences,Unable to prosecute suspect,
790d1acd1da0b0e1eeaeed8e6bdbf0196ef1b6b189697f47f889ce3c12125c8d,2021-06,Derbyshire Constabulary,Derbyshire Constabulary,-1.438720,52.884835,On or near Stevenage Close,E01013499,Derby 028C,Violence and sexual offences,Unable to prosecute suspect,
87c3341087a519b4d2c5b7200a86c9694281b270577d4888ffd33ca07176fb44,2021-06,Derbyshire Constabulary,Derbyshire Constabulary,-1.438720,52.884835,On or near Stevenage Close,E01013499,Derby 028C,Violence and sexual offences,Unable to prosecute suspect,
,2021-06,Derbyshire Constabulary,Derbyshire Constabulary,-1.429431,52.883757,On or near Epworth Drive,E01013500,Derby 028D,Anti-social behaviour,,
,2021-06,Derbyshire Constabulary,Derbyshire Constabulary,-1.429431,52.883757,On or near Epworth Drive,E01013500,Derby 028D,Anti-social behaviour,,
,2021-06,Derbyshire Constabulary,Derbyshire Constabulary,-1.426751,52.884130,On or near Field View Close,E01013500,Derby 028D,Anti-social behaviour,,
,2021-06,Derbyshire Constabulary,Derbyshire Constabulary,-1.429431,52.883757,On or near Epworth Drive,E01013500,Derby 028D,Anti-social behaviour,,
,2021-06,Derbyshire Constabulary,Derbyshire Constabulary,-1.429247,52.888718,On or near Sandgate Close,E01013500,Derby 028D,Anti-social behaviour,,
87f17c7b5248840b3d57d1a7f7bf6949a4e4fef232e928e904fc0e29d7bb8e9e,2021-06,Derbyshire Constabulary,Derbyshire Constabulary,-1.429244,52.887801,On or near Moor Drive,E01013500,Derby 028D,Criminal damage and arson,Investigation complete; no suspect identified,
23a67eebdcf356ecd3f4e9dd6f60b4ec89bbe26dd8ed4ad394e704fa0d38c7ed,2021-06,Derbyshire Constabulary,Derbyshire Constabulary,-1.426751,52.884130,On or near Field View Close,E01013500,Derby 028D,Other theft,Status update unavailable,
ccdcc6034589ad7fa8e1d252574e304dd01ce3782ea1e609cac9a029c9219552,2021-06,Derbyshire Constabulary,Derbyshire Constabulary,-1.426751,52.884130,On or near Field View Close,E01013500,Derby 028D,Other theft,Unable to prosecute suspect,
56157f74d431253f45c75faffdc419ed2401747e59ca27038b5953730f79eb92,2021-06,Derbyshire Constabulary,Derbyshire Constabulary,-1.429762,52.888001,On or near Peterlee Place,E01013500,Derby 028D,Violence and sexual offences,Status update unavailable,
f5685f259098d0dd9301cc6afa4470458c0e60e99c219e5011a5856e4ff9ec87,2021-06,Derbyshire Constabulary,Derbyshire Constabulary,-1.426751,52.884130,On or near Field View Close,E01013500,Derby 028D,Violence and sexual offences,Unable to prosecute suspect,
ce7b50f9a7d0e2d36d3780c7f99dc68a3ed9aeb2524a7fda304e0e1e851c9c4f,2021-06,Derbyshire Constabulary,Derbyshire Constabulary,-1.429244,52.887801,On or near Moor Drive,E01013500,Derby 028D,Violence and sexual offences,Unable to prosecute suspect,
23a67eebdcf356ecd3f4e9dd6f60b4ec89bbe26dd8ed4ad394e704fa0d38c7ed,2021-06,Derbyshire Constabulary,Derbyshire Constabulary,-1.426751,52.884130,On or near Field View Close,E01013500,Derby 028D,Violence and sexual offences,Unable to prosecute suspect,
55074c954aa4a9adb10bf69d32c39d1cf71a353ef9704145f2ab927b54305ee7,2021-06,Derbyshire Constabulary,Derbyshire Constabulary,-1.429028,52.886200,On or near Field Drive,E01013500,Derby 028D,Other crime,Unable to prosecute suspect,
,2021-06,Derbyshire Constabulary,Derbyshire Constabulary,-1.427086,52.893688,On or near Nunsfield Drive,E01013501,Derby 028E,Anti-social behaviour,,
,2021-06,Derbyshire Constabulary,Derbyshire Constabulary,-1.426005,52.893359,On or near Courtland Gardens,E01013501,Derby 028E,Anti-social behaviour,,
,2021-06,Derbyshire Constabulary,Derbyshire Constabulary,-1.425476,52.890695,On or near Lilley Street,E01013501,Derby 028E,Anti-social behaviour,,
1f20cf8b180def40a8b7ea8337e915221d816bff35a23d3a657ff9c0e2a80c6a,2021-06,Derbyshire Constabulary,Derbyshire Constabulary,-1.425476,52.890695,On or near Lilley Street,E01013501,Derby 028E,Drugs,Unable to prosecute suspect,
ebdf6a0164933cd5cbb038a0c23f96962625af56451bec46bdfb469261fa77f8,2021-06,Derbyshire Constabulary,Derbyshire Constabulary,-1.421652,52.888753,On or near Supermarket,E01013501,Derby 028E,Shoplifting,Local resolution,
95602bb987ecc5e25ce28588203cd03d71a13a4b18286828bc5f3170b12b5185,2021-06,Derbyshire Constabulary,Derbyshire Constabulary,-1.421652,52.888753,On or near Supermarket,E01013501,Derby 028E,Shoplifting,Investigation complete; no suspect identified,
416031e7f59a662a798f49ec5197aba023656833790201309d7b9c1038ee248a,2021-06,Derbyshire Constabulary,Derbyshire Constabulary,-1.425463,52.892754,On or near The Court,E01013501,Derby 028E,Violence and sexual offences,Status update unavailable,
e80078affbcba614720b2247b73c1c950218ab8d8f9f0c18713dfe2f7ff252e0,2021-06,Derbyshire Constabulary,Derbyshire Constabulary,-1.430076,52.891257,On or near Franklyn Drive,E01013501,Derby 028E,Violence and sexual offences,Unable to prosecute suspect,
,2021-06,Derbyshire Constabulary,Derbyshire Constabulary,-1.479843,52.887089,On or near Shelley Drive,E01013584,Derby 029A,Anti-social behaviour,,
,2021-06,Derbyshire Constabulary,Derbyshire Constabulary,-1.481655,52.887214,On or near Carlyle Street,E01013584,Derby 029A,Anti-social behaviour,,
,2021-06,Derbyshire Constabulary,Derbyshire Constabulary,-1.469452,52.894639,On or near Oaktree Avenue,E01013584,Derby 029A,Anti-social behaviour,,
,2021-06,Derbyshire Constabulary,Derbyshire Constabulary,-1.462887,52.895464,On or near Osmaston Park Road,E01013584,Derby 029A,Anti-social behaviour,,
,2021-06,Derbyshire Constabulary,Derbyshire Constabulary,-1.462887,52.895464,On or near Osmaston Park Road,E01013584,Derby 029A,Anti-social behaviour,,
02371d2f059b93ccb0448ed7e57f82ad10dccfdb840c154995f0547b024f876b,2021-06,Derbyshire Constabulary,Derbyshire Constabulary,-1.472039,52.894606,On or near Supermarket,E01013584,Derby 029A,Bicycle theft,Investigation complete; no suspect identified,
62f6342f5e5a773b7d1cf6799d6dfb8cbab37f81c1b46c4dcacde453b25934f0,2021-06,Derbyshire Constabulary,Derbyshire Constabulary,-1.472482,52.896046,On or near Petrol Station,E01013584,Derby 029A,Bicycle theft,Unable to prosecute suspect,
7e7339d65fa906850d93308839226d5ba81c3d65cb19bbd66cd1979b17bb40e9,2021-06,Derbyshire Constabulary,Derbyshire Constabulary,-1.481655,52.887214,On or near Carlyle Street,E01013584,Derby 029A,Burglary,Investigation complete; no suspect identified,
0d69cdcc894fe37a13e5a945ddf212a3ae3ea4780457d52dc16a7ea412b364a8,2021-06,Derbyshire Constabulary,Derbyshire Constabulary,-1.462887,52.895464,On or near Osmaston Park Road,E01013584,Derby 029A,Burglary,Investigation complete; no suspect identified,
0d01e242efd2055ad181b59f8ed596bb6a2311cb392bf3761d1cc719036da8b6,2021-06,Derbyshire Constabulary,Derbyshire Constabulary,-1.481655,52.887214,On or near Carlyle Street,E01013584,Derby 029A,Criminal damage and arson,Investigation complete; no suspect identified,
a4c1aac74d8b7ea8e82d1c64895dcde56bc82608ef58fd411492990d47238afc,2021-06,Derbyshire Constabulary,Derbyshire Constabulary,-1.469452,52.894639,On or near Oaktree Avenue,E01013584,Derby 029A,Criminal damage and arson,Investigation complete; no suspect identified,
6d641c0c8b20a49ec31f4e2e2b7df37fc20cc6374f54d4b762dba036a1ab13d6,2021-06,Derbyshire Constabulary,Derbyshire Constabulary,-1.472482,52.896046,On or near Petrol Station,E01013584,Derby 029A,Criminal damage and arson,Investigation complete; no suspect identified,
22e969522ee5701322042ceb0cf3e0fc943d41f1a27b31f500376421ee28fd8d,2021-06,Derbyshire Constabulary,Derbyshire Constabulary,-1.469452,52.894639,On or near Oaktree Avenue,E01013584,Derby 029A,Criminal damage and arson,Investigation complete; no suspect identified,
6c6f744036b3d2fb9f1efcd13610a8fd05fe4b8d410c9e82b001e45f34a5524e,2021-06,Derbyshire Constabulary,Derbyshire Constabulary,-1.472482,52.896046,On or near Petrol Station,E01013584,Derby 029A,Drugs,Investigation complete; no suspect identified,
293931158e8c88d34bfc56f1eaa469a77147e3049f321e580890bbf7f261d081,2021-06,Derbyshire Constabulary,Derbyshire Constabulary,-1.481655,52.887214,On or near Carlyle Street,E01013584,Derby 029A,Other theft,Investigation complete; no suspect identified,
c5aafd8b495e437f36771cb052dd4d9ec28e550d2060192aee10876aa2caceec,2021-06,Derbyshire Constabulary,Derbyshire Constabulary,-1.470188,52.892773,On or near Ashtree Avenue,E01013584,Derby 029A,Other theft,Investigation complete; no suspect identified,
b46cc2fe1bf4dc55049a6b9662da53df879d34f2daac037eb4ed6ad6cc5e4688,2021-06,Derbyshire Constabulary,Derbyshire Constabulary,-1.472039,52.894606,On or near Supermarket,E01013584,Derby 029A,Other theft,Investigation complete; no suspect identified,
d5736c06334895d2fb4f7debe07c8631059f3ea32082925cff342eac9e505797,2021-06,Derbyshire Constabulary,Derbyshire Constabulary,-1.462887,52.895464,On or near Osmaston Park Road,E01013584,Derby 029A,Other theft,Investigation complete; no suspect identified,
3640f29b9e61512f843ae3c779a762173fd1dff782d2cf4e20b13d45369f973f,2021-06,Derbyshire Constabulary,Derbyshire Constabulary,-1.462887,52.895464,On or near Osmaston Park Road,E01013584,Derby 029A,Possession of weapons,Investigation complete; no suspect identified,
7ee5813db2b059d19abb7a4ff6ef00597d532e1bd2a34d8a92d8f987aea56441,2021-06,Derbyshire Constabulary,Derbyshire Constabulary,-1.476937,52.886537,On or near Cowper Street,E01013584,Derby 029A,Possession of weapons,Unable to prosecute suspect,
8300dbb690fe5c4048927eb048746a37c057033810b56e8200776ad1f0fd9ed8,2021-06,Derbyshire Constabulary,Derbyshire Constabulary,-1.479843,52.887089,On or near Shelley Drive,E01013584,Derby 029A,Public order,Unable to prosecute suspect,
7f0e678fad0cb5f2642fb0f0c25ec1d971b84a8586729fa5a51b3960d82e218c,2021-06,Derbyshire Constabulary,Derbyshire Constabulary,-1.462887,52.895464,On or near Osmaston Park Road,E01013584,Derby 029A,Public order,Unable to prosecute suspect,
f69ccbb954c915c318f5654ec537fa7289e90899081f9944acb9b4ff0fc7886d,2021-06,Derbyshire Constabulary,Derbyshire Constabulary,-1.462887,52.895464,On or near Osmaston Park Road,E01013584,Derby 029A,Public order,Investigation complete; no suspect identified,
15676fa53d42f998acbe60b3cc45e45ee52a70d8ff68693794d24b444a32b483,2021-06,Derbyshire Constabulary,Derbyshire Constabulary,-1.472039,52.894606,On or near Supermarket,E01013584,Derby 029A,Shoplifting,Investigation complete; no suspect identified,
5e1e341b2a9fc1e969810b29a5d0b0060c583860fedd0f7914ec6245058453bc,2021-06,Derbyshire Constabulary,Derbyshire Constabulary,-1.472039,52.894606,On or near Supermarket,E01013584,Derby 029A,Shoplifting,Offender given penalty notice,
b4bb9954f297916c145c9eaf501f8d471931eed528db6972b2e01d9d282d2688,2021-06,Derbyshire Constabulary,Derbyshire Constabulary,-1.472039,52.894606,On or near Supermarket,E01013584,Derby 029A,Shoplifting,Offender given penalty notice,
e00f062f4d9b9463e37321f94063f7a5fab3c15576cc5b710d94a376a9c8c1bd,2021-06,Derbyshire Constabulary,Derbyshire Constabulary,-1.472039,52.894606,On or near Supermarket,E01013584,Derby 029A,Shoplifting,Unable to prosecute suspect,
0237be13b7db1b0f371cfa56089ad9020583ec6048276540fe58f914843dfdb5,2021-06,Derbyshire Constabulary,Derbyshire Constabulary,-1.462887,52.895464,On or near Osmaston Park Road,E01013584,Derby 029A,Theft from the person,Investigation complete; no suspect identified,
86aa6fb1555fe50d3f41bb4a101dcbb13155897787e469ce250d65c610425c4a,2021-06,Derbyshire Constabulary,Derbyshire Constabulary,-1.479843,52.887089,On or near Shelley Drive,E01013584,Derby 029A,Vehicle crime,Investigation complete; no suspect identified,
eace985082e11ad7d6664e02cfd7f4d8c7413bdf59c5b37680d8e78999d4e7e5,2021-06,Derbyshire Constabulary,Derbyshire Constabulary,-1.469452,52.894639,On or near Oaktree Avenue,E01013584,Derby 029A,Violence and sexual offences,Unable to prosecute suspect,
9aa06eaf9b71536479973dcdf875675968045926a6be872277dedf54cacba32b,2021-06,Derbyshire Constabulary,Derbyshire Constabulary,-1.462887,52.895464,On or near Osmaston Park Road,E01013584,Derby 029A,Violence and sexual offences,Awaiting court outcome,
152a3edfe7101e7dfaee59633e970e6e1078b2dd72509a6eed37070235dc5091,2021-06,Derbyshire Constabulary,Derbyshire Constabulary,-1.472482,52.896046,On or near Petrol Station,E01013584,Derby 029A,Violence and sexual offences,Status update unavailable,
052940c27d4206c944bf7e06d3afd6034b8109a2d8f1c0f6fc0d8300714760a6,2021-06,Derbyshire Constabulary,Derbyshire Constabulary,-1.481655,52.887214,On or near Carlyle Street,E01013584,Derby 029A,Violence and sexual offences,Unable to prosecute suspect,
2b86fa78cebb929df3d9483595d49ad4452981b7bf5e96bf0db85db2650fee81,2021-06,Derbyshire Constabulary,Derbyshire Constabulary,-1.469239,52.893838,On or near Elmtree Avenue,E01013584,Derby 029A,Violence and sexual offences,Further investigation is not in the public interest,
ad19b33c07607b80cb4787d6c45d65ad4ec68d9c68907aa65893326e7e0a8a05,2021-06,Derbyshire Constabulary,Derbyshire Constabulary,-1.479843,52.887089,On or near Shelley Drive,E01013584,Derby 029A,Violence and sexual offences,Unable to prosecute suspect,
b77136e177238d3b78aac0ebaea90c3c7838b428b5b306194b81eee9ac46274f,2021-06,Derbyshire Constabulary,Derbyshire Constabulary,-1.462887,52.895464,On or near Osmaston Park Road,E01013584,Derby 029A,Violence and sexual offences,Action to be taken by another organisation,
c17dc2a3b973a70b2e15d0dd5371bcc2a10df225e4511de9cfbbac372775cec2,2021-06,Derbyshire Constabulary,Derbyshire Constabulary,-1.472039,52.894606,On or near Supermarket,E01013584,Derby 029A,Violence and sexual offences,Unable to prosecute suspect,
07cb827158bea830bd629dec5a0667a79c7c0b95f9543db5f5490b9fb86a8fb3,2021-06,Derbyshire Constabulary,Derbyshire Constabulary,-1.462887,52.895464,On or near Osmaston Park Road,E01013584,Derby 029A,Violence and sexual offences,Action to be taken by another organisation,
909468b560b231a09d2905816acbcac350cfeb4fc01db30587798f30b57c7fbe,2021-06,Derbyshire Constabulary,Derbyshire Constabulary,-1.472482,52.896046,On or near Petrol Station,E01013584,Derby 029A,Violence and sexual offences,Status update unavailable,
559f53a6bd18f39014ef52006a0a5bc1bcd3e51882f2b2ffdd60154c21361e17,2021-06,Derbyshire Constabulary,Derbyshire Constabulary,-1.472482,52.896046,On or near Petrol Station,E01013584,Derby 029A,Violence and sexual offences,Investigation complete; no suspect identified,
37f12369bfeae9af22009e1726dc32d02738882badf61c373b17494d3181c4ae,2021-06,Derbyshire Constabulary,Derbyshire Constabulary,-1.469452,52.894639,On or near Oaktree Avenue,E01013584,Derby 029A,Violence and sexual offences,Unable to prosecute suspect,
29ab89fb20472792973921f9e2b959376447bd43948a39dca753d9424e21514f,2021-06,Derbyshire Constabulary,Derbyshire Constabulary,-1.479843,52.887089,On or near Shelley Drive,E01013584,Derby 029A,Violence and sexual offences,Unable to prosecute suspect,
b7fac3a426c90b3325193d24fe79b6e516b336bcff5802d6372d2d79c354ae19,2021-06,Derbyshire Constabulary,Derbyshire Constabulary,-1.462887,52.895464,On or near Osmaston Park Road,E01013584,Derby 029A,Violence and sexual offences,Unable to prosecute suspect,
2a27b2c33c22f6ca8a53d0964272fa3159afc893a27d9079681c4ed7d29f0291,2021-06,Derbyshire Constabulary,Derbyshire Constabulary,-1.478228,52.886696,On or near Macaulay Street,E01013584,Derby 029A,Violence and sexual offences,Unable to prosecute suspect,
b0d2f680fd4968e1b265073e05c0af57937045c2e1afd3262d0acca841c2655d,2021-06,Derbyshire Constabulary,Derbyshire Constabulary,-1.462887,52.895464,On or near Osmaston Park Road,E01013584,Derby 029A,Violence and sexual offences,Unable to prosecute suspect,
8cfb64a8f70ab4cebf7a8ed358edb10e452e363c1b610a119ef279d73a12d37d,2021-06,Derbyshire Constabulary,Derbyshire Constabulary,-1.469452,52.894639,On or near Oaktree Avenue,E01013584,Derby 029A,Violence and sexual offences,Unable to prosecute suspect,
39d4c62459c04cf09c58eb41ac879b1c67801fc83b1f21f5ff9aa75212940558,2021-06,Derbyshire Constabulary,Derbyshire Constabulary,-1.469452,52.894639,On or near Oaktree Avenue,E01013584,Derby 029A,Violence and sexual offences,Unable to prosecute suspect,
3a1cfe960857bb4b6d258e8b54aaea8af73b6a4ab0172de76d32da802a854378,2021-06,Derbyshire Constabulary,Derbyshire Constabulary,-1.462887,52.895464,On or near Osmaston Park Road,E01013584,Derby 029A,Violence and sexual offences,Unable to prosecute suspect,
78a4c6f7a7de7bc1840e105a6f1c81fa6ef8e2d89c4674a996a2a1b06f4baee3,2021-06,Derbyshire Constabulary,Derbyshire Constabulary,-1.462887,52.895464,On or near Osmaston Park Road,E01013584,Derby 029A,Violence and sexual offences,Status update unavailable,
1aa65297a8e1fe085c911df067c01a6486f2ba6dde8bbd77b85e4bb46a7c27b9,2021-06,Derbyshire Constabulary,Derbyshire Constabulary,-1.478228,52.886696,On or near Macaulay Street,E01013584,Derby 029A,Violence and sexual offences,Unable to prosecute suspect,
c877c91c4fad489e39049f7f48806edd5a022de20a072889d97ee7841f5197af,2021-06,Derbyshire Constabulary,Derbyshire Constabulary,-1.472482,52.896046,On or near Petrol Station,E01013584,Derby 029A,Violence and sexual offences,Unable to prosecute suspect,
b2f7d8330778ecd4cb68e2baa3b98439662397573e750919b76bd1834b2ce9ba,2021-06,Derbyshire Constabulary,Derbyshire Constabulary,-1.479843,52.887089,On or near Shelley Drive,E01013584,Derby 029A,Violence and sexual offences,Unable to prosecute suspect,
9e085bc3591a226231ca651fa0f3e8bef40966921cdb72734c9f14eec542098a,2021-06,Derbyshire Constabulary,Derbyshire Constabulary,-1.462887,52.895464,On or near Osmaston Park Road,E01013584,Derby 029A,Violence and sexual offences,Action to be taken by another organisation,
52bfdfea53d10f270e3a9689dfaa5a9a80f9e141cb614ef0cb616ae5cac67c0e,2021-06,Derbyshire Constabulary,Derbyshire Constabulary,-1.462887,52.895464,On or near Osmaston Park Road,E01013584,Derby 029A,Violence and sexual offences,Unable to prosecute suspect,
38c8c9e1c787f6f3fe97c790dd84dcece27a37b6b4dd1f1ffe505008ccaf8525,2021-06,Derbyshire Constabulary,Derbyshire Constabulary,-1.462887,52.895464,On or near Osmaston Park Road,E01013584,Derby 029A,Violence and sexual offences,Unable to prosecute suspect,
92d837c175d5e3ea1bbc5a34dd6d79c3501a04533663751f068e656b8827cf72,2021-06,Derbyshire Constabulary,Derbyshire Constabulary,-1.472482,52.896046,On or near Petrol Station,E01013584,Derby 029A,Violence and sexual offences,Status update unavailable,
f996e397ea9e33d30555124dc0f8fb8bab5d3c49dea5ca545a73c0eea88987e3,2021-06,Derbyshire Constabulary,Derbyshire Constabulary,-1.462887,52.895464,On or near Osmaston Park Road,E01013584,Derby 029A,Other crime,Awaiting court outcome,
,2021-06,Derbyshire Constabulary,Derbyshire Constabulary,-1.495729,52.883391,On or near Glengarry Way,E01013585,Derby 029B,Anti-social behaviour,,
,2021-06,Derbyshire Constabulary,Derbyshire Constabulary,-1.495729,52.883391,On or near Glengarry Way,E01013585,Derby 029B,Anti-social behaviour,,
,2021-06,Derbyshire Constabulary,Derbyshire Constabulary,-1.484627,52.885959,On or near Sinfin Lane,E01013585,Derby 029B,Anti-social behaviour,,
,2021-06,Derbyshire Constabulary,Derbyshire Constabulary,-1.495729,52.883391,On or near Glengarry Way,E01013585,Derby 029B,Anti-social behaviour,,
,2021-06,Derbyshire Constabulary,Derbyshire Constabulary,-1.495729,52.883391,On or near Glengarry Way,E01013585,Derby 029B,Anti-social behaviour,,
,2021-06,Derbyshire Constabulary,Derbyshire Constabulary,-1.495729,52.883391,On or near Glengarry Way,E01013585,Derby 029B,Anti-social behaviour,,
,2021-06,Derbyshire Constabulary,Derbyshire Constabulary,-1.495729,52.883391,On or near Glengarry Way,E01013585,Derby 029B,Anti-social behaviour,,
,2021-06,Derbyshire Constabulary,Derbyshire Constabulary,-1.495729,52.883391,On or near Glengarry Way,E01013585,Derby 029B,Anti-social behaviour,,
,2021-06,Derbyshire Constabulary,Derbyshire Constabulary,-1.495729,52.883391,On or near Glengarry Way,E01013585,Derby 029B,Anti-social behaviour,,
,2021-06,Derbyshire Constabulary,Derbyshire Constabulary,-1.495729,52.883391,On or near Glengarry Way,E01013585,Derby 029B,Anti-social behaviour,,
,2021-06,Derbyshire Constabulary,Derbyshire Constabulary,-1.484627,52.885959,On or near Sinfin Lane,E01013585,Derby 029B,Anti-social behaviour,,
9a1e822c44dade785afb893fdb86e69859d74c558bd5193f9b0ae1279a4fece5,2021-06,Derbyshire Constabulary,Derbyshire Constabulary,-1.491862,52.883689,On or near Ballater Close,E01013585,Derby 029B,Burglary,Unable to prosecute suspect,
7b2d9c45eac14fea74ca19603ae1ddc9d8b190d19ebdd6a43a738867156d9e10,2021-06,Derbyshire Constabulary,Derbyshire Constabulary,-1.484627,52.885959,On or near Sinfin Lane,E01013585,Derby 029B,Criminal damage and arson,Unable to prosecute suspect,
21482fba1497b108371141e81e1fd1ce44a898be8f174bd7f570c077ee10d53d,2021-06,Derbyshire Constabulary,Derbyshire Constabulary,-1.494089,52.883870,On or near Morlich Drive,E01013585,Derby 029B,Drugs,Awaiting court outcome,
4e1207cd6674ec17fca2b127719402f71b3369cfbcc76e7c48140d2c5a2f8628,2021-06,Derbyshire Constabulary,Derbyshire Constabulary,-1.480794,52.892119,On or near Parking Area,E01013585,Derby 029B,Other theft,Investigation complete; no suspect identified,
18eccc808af39e416daf40aaeeb6241ff8e519a5794cd8ce41a2c0a5204a605c,2021-06,Derbyshire Constabulary,Derbyshire Constabulary,-1.495729,52.883391,On or near Glengarry Way,E01013585,Derby 029B,Other theft,Unable to prosecute suspect,
2811cdafea279dfdfef2dbf4129d14a854a9d3ca30b38dae332c4a4e4dc2afcf,2021-06,Derbyshire Constabulary,Derbyshire Constabulary,-1.495729,52.883391,On or near Glengarry Way,E01013585,Derby 029B,Other theft,Investigation complete; no suspect identified,
13febf8e8df6584ffd748c7787dbd89158ad6b7c5beb8284ecb6d74348ea2afe,2021-06,Derbyshire Constabulary,Derbyshire Constabulary,-1.495729,52.883391,On or near Glengarry Way,E01013585,Derby 029B,Other theft,Unable to prosecute suspect,
2e573247ed4296cfd7c0081ed2932802ddabec669e47d3ba0817eeac8744a1c1,2021-06,Derbyshire Constabulary,Derbyshire Constabulary,-1.492606,52.883576,On or near Aviemore Way,E01013585,Derby 029B,Possession of weapons,Awaiting court outcome,
90e8cb8a5532f401992b20453787b2caeecca0c5a7b67985901b8ca6ce3c8bd1,2021-06,Derbyshire Constabulary,Derbyshire Constabulary,-1.491862,52.883689,On or near Ballater Close,E01013585,Derby 029B,Public order,Unable to prosecute suspect,
6353dce3b1a23127db1ec199b52fcf23fb101ced42f7acef00e1690b5db3aa30,2021-06,Derbyshire Constabulary,Derbyshire Constabulary,-1.494089,52.883870,On or near Morlich Drive,E01013585,Derby 029B,Public order,Status update unavailable,
acee9a9fc03dad2c61da6f8adb071abd90cde61066f15093857e5017eaf94f76,2021-06,Derbyshire Constabulary,Derbyshire Constabulary,-1.491862,52.883689,On or near Ballater Close,E01013585,Derby 029B,Theft from the person,Investigation complete; no suspect identified,
3af469ecca211837f858707cd107ec27feccceaab36c97357f05efe58a424dfd,2021-06,Derbyshire Constabulary,Derbyshire Constabulary,-1.484808,52.884531,On or near Sports/Recreation Area,E01013585,Derby 029B,Violence and sexual offences,Investigation complete; no suspect identified,
8a54c935b5cd8220c2af3cd7f67caa7ec30dae8ce29b6544a3343b4c5627e232,2021-06,Derbyshire Constabulary,Derbyshire Constabulary,-1.487860,52.884059,On or near Grasmere Crescent,E01013585,Derby 029B,Violence and sexual offences,Unable to prosecute suspect,
7c527cce5a9c0a5d136f887b9d3e35aefcdc2b6ec89655960fd2dca41e02c584,2021-06,Derbyshire Constabulary,Derbyshire Constabulary,-1.494089,52.883870,On or near Morlich Drive,E01013585,Derby 029B,Violence and sexual offences,Status update unavailable,
d19cf52479eb10d901fbe26ab8118151c00df9cb74be8cc2017358db9b7dcd6b,2021-06,Derbyshire Constabulary,Derbyshire Constabulary,-1.484808,52.884531,On or near Sports/Recreation Area,E01013585,Derby 029B,Violence and sexual offences,Unable to prosecute suspect,
e087767a3a383fb71ab2ac9a2fc13466c65b001fd1614d8b2733ee145bee0574,2021-06,Derbyshire Constabulary,Derbyshire Constabulary,-1.494089,52.883870,On or near Morlich Drive,E01013585,Derby 029B,Violence and sexual offences,Status update unavailable,
d68b881670a7c7681286c508cb4e87861ef4433ea3e1e43c8a92ae0200e29e75,2021-06,Derbyshire Constabulary,Derbyshire Constabulary,-1.495729,52.883391,On or near Glengarry Way,E01013585,Derby 029B,Violence and sexual offences,Unable to prosecute suspect,
59663e44fb9662875d3a965a034e2f1b2612cec68f7663ae8387d21727a38b8a,2021-06,Derbyshire Constabulary,Derbyshire Constabulary,-1.481137,52.885756,On or near Shakespeare Street,E01013585,Derby 029B,Violence and sexual offences,Unable to prosecute suspect,
9a5f6a87138d7f6d5637398d9edbac7b16e63a4f05a9d07730777d781e7c2d7a,2021-06,Derbyshire Constabulary,Derbyshire Constabulary,-1.495729,52.883391,On or near Glengarry Way,E01013585,Derby 029B,Violence and sexual offences,Awaiting court outcome,
8ef8743e87fdcce9c85302a857ee1510f01cc38a10774ae9e32a8594bcf3904a,2021-06,Derbyshire Constabulary,Derbyshire Constabulary,-1.484808,52.884531,On or near Sports/Recreation Area,E01013585,Derby 029B,Violence and sexual offences,Investigation complete; no suspect identified,
83dc4b6be62a1ade0afc9a51f1cc157d26c2b7fd32286995cffb9cd66cf71b77,2021-06,Derbyshire Constabulary,Derbyshire Constabulary,-1.484627,52.885959,On or near Sinfin Lane,E01013585,Derby 029B,Violence and sexual offences,Unable to prosecute suspect,
219a18fc1f18811a9b62f4b4101fb0ec4a74c181545dbd792fbf1cfa8bf8788b,2021-06,Derbyshire Constabulary,Derbyshire Constabulary,-1.481137,52.885756,On or near Shakespeare Street,E01013585,Derby 029B,Violence and sexual offences,Unable to prosecute suspect,
a42f389c982f54f578d0bd11b7a8e461648ae3591ceba29f4d8e6d49e6665121,2021-06,Derbyshire Constabulary,Derbyshire Constabulary,-1.495729,52.883391,On or near Glengarry Way,E01013585,Derby 029B,Violence and sexual offences,Unable to prosecute suspect,
a0f21f7d82a8b6103fe97471c05e4ded47f245eef74e8142a422828f4a1a1958,2021-06,Derbyshire Constabulary,Derbyshire Constabulary,-1.491862,52.883689,On or near Ballater Close,E01013585,Derby 029B,Violence and sexual offences,Status update unavailable,
9bdb4d8067414782c46bf3aa55e0ba0b4f982b509418164b802cd6f3619c236a,2021-06,Derbyshire Constabulary,Derbyshire Constabulary,-1.494089,52.883870,On or near Morlich Drive,E01013585,Derby 029B,Violence and sexual offences,Awaiting court outcome,
0b93ac0986684b4321cfab750c494535459e78116e03c2f1831643e2b5ae720b,2021-06,Derbyshire Constabulary,Derbyshire Constabulary,-1.495729,52.883391,On or near Glengarry Way,E01013585,Derby 029B,Violence and sexual offences,Unable to prosecute suspect,
c302cc2e0314e4e7fa0b14b406e0e1c90e2a4fc0e65f93515105a5850fa0dda3,2021-06,Derbyshire Constabulary,Derbyshire Constabulary,-1.495729,52.883391,On or near Glengarry Way,E01013585,Derby 029B,Violence and sexual offences,Unable to prosecute suspect,
fd9090b0a88368b64ffb3a97fd7a95bf6a943d1e5b1a96a777fedc1534d711a6,2021-06,Derbyshire Constabulary,Derbyshire Constabulary,-1.494089,52.883870,On or near Morlich Drive,E01013585,Derby 029B,Violence and sexual offences,Investigation complete; no suspect identified,
6a445b08122a0ed2b14c8a54ddca477771c91703288dfe0e16f84a0e6e07f462,2021-06,Derbyshire Constabulary,Derbyshire Constabulary,-1.487860,52.884059,On or near Grasmere Crescent,E01013585,Derby 029B,Violence and sexual offences,Unable to prosecute suspect,
6708a435cab4a0010bc2c0b5b667c8400c664fb092560433db6eddb408c1a969,2021-06,Derbyshire Constabulary,Derbyshire Constabulary,-1.484627,52.885959,On or near Sinfin Lane,E01013585,Derby 029B,Violence and sexual offences,Status update unavailable,
f1b912c110217874de2891c3af1e6ae10e9fe405f96248f6d121c0c22737903a,2021-06,Derbyshire Constabulary,Derbyshire Constabulary,-1.480794,52.892119,On or near Parking Area,E01013585,Derby 029B,Violence and sexual offences,Investigation complete; no suspect identified,
,2021-06,Derbyshire Constabulary,Derbyshire Constabulary,-1.492900,52.882588,On or near Athol Close,E01013586,Derby 029C,Anti-social behaviour,,
,2021-06,Derbyshire Constabulary,Derbyshire Constabulary,-1.498429,52.881245,On or near Merlin Green,E01013586,Derby 029C,Anti-social behaviour,,
,2021-06,Derbyshire Constabulary,Derbyshire Constabulary,-1.498429,52.881245,On or near Merlin Green,E01013586,Derby 029C,Anti-social behaviour,,
,2021-06,Derbyshire Constabulary,Derbyshire Constabulary,-1.492900,52.882588,On or near Athol Close,E01013586,Derby 029C,Anti-social behaviour,,
,2021-06,Derbyshire Constabulary,Derbyshire Constabulary,-1.492900,52.882588,On or near Athol Close,E01013586,Derby 029C,Anti-social behaviour,,
8c6cb0d48bd0375cb81739b395191625fb9ac4807c4fa10e2f857f342abfc423,2021-06,Derbyshire Constabulary,Derbyshire Constabulary,-1.492900,52.882588,On or near Athol Close,E01013586,Derby 029C,Criminal damage and arson,Unable to prosecute suspect,
5ffdc3d042d8af50dce30a161ab121f298cd4f399b2bca6373fcca1f8ebdbe92,2021-06,Derbyshire Constabulary,Derbyshire Constabulary,-1.495559,52.881359,On or near Rothesay Close,E01013586,Derby 029C,Criminal damage and arson,Unable to prosecute suspect,
7751ba8669ea9fdadb42511ad4146eea21c40bec915626ecabc2fa8482de60da,2021-06,Derbyshire Constabulary,Derbyshire Constabulary,-1.498194,52.882251,On or near Sparrow Close,E01013586,Derby 029C,Criminal damage and arson,Unable to prosecute suspect,
8cce26214da060afc9e5d89bd011ee1c396547cc2648ed0d115de8c24be39b8e,2021-06,Derbyshire Constabulary,Derbyshire Constabulary,-1.495593,52.878464,On or near Inveraray Close,E01013586,Derby 029C,Other theft,Unable to prosecute suspect,
bc32ed51f8815343785722f51aa9327953b59c3b8046ab887596700b1b93925e,2021-06,Derbyshire Constabulary,Derbyshire Constabulary,-1.492900,52.882588,On or near Athol Close,E01013586,Derby 029C,Possession of weapons,Awaiting court outcome,
a07f51dc81017b47d1664983311486a9b4ecc791c54a9d15312820616d893f1a,2021-06,Derbyshire Constabulary,Derbyshire Constabulary,-1.492900,52.882588,On or near Athol Close,E01013586,Derby 029C,Possession of weapons,Status update unavailable,
c1708da6f1b6ce5475808c1e330bea8c1ee4ca3418b3640f037ae3fe4be038a8,2021-06,Derbyshire Constabulary,Derbyshire Constabulary,-1.499314,52.877878,On or near Hebrides Close,E01013586,Derby 029C,Public order,Investigation complete; no suspect identified,
91c19e79afce0484f41fa59c95cdf3af5ec347c1a46c5b7d00b7e2c5f208cc48,2021-06,Derbyshire Constabulary,Derbyshire Constabulary,-1.495593,52.878464,On or near Inveraray Close,E01013586,Derby 029C,Robbery,Unable to prosecute suspect,
d503e513d588b198525e043e3eccdb252333891da9968f56d755c5f2011fed08,2021-06,Derbyshire Constabulary,Derbyshire Constabulary,-1.498206,52.877370,On or near Shandwick Court,E01013586,Derby 029C,Theft from the person,Investigation complete; no suspect identified,
ee7ac448dd15cf84267de436049d09855ede70d832ac103cb9576fa221fea6a5,2021-06,Derbyshire Constabulary,Derbyshire Constabulary,-1.498992,52.882623,On or near Wagtail Close,E01013586,Derby 029C,Vehicle crime,Investigation complete; no suspect identified,
96fde3bcf85c4fa09f148ddf5b433a65162dc9bcb812c9744523c64287505765,2021-06,Derbyshire Constabulary,Derbyshire Constabulary,-1.495593,52.878464,On or near Inveraray Close,E01013586,Derby 029C,Vehicle crime,Investigation complete; no suspect identified,
9168832d2e63da926ba4048ec871b29616c1c3a6de26bb325ae1fe0d4aab77a7,2021-06,Derbyshire Constabulary,Derbyshire Constabulary,-1.497102,52.881626,On or near Stockdove Close,E01013586,Derby 029C,Violence and sexual offences,Unable to prosecute suspect,
aca96dae9ed1979b519639dca244f3c1d77450e81f92d6e33f7f09b55323f46a,2021-06,Derbyshire Constabulary,Derbyshire Constabulary,-1.494270,52.882306,On or near Cromarty Close,E01013586,Derby 029C,Violence and sexual offences,Unable to prosecute suspect,
bd6b7443455c305432a85158a6f027b226efc5e5a80ec372b0a47102e1dce2af,2021-06,Derbyshire Constabulary,Derbyshire Constabulary,-1.497989,52.879463,On or near Lindisfarne Close,E01013586,Derby 029C,Violence and sexual offences,Status update unavailable,
42264ebc104f844aba5500b3aa0cbd6a731f6492c93a9f568a564aaef4c13718,2021-06,Derbyshire Constabulary,Derbyshire Constabulary,-1.494270,52.882306,On or near Cromarty Close,E01013586,Derby 029C,Violence and sexual offences,Unable to prosecute suspect,
2055efcc3f2984b6b7e5d128b7ff89c20fa8ee959a5faabe4e6645305a1de617,2021-06,Derbyshire Constabulary,Derbyshire Constabulary,-1.494270,52.882306,On or near Cromarty Close,E01013586,Derby 029C,Violence and sexual offences,Unable to prosecute suspect,
a1f6ebead70d955c7b058d280cd2f477fcef70aa472e45b6efcf02216edfff4d,2021-06,Derbyshire Constabulary,Derbyshire Constabulary,-1.496203,52.879654,On or near Dalness Court,E01013586,Derby 029C,Violence and sexual offences,Investigation complete; no suspect identified,
04e420614cdf15d9da819bd60ffb0d6c6461fe39c9a5cef3098f50c05713f669,2021-06,Derbyshire Constabulary,Derbyshire Constabulary,-1.498194,52.882251,On or near Sparrow Close,E01013586,Derby 029C,Violence and sexual offences,Unable to prosecute suspect,
b415079640d17331f730428c4169476bf3dbe93221de42cd3e1c54fe989b3124,2021-06,Derbyshire Constabulary,Derbyshire Constabulary,-1.495559,52.881359,On or near Rothesay Close,E01013586,Derby 029C,Violence and sexual offences,Unable to prosecute suspect,
010b8b9196ed68f788be76d0a79db9dfdc7e787c370d86a7cada44b23a49c825,2021-06,Derbyshire Constabulary,Derbyshire Constabulary,-1.492900,52.882588,On or near Athol Close,E01013586,Derby 029C,Violence and sexual offences,Status update unavailable,
a0f21f7d82a8b6103fe97471c05e4ded47f245eef74e8142a422828f4a1a1958,2021-06,Derbyshire Constabulary,Derbyshire Constabulary,-1.496203,52.879654,On or near Dalness Court,E01013586,Derby 029C,Violence and sexual offences,Awaiting court outcome,
273da2b38857c4812333cfae42e540051533ca21d72c98b3a8db051df480951a,2021-06,Derbyshire Constabulary,Derbyshire Constabulary,-1.497989,52.879463,On or near Lindisfarne Close,E01013586,Derby 029C,Violence and sexual offences,Status update unavailable,
7c527cce5a9c0a5d136f887b9d3e35aefcdc2b6ec89655960fd2dca41e02c584,2021-06,Derbyshire Constabulary,Derbyshire Constabulary,-1.498194,52.882251,On or near Sparrow Close,E01013586,Derby 029C,Violence and sexual offences,Unable to prosecute suspect,
e515129f309aea53ec5fd6237e6b4b88b0752916a8209819f3f11c47b5e130e8,2021-06,Derbyshire Constabulary,Derbyshire Constabulary,-1.498194,52.882251,On or near Sparrow Close,E01013586,Derby 029C,Violence and sexual offences,Unable to prosecute suspect,
4551f39103a25a3d9abe340867330c895539072270fbede0936a064997cc1970,2021-06,Derbyshire Constabulary,Derbyshire Constabulary,-1.495559,52.881359,On or near Rothesay Close,E01013586,Derby 029C,Violence and sexual offences,Unable to prosecute suspect,
39f331118dd63457b2059583d6cbd72ea12344b4d7376d3b32f85084cdae86d2,2021-06,Derbyshire Constabulary,Derbyshire Constabulary,-1.497989,52.879463,On or near Lindisfarne Close,E01013586,Derby 029C,Violence and sexual offences,Investigation complete; no suspect identified,
010b8b9196ed68f788be76d0a79db9dfdc7e787c370d86a7cada44b23a49c825,2021-06,Derbyshire Constabulary,Derbyshire Constabulary,-1.496203,52.879654,On or near Dalness Court,E01013586,Derby 029C,Violence and sexual offences,Unable to prosecute suspect,
0fbdf9d6224ea95972cb7ad8272502dadb564b158e93fcf46a0fd2748ac7a46b,2021-06,Derbyshire Constabulary,Derbyshire Constabulary,-1.495559,52.881359,On or near Rothesay Close,E01013586,Derby 029C,Violence and sexual offences,Unable to prosecute suspect,
0f1abb553740cd4710c3f9a45f7bc0cd0d26df74ac34d1c95009cae984c82f60,2021-06,Derbyshire Constabulary,Derbyshire Constabulary,-1.494270,52.882306,On or near Cromarty Close,E01013586,Derby 029C,Violence and sexual offences,Investigation complete; no suspect identified,
8e322c0db33bc7bbfedd9cfa1e886e1410fb1bf1ef05bb0593acd4d31628cf3d,2021-06,Derbyshire Constabulary,Derbyshire Constabulary,-1.498194,52.882251,On or near Sparrow Close,E01013586,Derby 029C,Violence and sexual offences,Unable to prosecute suspect,
f6c883a0f3309a336155f92952e3b8e1d00430a67943c3e7bc137c93a9cdcba1,2021-06,Derbyshire Constabulary,Derbyshire Constabulary,-1.495593,52.878464,On or near Inveraray Close,E01013586,Derby 029C,Violence and sexual offences,Unable to prosecute suspect,
866c82de4713902cbd7fa0145ad430f6edfd210c98419c553f1179e0ce0cfad1,2021-06,Derbyshire Constabulary,Derbyshire Constabulary,-1.488802,52.882292,On or near Montrose Close,E01013587,Derby 029D,Criminal damage and arson,Local resolution,
c8a9d7c521ad332cda5e98dd9905b9da1aa4f424df6ac6f9ce474d68fb278dec,2021-06,Derbyshire Constabulary,Derbyshire Constabulary,-1.488802,52.882292,On or near Montrose Close,E01013587,Derby 029D,Public order,Local resolution,
c684cb051d070054384dca91c5a36716070199557ee52094e42485cbf3f45f9f,2021-06,Derbyshire Constabulary,Derbyshire Constabulary,-1.489401,52.880604,On or near Iona Close,E01013587,Derby 029D,Public order,Unable to prosecute suspect,
07fbfcba45fba7ba7d7df685b6e539eb80b01ec0c89b977bcc8e22a4c46b8529,2021-06,Derbyshire Constabulary,Derbyshire Constabulary,-1.488802,52.882292,On or near Montrose Close,E01013587,Derby 029D,Violence and sexual offences,Status update unavailable,
a0feb9b67e875b7971b3b97e3fe08969d373ba654fe17deef81ba2354baae0d3,2021-06,Derbyshire Constabulary,Derbyshire Constabulary,-1.488802,52.882292,On or near Montrose Close,E01013587,Derby 029D,Violence and sexual offences,Status update unavailable,
048dc747b3d7bad1a3d2219f04ce6c432767fbddfda704b76d4592de96c7c826,2021-06,Derbyshire Constabulary,Derbyshire Constabulary,-1.488802,52.882292,On or near Montrose Close,E01013587,Derby 029D,Violence and sexual offences,Local resolution,
e7c94a2b7876a87e52687f96a3424422d31d7fac347c90f2b8d5dd21a6aaeac0,2021-06,Derbyshire Constabulary,Derbyshire Constabulary,-1.488802,52.882292,On or near Montrose Close,E01013587,Derby 029D,Violence and sexual offences,Unable to prosecute suspect,
bfdb12c3c8df039229e768bcaf19d8d0c79577afd03860e7658a23cee763b20e,2021-06,Derbyshire Constabulary,Derbyshire Constabulary,-1.487487,52.880380,On or near Stroma Close,E01013587,Derby 029D,Violence and sexual offences,Unable to prosecute suspect,
968c6c347f5cc8d33a979f3021c9163e199127bd52cbf9d9428b84520bd8db9e,2021-06,Derbyshire Constabulary,Derbyshire Constabulary,-1.488802,52.882292,On or near Montrose Close,E01013587,Derby 029D,Other crime,Status update unavailable,
,2021-06,Derbyshire Constabulary,Derbyshire Constabulary,-1.482161,52.878452,On or near Sports/Recreation Area,E01013588,Derby 029E,Anti-social behaviour,,
,2021-06,Derbyshire Constabulary,Derbyshire Constabulary,-1.493397,52.874374,On or near Lapwing Close,E01013588,Derby 029E,Anti-social behaviour,,
,2021-06,Derbyshire Constabulary,Derbyshire Constabulary,-1.482161,52.878452,On or near Sports/Recreation Area,E01013588,Derby 029E,Anti-social behaviour,,
,2021-06,Derbyshire Constabulary,Derbyshire Constabulary,-1.494073,52.876238,On or near Supermarket,E01013588,Derby 029E,Anti-social behaviour,,
,2021-06,Derbyshire Constabulary,Derbyshire Constabulary,-1.493397,52.874374,On or near Lapwing Close,E01013588,Derby 029E,Anti-social behaviour,,
,2021-06,Derbyshire Constabulary,Derbyshire Constabulary,-1.494073,52.876238,On or near Supermarket,E01013588,Derby 029E,Anti-social behaviour,,
,2021-06,Derbyshire Constabulary,Derbyshire Constabulary,-1.490157,52.874432,On or near Farmhouse Road,E01013588,Derby 029E,Anti-social behaviour,,
22f69ff6b3f2ce5547a7fa3dffbe41c20491cf75c8e2f4786c4376388994a4fa,2021-06,Derbyshire Constabulary,Derbyshire Constabulary,-1.485603,52.880148,On or near Killingworth Avenue,E01013588,Derby 029E,Criminal damage and arson,Investigation complete; no suspect identified,
8f7b6c4816b600515916a758dac98af882aafa4e249ca61a70c3edcf8616520b,2021-06,Derbyshire Constabulary,Derbyshire Constabulary,-1.493397,52.874374,On or near Lapwing Close,E01013588,Derby 029E,Criminal damage and arson,Investigation complete; no suspect identified,
cb003da1bab87b5380c43f36c440e138a3cead5fd598f4ffdc7d20df8e3ea07b,2021-06,Derbyshire Constabulary,Derbyshire Constabulary,-1.493184,52.878634,On or near Ryan Close,E01013588,Derby 029E,Other theft,Investigation complete; no suspect identified,
8d50d6bb64433dcf86ba394ba39d11b5a4b4fbc999ed914752967b59c012e041,2021-06,Derbyshire Constabulary,Derbyshire Constabulary,-1.482161,52.878452,On or near Sports/Recreation Area,E01013588,Derby 029E,Possession of weapons,Unable to prosecute suspect,
88101b9cc6dfd5a0d5aa20fa168669a589815fa72d58ecdcd5599656270f1d8e,2021-06,Derbyshire Constabulary,Derbyshire Constabulary,-1.482161,52.878452,On or near Sports/Recreation Area,E01013588,Derby 029E,Public order,Unable to prosecute suspect,
2fe0a430f3337ddd838457f39aa5fe7d4eff5f706c822c0f1fb9f2c9c2f3699c,2021-06,Derbyshire Constabulary,Derbyshire Constabulary,-1.492723,52.876088,On or near Arleston Lane,E01013588,Derby 029E,Public order,Unable to prosecute suspect,
ac3173c61bcf3294d6500c4ce1563ab345cc0134559ba3188a8d145b415d21b0,2021-06,Derbyshire Constabulary,Derbyshire Constabulary,-1.492731,52.874119,On or near Falcon Way,E01013588,Derby 029E,Public order,Investigation complete; no suspect identified,
425d103bca04699f677b6dd9d0123096cfcdeeec39f18e7e302a3c3afca68406,2021-06,Derbyshire Constabulary,Derbyshire Constabulary,-1.482161,52.878452,On or near Sports/Recreation Area,E01013588,Derby 029E,Robbery,Unable to prosecute suspect,
65f905b94e15483c4be07b8773c9a8a900baf91c8afaa347fb9e1320823a15c9,2021-06,Derbyshire Constabulary,Derbyshire Constabulary,-1.494073,52.876238,On or near Supermarket,E01013588,Derby 029E,Shoplifting,Investigation complete; no suspect identified,
b31423965b8f534243dcf70fb7e16a7309c7c14408ae134f46b14f0e1a576021,2021-06,Derbyshire Constabulary,Derbyshire Constabulary,-1.494073,52.876238,On or near Supermarket,E01013588,Derby 029E,Shoplifting,Local resolution,
6601b91f3104cbfd6e351e28974900307ced3815e748632007fa774d640bb631,2021-06,Derbyshire Constabulary,Derbyshire Constabulary,-1.494073,52.876238,On or near Supermarket,E01013588,Derby 029E,Shoplifting,Awaiting court outcome,
843ccc48a9ffe87d45e706fce656a7be7ffd72b2cb0ab93695e9644c52467631,2021-06,Derbyshire Constabulary,Derbyshire Constabulary,-1.494073,52.876238,On or near Supermarket,E01013588,Derby 029E,Shoplifting,Unable to prosecute suspect,
cf692a753510978968ed742c4c6ae482010503c40fe3fd9cf4f687826abe821b,2021-06,Derbyshire Constabulary,Derbyshire Constabulary,-1.494073,52.876238,On or near Supermarket,E01013588,Derby 029E,Shoplifting,Investigation complete; no suspect identified,
f82c4788fdbc1f45ef6ba5b3f98a65ace00fddb67e7334e74967514917102968,2021-06,Derbyshire Constabulary,Derbyshire Constabulary,-1.494073,52.876238,On or near Supermarket,E01013588,Derby 029E,Shoplifting,Unable to prosecute suspect,
e2d66dbdf900c0ca87078f3ece64f6ae9045220f636b7168a8e2792eda959da5,2021-06,Derbyshire Constabulary,Derbyshire Constabulary,-1.485603,52.880148,On or near Killingworth Avenue,E01013588,Derby 029E,Vehicle crime,Investigation complete; no suspect identified,
77b5f425ac9d81a8917c4fdbbf6e47327b44c915f4c27d9a04102f0329a76664,2021-06,Derbyshire Constabulary,Derbyshire Constabulary,-1.497014,52.877661,On or near Stornoway Close,E01013588,Derby 029E,Violence and sexual offences,Awaiting court outcome,
77b5f425ac9d81a8917c4fdbbf6e47327b44c915f4c27d9a04102f0329a76664,2021-06,Derbyshire Constabulary,Derbyshire Constabulary,-1.495202,52.877546,On or near Petrol Station,E01013588,Derby 029E,Violence and sexual offences,Status update unavailable,
dbdf01584dd1bdf2dc782a8401bb969ca5fcaf90e472d89ec9c43ee4329d1303,2021-06,Derbyshire Constabulary,Derbyshire Constabulary,-1.492731,52.874119,On or near Falcon Way,E01013588,Derby 029E,Violence and sexual offences,Unable to prosecute suspect,
97e719f52f4576e05ae0c705b879a83b9dcc466c806aedc2244ee75d929fae66,2021-06,Derbyshire Constabulary,Derbyshire Constabulary,-1.482161,52.878452,On or near Sports/Recreation Area,E01013588,Derby 029E,Violence and sexual offences,Unable to prosecute suspect,
c28bc7a7f295a582fbbbbd3401e38815f18a28d5471cf262160835aa102c7d25,2021-06,Derbyshire Constabulary,Derbyshire Constabulary,-1.494073,52.876238,On or near Supermarket,E01013588,Derby 029E,Violence and sexual offences,Investigation complete; no suspect identified,
2367c262b75ab9e19ccce7f9908a8e538b4d157ebdffb5a238f73319bc0913e0,2021-06,Derbyshire Constabulary,Derbyshire Constabulary,-1.492723,52.876088,On or near Arleston Lane,E01013588,Derby 029E,Violence and sexual offences,Unable to prosecute suspect,
32481ea6efb7d530f9d9037bcc928d3afd2cb05cfdc6ea5a5c41804aaa243592,2021-06,Derbyshire Constabulary,Derbyshire Constabulary,-1.492723,52.876088,On or near Arleston Lane,E01013588,Derby 029E,Violence and sexual offences,Unable to prosecute suspect,
f6c883a0f3309a336155f92952e3b8e1d00430a67943c3e7bc137c93a9cdcba1,2021-06,Derbyshire Constabulary,Derbyshire Constabulary,-1.492731,52.874119,On or near Falcon Way,E01013588,Derby 029E,Violence and sexual offences,Status update unavailable,
f7448072695256e363c43a00b98d0c11f85b5c0b3d7c6ddc13afd7a1cae9a5e2,2021-06,Derbyshire Constabulary,Derbyshire Constabulary,-1.492723,52.876088,On or near Arleston Lane,E01013588,Derby 029E,Other crime,Unable to prosecute suspect,
,2021-06,Derbyshire Constabulary,Derbyshire Constabulary,-1.492891,52.871873,On or near Hobkirk Drive,E01013589,Derby 029F,Anti-social behaviour,,
06aed28b52ddd8779ffdfbab92351799ae3dedc6926c957ec2c198ef258cc19a,2021-06,Derbyshire Constabulary,Derbyshire Constabulary,-1.488123,52.873084,On or near Ashwater Close,E01013589,Derby 029F,Bicycle theft,Unable to prosecute suspect,
a2434fbd7d4d8100aa9346d2688b98de7641c63851fee2f19caf5e7a585f11a6,2021-06,Derbyshire Constabulary,Derbyshire Constabulary,-1.492525,52.871413,On or near Jedburgh Close,E01013589,Derby 029F,Violence and sexual offences,Unable to prosecute suspect,
3d3b339c48af6d49c67abfef9425404e98a2af5dc94f87e968910b2240c71a6d,2021-06,Derbyshire Constabulary,Derbyshire Constabulary,-1.490832,52.873868,On or near Osprey Close,E01013589,Derby 029F,Violence and sexual offences,Unable to prosecute suspect,
5c8772c9a065948214019adca12b78da67534c2aba712e5daf2468a2b6c39cd8,2021-06,Derbyshire Constabulary,Derbyshire Constabulary,-1.492891,52.871873,On or near Hobkirk Drive,E01013589,Derby 029F,Violence and sexual offences,Status update unavailable,
,2021-06,Derbyshire Constabulary,Derbyshire Constabulary,-1.449568,52.883690,On or near Chellaston Road,E01013517,Derby 030B,Anti-social behaviour,,
,2021-06,Derbyshire Constabulary,Derbyshire Constabulary,-1.452238,52.882911,On or near Sinfin Avenue,E01013517,Derby 030B,Anti-social behaviour,,
,2021-06,Derbyshire Constabulary,Derbyshire Constabulary,-1.454030,52.883423,On or near Morningside Close,E01013517,Derby 030B,Anti-social behaviour,,
,2021-06,Derbyshire Constabulary,Derbyshire Constabulary,-1.451890,52.883386,On or near Darwin Avenue,E01013517,Derby 030B,Anti-social behaviour,,
,2021-06,Derbyshire Constabulary,Derbyshire Constabulary,-1.461486,52.881362,On or near Pedestrian Subway,E01013517,Derby 030B,Anti-social behaviour,,
,2021-06,Derbyshire Constabulary,Derbyshire Constabulary,-1.452238,52.882911,On or near Sinfin Avenue,E01013517,Derby 030B,Anti-social behaviour,,
8d9556f9a5e92d35ab2c1e5dcef064dd82505f747e5cc373ea57fc6f9677c57d,2021-06,Derbyshire Constabulary,Derbyshire Constabulary,-1.449568,52.883690,On or near Chellaston Road,E01013517,Derby 030B,Criminal damage and arson,Investigation complete; no suspect identified,
2c2ae1bf65e69b07314cf40786298f93a2f2f325ed66bdb9c7a5541cb639dcd2,2021-06,Derbyshire Constabulary,Derbyshire Constabulary,-1.454030,52.883423,On or near Morningside Close,E01013517,Derby 030B,Criminal damage and arson,Investigation complete; no suspect identified,
e08a7150d623d24df240fe45b5d7847cc2bb7ce9ab7d4e9f0bc7fd3bb2ccd1a7,2021-06,Derbyshire Constabulary,Derbyshire Constabulary,-1.452479,52.885061,On or near Merrill Way,E01013517,Derby 030B,Other theft,Unable to prosecute suspect,
92fe8a9e3e81288266e714ae804bb7edc4a95a6d6ed1313cc3a27b4825e42c12,2021-06,Derbyshire Constabulary,Derbyshire Constabulary,-1.454372,52.880988,On or near Breydon Close,E01013517,Derby 030B,Other theft,Investigation complete; no suspect identified,
e80a72c307cf9226a3990bc19c77ea0b5577c5806397be252ec71c527aa9666e,2021-06,Derbyshire Constabulary,Derbyshire Constabulary,-1.449646,52.881047,On or near Carlton Gardens,E01013517,Derby 030B,Public order,Unable to prosecute suspect,
755418261584176fa609f05e7dd3d1f465608282683d82d40017b37d39151129,2021-06,Derbyshire Constabulary,Derbyshire Constabulary,-1.454098,52.880367,On or near Wroxham Close,E01013517,Derby 030B,Public order,Investigation complete; no suspect identified,
bb499e0a1632fbee494b8e692c448c2e5f8fc1aeb7f12d25ef29348c8759a906,2021-06,Derbyshire Constabulary,Derbyshire Constabulary,-1.449646,52.881047,On or near Carlton Gardens,E01013517,Derby 030B,Public order,Unable to prosecute suspect,
3987f3532d75bfcd1c8331b043dcd5cbf7cd860c70fe9413261af2fe3e1e2d8a,2021-06,Derbyshire Constabulary,Derbyshire Constabulary,-1.452479,52.885061,On or near Merrill Way,E01013517,Derby 030B,Vehicle crime,Unable to prosecute suspect,
58cc5056f761f77958189e459aac3c69279a29310fcabd952f1e2f36e5021de7,2021-06,Derbyshire Constabulary,Derbyshire Constabulary,-1.452479,52.885061,On or near Merrill Way,E01013517,Derby 030B,Violence and sexual offences,Unable to prosecute suspect,
e7ed090d0f48c03aa7fdd64ca833738ca8645dccd9d92eb9612a0218a586cb9b,2021-06,Derbyshire Constabulary,Derbyshire Constabulary,-1.454030,52.883423,On or near Morningside Close,E01013517,Derby 030B,Violence and sexual offences,Status update unavailable,
f35cff45a2b053d8ef376322c674423c0532bd325b6b6158697ce8dbad72587c,2021-06,Derbyshire Constabulary,Derbyshire Constabulary,-1.454682,52.884783,On or near Merrill Way,E01013517,Derby 030B,Violence and sexual offences,Status update unavailable,
cd741d42082a4761bd75d151e65f2f11634694e358b275480e5dd51622ac47fb,2021-06,Derbyshire Constabulary,Derbyshire Constabulary,-1.451579,52.882189,On or near Queensferry Gardens,E01013517,Derby 030B,Violence and sexual offences,Unable to prosecute suspect,
7091a7c9e8863924f98e57c4083b138703d53b6a767e0053d11fa24cba82846f,2021-06,Derbyshire Constabulary,Derbyshire Constabulary,-1.452479,52.885061,On or near Merrill Way,E01013517,Derby 030B,Violence and sexual offences,Unable to prosecute suspect,
748e1c7ca203d384c353ec7cfbbaa74367ce4217a5227aa05e3a5793b961c9b1,2021-06,Derbyshire Constabulary,Derbyshire Constabulary,-1.449646,52.881047,On or near Carlton Gardens,E01013517,Derby 030B,Violence and sexual offences,Unable to prosecute suspect,
9014d6ec7de149cc5e4c198cdc2cec7f00a3848c155c19f64f75fafd3aadae80,2021-06,Derbyshire Constabulary,Derbyshire Constabulary,-1.449646,52.881047,On or near Carlton Gardens,E01013517,Derby 030B,Violence and sexual offences,Unable to prosecute suspect,
00968cdbd8bb76ee168367e59e6f4c7f1b83828a69c85c51e6665f90c79e5ad3,2021-06,Derbyshire Constabulary,Derbyshire Constabulary,-1.452479,52.885061,On or near Merrill Way,E01013517,Derby 030B,Other crime,Unable to prosecute suspect,
,2021-06,Derbyshire Constabulary,Derbyshire Constabulary,-1.446129,52.883053,On or near Woodlands Avenue,E01013518,Derby 030C,Anti-social behaviour,,
,2021-06,Derbyshire Constabulary,Derbyshire Constabulary,-1.444414,52.877715,On or near Pedestrian Subway,E01013518,Derby 030C,Anti-social behaviour,,
,2021-06,Derbyshire Constabulary,Derbyshire Constabulary,-1.444414,52.877715,On or near Pedestrian Subway,E01013518,Derby 030C,Anti-social behaviour,,
,2021-06,Derbyshire Constabulary,Derbyshire Constabulary,-1.444414,52.877715,On or near Pedestrian Subway,E01013518,Derby 030C,Anti-social behaviour,,
,2021-06,Derbyshire Constabulary,Derbyshire Constabulary,-1.444414,52.877715,On or near Pedestrian Subway,E01013518,Derby 030C,Anti-social behaviour,,
e0ebe28864328f1d36ac7bf11d3584e4403557131de674f5d1eb185c7876d1be,2021-06,Derbyshire Constabulary,Derbyshire Constabulary,-1.449034,52.878977,On or near Weston Park Avenue,E01013518,Derby 030C,Drugs,Status update unavailable,
7e63ec8f6fa02d2fbff826914a12c55f7c9843a7f3dc4b2e9786fc78f6e2e93b,2021-06,Derbyshire Constabulary,Derbyshire Constabulary,-1.444329,52.882020,On or near Jubilee Road,E01013518,Derby 030C,Public order,Investigation complete; no suspect identified,
6a800b04348eef122f8b68fa680dee1ac558e419e982c3d61fcb9e5d204a65a0,2021-06,Derbyshire Constabulary,Derbyshire Constabulary,-1.445778,52.879097,On or near Supermarket,E01013518,Derby 030C,Public order,Investigation complete; no suspect identified,
ad9e798c75817b35332b4beeb2932253da1792a8f31792f646e158fd554f3171,2021-06,Derbyshire Constabulary,Derbyshire Constabulary,-1.445778,52.879097,On or near Supermarket,E01013518,Derby 030C,Shoplifting,Investigation complete; no suspect identified,
2faa8cf86c125ab6d5383edcb65c467a7cf1846b6ed2304e09a6f9e1b99f5f9f,2021-06,Derbyshire Constabulary,Derbyshire Constabulary,-1.445778,52.879097,On or near Supermarket,E01013518,Derby 030C,Shoplifting,Investigation complete; no suspect identified,
95c46424e2ac3044e01c3d39a37fc8d0d4e33a4b8aed8137e63838bef53c7604,2021-06,Derbyshire Constabulary,Derbyshire Constabulary,-1.445778,52.879097,On or near Supermarket,E01013518,Derby 030C,Violence and sexual offences,Investigation complete; no suspect identified,
4ee3335b77a1d1e977362ceeb2811ebbb1bbbf7d897520234904ae1b26a808fc,2021-06,Derbyshire Constabulary,Derbyshire Constabulary,-1.444483,52.879297,On or near Acorn Close,E01013518,Derby 030C,Violence and sexual offences,Status update unavailable,
e6dbf944fce4c3c1623ee22a34966f67e8bdd93996650cc1821decad1734550d,2021-06,Derbyshire Constabulary,Derbyshire Constabulary,-1.446904,52.884010,On or near Sutton Drive,E01013518,Derby 030C,Violence and sexual offences,Unable to prosecute suspect,
,2021-06,Derbyshire Constabulary,Derbyshire Constabulary,-1.451184,52.878151,On or near Denarth Avenue,E01013521,Derby 030D,Anti-social behaviour,,
,2021-06,Derbyshire Constabulary,Derbyshire Constabulary,-1.449875,52.879430,On or near Carlton Drive,E01013521,Derby 030D,Anti-social behaviour,,
20bd7378e4d54fe83af710c77be03081d78a82d7f30a065e6ade94223706288d,2021-06,Derbyshire Constabulary,Derbyshire Constabulary,-1.449875,52.879430,On or near Carlton Drive,E01013521,Derby 030D,Criminal damage and arson,Unable to prosecute suspect,
fb05652c6d868ece6db722cbb18dbf0a8c9f9bf42c3a271949c7fbfc12ba5983,2021-06,Derbyshire Constabulary,Derbyshire Constabulary,-1.453915,52.878370,On or near Cantley Close,E01013521,Derby 030D,Drugs,Status update unavailable,
59e45ae2c59384cf833a26d774b765d407af5e3080ac8439dcfefbcec0ac914b,2021-06,Derbyshire Constabulary,Derbyshire Constabulary,-1.450630,52.876126,On or near Somersal Close,E01013521,Derby 030D,Other theft,Unable to prosecute suspect,
0e833c3c2a01f6337867bdeaed077e4030431a0746908cc538ad699d8f0151be,2021-06,Derbyshire Constabulary,Derbyshire Constabulary,-1.451184,52.878151,On or near Denarth Avenue,E01013521,Derby 030D,Public order,Unable to prosecute suspect,
78a4c6f7a7de7bc1840e105a6f1c81fa6ef8e2d89c4674a996a2a1b06f4baee3,2021-06,Derbyshire Constabulary,Derbyshire Constabulary,-1.447117,52.877763,On or near Staveley Close,E01013521,Derby 030D,Violence and sexual offences,Unable to prosecute suspect,
d3018daf11036874e44d82387d9e8b27a1589b2332390d09e127161bec759548,2021-06,Derbyshire Constabulary,Derbyshire Constabulary,-1.447117,52.877763,On or near Staveley Close,E01013521,Derby 030D,Violence and sexual offences,Unable to prosecute suspect,
aaa58de170280cea84e2ac83833093282840a4543541af67e1280d9f8c30da24,2021-06,Derbyshire Constabulary,Derbyshire Constabulary,-1.448431,52.877293,On or near Stonyhurst Court,E01013521,Derby 030D,Violence and sexual offences,Unable to prosecute suspect,
cb6a634905126211599450c247ecc65db659034afe71afa5ecfb6e0772ba0c99,2021-06,Derbyshire Constabulary,Derbyshire Constabulary,-1.450468,52.877159,On or near Scarcliffe Close,E01013521,Derby 030D,Violence and sexual offences,Unable to prosecute suspect,
0208ab449fd043982f0a441604da88af1984990ab0c2ac76ea8393a332098c49,2021-06,Derbyshire Constabulary,Derbyshire Constabulary,-1.448431,52.877293,On or near Stonyhurst Court,E01013521,Derby 030D,Violence and sexual offences,Status update unavailable,
4a96cd1a32563deb1f4b8d46857745f7b40aa39c9a844228f5f4323c898beb0f,2021-06,Derbyshire Constabulary,Derbyshire Constabulary,-1.451184,52.878151,On or near Denarth Avenue,E01013521,Derby 030D,Violence and sexual offences,Unable to prosecute suspect,
1981c5cf805aeb45d7b49c74b4a55af2f0f5b54463ca24f487e3cc91e471901d,2021-06,Derbyshire Constabulary,Derbyshire Constabulary,-1.450468,52.877159,On or near Scarcliffe Close,E01013521,Derby 030D,Violence and sexual offences,Unable to prosecute suspect,
0367b7fbdbdf685761fdf4bcff3ea4d611364ab95efe382eaff4b5109950e90a,2021-06,Derbyshire Constabulary,Derbyshire Constabulary,-1.447117,52.877763,On or near Staveley Close,E01013521,Derby 030D,Violence and sexual offences,Unable to prosecute suspect,
976ed0c85249bae8d2b186da0c2540d30d187f7e0ed52513be2f50207c6ff446,2021-06,Derbyshire Constabulary,Derbyshire Constabulary,-1.451184,52.878151,On or near Denarth Avenue,E01013521,Derby 030D,Violence and sexual offences,Unable to prosecute suspect,
,2021-06,Derbyshire Constabulary,Derbyshire Constabulary,-1.445468,52.873126,On or near Nerissa Close,E01033168,Derby 030E,Anti-social behaviour,,
,2021-06,Derbyshire Constabulary,Derbyshire Constabulary,-1.445468,52.873126,On or near Nerissa Close,E01033168,Derby 030E,Anti-social behaviour,,
d56dbc1aec16372b0910e6c8450099731775fd62a3655f80c5968c474cbce81c,2021-06,Derbyshire Constabulary,Derbyshire Constabulary,-1.443457,52.875813,On or near West Avenue,E01033168,Derby 030E,Criminal damage and arson,Investigation complete; no suspect identified,
0e9369eeeb7fd7012984fd040df227b20df6e88a0ec1b529e5cc704a6a06b924,2021-06,Derbyshire Constabulary,Derbyshire Constabulary,-1.444013,52.873038,On or near Springfield Road,E01033168,Derby 030E,Vehicle crime,Investigation complete; no suspect identified,
9b7199bee71f224c1254a0394d736e8686bf1d210912b0d91aad4f412d53fb52,2021-06,Derbyshire Constabulary,Derbyshire Constabulary,-1.449004,52.870751,On or near Skipness Close,E01033169,Derby 030F,Violence and sexual offences,Status update unavailable,
43ce088cd5d3b03be5c83db373e44497b434cb2cc385b8bfbc0df1606a47dd2e,2021-06,Derbyshire Constabulary,Derbyshire Constabulary,-1.444271,52.871448,On or near Mill Moor Close,E01033170,Derby 030G,Violence and sexual offences,Unable to prosecute suspect,
1718861a42c18f1fb64ecf60db690ba401f5f37e5c2f80f672b0aabd00e195da,2021-06,Derbyshire Constabulary,Derbyshire Constabulary,-1.445267,52.865574,On or near Marquis Gardens,E01033170,Derby 030G,Violence and sexual offences,Unable to prosecute suspect,
,2021-06,Derbyshire Constabulary,Derbyshire Constabulary,-1.438766,52.870937,On or near Orchard Way,E01013514,Derby 031A,Anti-social behaviour,,
,2021-06,Derbyshire Constabulary,Derbyshire Constabulary,-1.430724,52.867842,On or near Sports/Recreation Area,E01013514,Derby 031A,Anti-social behaviour,,
a07f51dc81017b47d1664983311486a9b4ecc791c54a9d15312820616d893f1a,2021-06,Derbyshire Constabulary,Derbyshire Constabulary,-1.436076,52.868713,On or near Church Close,E01013514,Derby 031A,Possession of weapons,Awaiting court outcome,
8427ab66069598224526c97be819f6d0a764e59ae35e5255d904486c32e3a7d9,2021-06,Derbyshire Constabulary,Derbyshire Constabulary,-1.435761,52.872379,On or near Redmires Drive,E01013514,Derby 031A,Robbery,Investigation complete; no suspect identified,
8427ab66069598224526c97be819f6d0a764e59ae35e5255d904486c32e3a7d9,2021-06,Derbyshire Constabulary,Derbyshire Constabulary,-1.438766,52.870937,On or near Orchard Way,E01013514,Derby 031A,Robbery,Status update unavailable,
e72a5aef6e191592524fc19a7a37c77dac2fc8bb5014f1624667f1d0e8824d6a,2021-06,Derbyshire Constabulary,Derbyshire Constabulary,-1.432924,52.866612,On or near Woodgate Drive,E01013514,Derby 031A,Vehicle crime,Investigation complete; no suspect identified,
3fdd231cbfe93fe85cdb6c9c2e0b0c03bedef1bde820eb4455ed1a09024f119a,2021-06,Derbyshire Constabulary,Derbyshire Constabulary,-1.434612,52.870450,On or near School Lane,E01013514,Derby 031A,Violence and sexual offences,Unable to prosecute suspect,
795f58c941675d5db74a773e49448bd45ad0f824493a4ac0a938ec3c42aa1531,2021-06,Derbyshire Constabulary,Derbyshire Constabulary,-1.434326,52.873011,On or near Langsett Drive,E01013514,Derby 031A,Violence and sexual offences,Unable to prosecute suspect,
d0dd29bbac175abfa73c14c528c504d9ff045b15050bc572ed4aaa605acae9a2,2021-06,Derbyshire Constabulary,Derbyshire Constabulary,-1.434326,52.873011,On or near Langsett Drive,E01013514,Derby 031A,Violence and sexual offences,Unable to prosecute suspect,
ae57ada6c9cb6bd0eeff50fa18dbed50e82d7428a131ab6a7a56c838bbdbbfb4,2021-06,Derbyshire Constabulary,Derbyshire Constabulary,-1.434188,52.869927,On or near High Street,E01013514,Derby 031A,Violence and sexual offences,Unable to prosecute suspect,
d66ecfb4704a80022f11e0edc92d1152c084f1b2b5c12bff7b912795939b9937,2021-06,Derbyshire Constabulary,Derbyshire Constabulary,-1.438766,52.870937,On or near Orchard Way,E01013514,Derby 031A,Violence and sexual offences,Unable to prosecute suspect,
,2021-06,Derbyshire Constabulary,Derbyshire Constabulary,-1.440395,52.870154,On or near Chellaston Park Court,E01013515,Derby 031B,Anti-social behaviour,,
,2021-06,Derbyshire Constabulary,Derbyshire Constabulary,-1.440395,52.870154,On or near Chellaston Park Court,E01013515,Derby 031B,Anti-social behaviour,,
,2021-06,Derbyshire Constabulary,Derbyshire Constabulary,-1.438026,52.868417,On or near Supermarket,E01013515,Derby 031B,Anti-social behaviour,,
,2021-06,Derbyshire Constabulary,Derbyshire Constabulary,-1.438026,52.868417,On or near Supermarket,E01013515,Derby 031B,Anti-social behaviour,,
,2021-06,Derbyshire Constabulary,Derbyshire Constabulary,-1.431954,52.864657,On or near Ridgeway,E01013515,Derby 031B,Anti-social behaviour,,
,2021-06,Derbyshire Constabulary,Derbyshire Constabulary,-1.438026,52.868417,On or near Supermarket,E01013515,Derby 031B,Anti-social behaviour,,
,2021-06,Derbyshire Constabulary,Derbyshire Constabulary,-1.431954,52.864657,On or near Ridgeway,E01013515,Derby 031B,Anti-social behaviour,,
,2021-06,Derbyshire Constabulary,Derbyshire Constabulary,-1.440395,52.870154,On or near Chellaston Park Court,E01013515,Derby 031B,Anti-social behaviour,,
,2021-06,Derbyshire Constabulary,Derbyshire Constabulary,-1.434804,52.863682,On or near Walnut Close,E01013515,Derby 031B,Anti-social behaviour,,
2a6e224eaff32e31221b2e41d6b121339f6a19a49ac3c39bf2f75a4c6d56ed03,2021-06,Derbyshire Constabulary,Derbyshire Constabulary,-1.434804,52.863682,On or near Walnut Close,E01013515,Derby 031B,Criminal damage and arson,Unable to prosecute suspect,
b836e1c13e204312866319f79b42c79e6a8994112b720ee96da9a9ddaf77420f,2021-06,Derbyshire Constabulary,Derbyshire Constabulary,-1.431954,52.864657,On or near Ridgeway,E01013515,Derby 031B,Criminal damage and arson,Investigation complete; no suspect identified,
28587ac040d26311ee94dad8524d4cc0ceb80784114fcde94d01f65174e6d0c3,2021-06,Derbyshire Constabulary,Derbyshire Constabulary,-1.434804,52.863682,On or near Walnut Close,E01013515,Derby 031B,Criminal damage and arson,Unable to prosecute suspect,
598092ea59d76f58ead1be1e0c229eb32ff5679e11681a27fa2a3da245c9ff70,2021-06,Derbyshire Constabulary,Derbyshire Constabulary,-1.434631,52.864427,On or near Second Avenue,E01013515,Derby 031B,Other theft,Unable to prosecute suspect,
36b1e71d189c64f25a5d3273a8ed5d609d1ab7fb835e76c3e964f146e4a6588f,2021-06,Derbyshire Constabulary,Derbyshire Constabulary,-1.440395,52.870154,On or near Chellaston Park Court,E01013515,Derby 031B,Public order,Unable to prosecute suspect,
fdb13971356e04d1535b04f462f50842a44efc4fecf12fdd0247b13531025307,2021-06,Derbyshire Constabulary,Derbyshire Constabulary,-1.433785,52.865502,On or near Weston Rise,E01013515,Derby 031B,Public order,Unable to prosecute suspect,
0cf8489052086dfd6520243e927c2d8ff6e9fc096079a4436746e120ff932d17,2021-06,Derbyshire Constabulary,Derbyshire Constabulary,-1.434804,52.863682,On or near Walnut Close,E01013515,Derby 031B,Violence and sexual offences,Unable to prosecute suspect,
9ca5b1a073ce339c384abf98068459447097601ed1575122aa9a53f568ec4dd0,2021-06,Derbyshire Constabulary,Derbyshire Constabulary,-1.431954,52.864657,On or near Ridgeway,E01013515,Derby 031B,Violence and sexual offences,Unable to prosecute suspect,
659cc8395b8b32703ccb8df1391bf8c17b68d96f455ba4f3db8c261bd9b8c87a,2021-06,Derbyshire Constabulary,Derbyshire Constabulary,-1.438026,52.868417,On or near Supermarket,E01013515,Derby 031B,Violence and sexual offences,Unable to prosecute suspect,
8ac775df095175d6a05aca2822a9b1cdafc39d6d825f5b4a3d1d5caabcd5c809,2021-06,Derbyshire Constabulary,Derbyshire Constabulary,-1.434804,52.863682,On or near Walnut Close,E01013515,Derby 031B,Violence and sexual offences,Status update unavailable,
2fcb767d114c09a3f0e2bdd258023b905874114adefbde353b6e80f9280b002e,2021-06,Derbyshire Constabulary,Derbyshire Constabulary,-1.440395,52.870154,On or near Chellaston Park Court,E01013515,Derby 031B,Violence and sexual offences,Status update unavailable,
f3dd9038c228341c1e05ff755b735cdc9c215b1cd32ada3f0c7f02097e981f6a,2021-06,Derbyshire Constabulary,Derbyshire Constabulary,-1.434804,52.863682,On or near Walnut Close,E01013515,Derby 031B,Violence and sexual offences,Unable to prosecute suspect,
d92d4af4914d27ccc884e9847efec5b2fbdfae9c1b642f52560d9281770d819d,2021-06,Derbyshire Constabulary,Derbyshire Constabulary,-1.434804,52.863682,On or near Walnut Close,E01013515,Derby 031B,Violence and sexual offences,Unable to prosecute suspect,
6e9d562a3319ea27a90589e6759793f70431380b3005687d67872952041fad81,2021-06,Derbyshire Constabulary,Derbyshire Constabulary,-1.437653,52.865044,On or near Swarkestone Road,E01013515,Derby 031B,Violence and sexual offences,Unable to prosecute suspect,
401451a8295f26f40b3d6d2f229648ef433bd29cb514895b252d44bf374c4569,2021-06,Derbyshire Constabulary,Derbyshire Constabulary,-1.437653,52.865044,On or near Swarkestone Road,E01013515,Derby 031B,Violence and sexual offences,Unable to prosecute suspect,
,2021-06,Derbyshire Constabulary,Derbyshire Constabulary,-1.427446,52.875423,On or near Sports/Recreation Area,E01013519,Derby 031C,Anti-social behaviour,,
,2021-06,Derbyshire Constabulary,Derbyshire Constabulary,-1.431713,52.871767,On or near Townsend Grove,E01013519,Derby 031C,Anti-social behaviour,,
,2021-06,Derbyshire Constabulary,Derbyshire Constabulary,-1.431713,52.871767,On or near Townsend Grove,E01013519,Derby 031C,Anti-social behaviour,,
d00e9c04e6aee0f39dda36b25847ad3aca01174057ecba63fc57082f3f514b16,2021-06,Derbyshire Constabulary,Derbyshire Constabulary,-1.431248,52.873230,On or near Little Meadow Road,E01013519,Derby 031C,Other theft,Investigation complete; no suspect identified,
e9edff4387cb579e99bdb7f6390fd41f3600550195a0367b4e59134cbdd55120,2021-06,Derbyshire Constabulary,Derbyshire Constabulary,-1.433075,52.871027,On or near Wimbourne Close,E01013519,Derby 031C,Other theft,Unable to prosecute suspect,
581767f98298dc2225c6dc49b5e118edd8909fda0aa8f69cc9be116d255871c4,2021-06,Derbyshire Constabulary,Derbyshire Constabulary,-1.431713,52.871767,On or near Townsend Grove,E01013519,Derby 031C,Public order,Further investigation is not in the public interest,
6576c27a9a74b0648208bccb83c63f15fa56913b67dbee78b2a6095a2a716b47,2021-06,Derbyshire Constabulary,Derbyshire Constabulary,-1.431405,52.872583,On or near Sandyhill Close,E01013519,Derby 031C,Public order,Unable to prosecute suspect,
f42e741dd65e37253d9be4f2249ec3fff9507d72a66120fc9fb894dcf89081b1,2021-06,Derbyshire Constabulary,Derbyshire Constabulary,-1.431713,52.871767,On or near Townsend Grove,E01013519,Derby 031C,Public order,Unable to prosecute suspect,
56b3ace9354344bcfc77339e0d2dac6f02a01d6e4ca01e39d88e47d119312129,2021-06,Derbyshire Constabulary,Derbyshire Constabulary,-1.430181,52.873063,On or near Fellow Lands Way,E01013519,Derby 031C,Public order,Investigation complete; no suspect identified,
19f02a9127aa617d740d371e06d4eee76afc7add49c4bdc146b2f7fa48b9915c,2021-06,Derbyshire Constabulary,Derbyshire Constabulary,-1.431713,52.871767,On or near Townsend Grove,E01013519,Derby 031C,Public order,Unable to prosecute suspect,
522ebdbb4ebec656eeccc36dcc119b0e0c22e856e385ea8ae3ee6dbc106564e9,2021-06,Derbyshire Constabulary,Derbyshire Constabulary,-1.427531,52.873428,On or near Acrefield Way,E01013519,Derby 031C,Vehicle crime,Status update unavailable,
00f63df0e85f2f1a391a312b8cc80eac48da7e18b868331e3116f94f429f37cf,2021-06,Derbyshire Constabulary,Derbyshire Constabulary,-1.430553,52.870709,On or near Hawksdale Close,E01013519,Derby 031C,Vehicle crime,Status update unavailable,
61c0ec688a5230523617e4a33cce40ede0db1eab0b95dcd1523264dd9ef715b0,2021-06,Derbyshire Constabulary,Derbyshire Constabulary,-1.428635,52.874215,On or near Thurrows Way,E01013519,Derby 031C,Vehicle crime,Status update unavailable,
372fd66c96ddbe55c7de0922fcfeffdd87575b5cba087c3b0f978debcab92f76,2021-06,Derbyshire Constabulary,Derbyshire Constabulary,-1.433075,52.871027,On or near Wimbourne Close,E01013519,Derby 031C,Violence and sexual offences,Unable to prosecute suspect,
caff5fc10c5b4c0319b2f965afd00114d1b3c9262b64da55fee5320895206fab,2021-06,Derbyshire Constabulary,Derbyshire Constabulary,-1.433075,52.871027,On or near Wimbourne Close,E01013519,Derby 031C,Violence and sexual offences,Unable to prosecute suspect,
5a7c8a5e2b58921620dbeeaf1a2b13bbd7feeceff2f52f22828be2047788e40e,2021-06,Derbyshire Constabulary,Derbyshire Constabulary,-1.430181,52.873063,On or near Fellow Lands Way,E01013519,Derby 031C,Violence and sexual offences,Unable to prosecute suspect,
cdc4103a781281c35af4adb93065ad901d1f389589cb917697cb4dcf15880bcd,2021-06,Derbyshire Constabulary,Derbyshire Constabulary,-1.430181,52.873063,On or near Fellow Lands Way,E01013519,Derby 031C,Violence and sexual offences,Unable to prosecute suspect,
bb6b29db76c6acf1e30ed7fad0c4b1a8663068027046ece37d6c7a4a250d0d1e,2021-06,Derbyshire Constabulary,Derbyshire Constabulary,-1.428897,52.871232,On or near Bradmoor Grove,E01013519,Derby 031C,Violence and sexual offences,Unable to prosecute suspect,
97d54f2993d94efca7e3ffb084b5b3719fd489274c831fd4bb03878f4b0f5857,2021-06,Derbyshire Constabulary,Derbyshire Constabulary,-1.430181,52.873063,On or near Fellow Lands Way,E01013519,Derby 031C,Violence and sexual offences,Unable to prosecute suspect,
8b0e5538c2fbc3942a9d3171d0f485b2a40bf38ec0c2319643bcb81a749d4583,2021-06,Derbyshire Constabulary,Derbyshire Constabulary,-1.431713,52.871767,On or near Townsend Grove,E01013519,Derby 031C,Violence and sexual offences,Unable to prosecute suspect,
f46275caad644c8e91ab6162fc07ac64e8260f66ed106e913c1919976706a936,2021-06,Derbyshire Constabulary,Derbyshire Constabulary,-1.433075,52.871027,On or near Wimbourne Close,E01013519,Derby 031C,Violence and sexual offences,Unable to prosecute suspect,
706f1ce31fd34abd8fada4c3230fcadf47b2c44e72af21cda6743150109b16ca,2021-06,Derbyshire Constabulary,Derbyshire Constabulary,-1.428635,52.874215,On or near Thurrows Way,E01013519,Derby 031C,Violence and sexual offences,Status update unavailable,
7645a45600ac83764fe1ea3e68d1770f4dd153f767c98153103bfba899f697af,2021-06,Derbyshire Constabulary,Derbyshire Constabulary,-1.431405,52.872583,On or near Sandyhill Close,E01013519,Derby 031C,Violence and sexual offences,Unable to prosecute suspect,
c1e79fde832c3b2a3e4eaf657c956c9c6e371cf6a954e6959474c5df46342b7b,2021-06,Derbyshire Constabulary,Derbyshire Constabulary,-1.431713,52.871767,On or near Townsend Grove,E01013519,Derby 031C,Violence and sexual offences,Unable to prosecute suspect,
2214ba2a0a2d660569dd83a10b0f5a32f8c3d22b4d9a71f406afeb3c65117974,2021-06,Derbyshire Constabulary,Derbyshire Constabulary,-1.431405,52.872583,On or near Sandyhill Close,E01013519,Derby 031C,Violence and sexual offences,Awaiting court outcome,
9f451f93aff546f46fe9ea335500b8a806b1825271c313c5c6cac9c7a43ebe49,2021-06,Derbyshire Constabulary,Derbyshire Constabulary,-1.431713,52.871767,On or near Townsend Grove,E01013519,Derby 031C,Violence and sexual offences,Unable to prosecute suspect,
240e0aa831d9c5cf97bb63c01eb285c74387aceb08234e19307bf91e18ddd928,2021-06,Derbyshire Constabulary,Derbyshire Constabulary,-1.440824,52.874929,On or near Ferncroft Walk,E01013520,Derby 031D,Violence and sexual offences,Unable to prosecute suspect,
39b8d7b5876c4681fc66eb9c4744f89ac44ee03346610877bad2be8a0c7e5d40,2021-06,Derbyshire Constabulary,Derbyshire Constabulary,-1.439216,52.876342,On or near Hillcreste Drive,E01013520,Derby 031D,Violence and sexual offences,Unable to prosecute suspect,
bebcb2e811e014ce1a10ae5ebf9f61847d61e48603819c5964a0691e512d21c1,2021-06,Derbyshire Constabulary,Derbyshire Constabulary,-1.440824,52.874929,On or near Ferncroft Walk,E01013520,Derby 031D,Violence and sexual offences,Unable to prosecute suspect,
,2021-06,Derbyshire Constabulary,Derbyshire Constabulary,-1.745996,53.296931,On or near B6049,E01019602,Derbyshire Dales 001A,Anti-social behaviour,,
,2021-06,Derbyshire Constabulary,Derbyshire Constabulary,-1.766417,53.335183,On or near Pindale Road,E01019602,Derbyshire Dales 001A,Anti-social behaviour,,
,2021-06,Derbyshire Constabulary,Derbyshire Constabulary,-1.766417,53.335183,On or near Pindale Road,E01019602,Derbyshire Dales 001A,Anti-social behaviour,,
,2021-06,Derbyshire Constabulary,Derbyshire Constabulary,-1.766417,53.335183,On or near Pindale Road,E01019602,Derbyshire Dales 001A,Anti-social behaviour,,
56e410da20a1539105c542468d344f104b656ea465fa88b98956ad97a0539633,2021-06,Derbyshire Constabulary,Derbyshire Constabulary,-1.743117,53.331576,On or near Michlow Close,E01019602,Derbyshire Dales 001A,Burglary,Investigation complete; no suspect identified,
145071be1bc65d0c5927239f3efe5522ab92cb98c515c0cdb2088a6d77ba8932,2021-06,Derbyshire Constabulary,Derbyshire Constabulary,-1.712269,53.294454,On or near Bradshaw Lane,E01019602,Derbyshire Dales 001A,Public order,Unable to prosecute suspect,
3ff5ae332bd9eef69dda38f852b3ec878db44637c9d1d2e866a710a8da58968a,2021-06,Derbyshire Constabulary,Derbyshire Constabulary,-1.740319,53.327417,On or near Supermarket,E01019602,Derbyshire Dales 001A,Public order,Unable to prosecute suspect,
83fa77e81cf32d94b697ef618f7cac8d8af9e638e11f45d6bbb76d46b58f6dd6,2021-06,Derbyshire Constabulary,Derbyshire Constabulary,-1.740319,53.327417,On or near Supermarket,E01019602,Derbyshire Dales 001A,Public order,Unable to prosecute suspect,
f0475366f7a85a0fde9245d847b9a214df4529eed01aebed7d8755edc0684691,2021-06,Derbyshire Constabulary,Derbyshire Constabulary,-1.746963,53.313436,On or near New Road,E01019602,Derbyshire Dales 001A,Violence and sexual offences,Investigation complete; no suspect identified,
0970af9247587539fafd4b3bf5927312d5130934b279ffdc0f8328a81b743618,2021-06,Derbyshire Constabulary,Derbyshire Constabulary,-1.746963,53.313436,On or near New Road,E01019602,Derbyshire Dales 001A,Violence and sexual offences,Investigation complete; no suspect identified,
8e95ce7f6bfee87d10d2ce44ae64018e93a3f2c845e86718b88da6fef85a1430,2021-06,Derbyshire Constabulary,Derbyshire Constabulary,-1.746963,53.313436,On or near New Road,E01019602,Derbyshire Dales 001A,Violence and sexual offences,Investigation complete; no suspect identified,
a314ad9f7c362546eb9bed78c0644f9eb8d7104dafe5e2b6409c71dfa52b593b,2021-06,Derbyshire Constabulary,Derbyshire Constabulary,-1.712269,53.294454,On or near Bradshaw Lane,E01019602,Derbyshire Dales 001A,Violence and sexual offences,Investigation complete; no suspect identified,
,2021-06,Derbyshire Constabulary,Derbyshire Constabulary,-1.625467,53.302645,On or near Padley Hill,E01019614,Derbyshire Dales 001B,Anti-social behaviour,,
,2021-06,Derbyshire Constabulary,Derbyshire Constabulary,-1.653380,53.330073,On or near Ibbotsons Croft,E01019614,Derbyshire Dales 001B,Anti-social behaviour,,
9486d48f71c7a19c0e02b3aadf3c48dd050b6902010cb8bb3d3a8dae8fc625d4,2021-06,Derbyshire Constabulary,Derbyshire Constabulary,-1.649183,53.332847,On or near Church Bank,E01019614,Derbyshire Dales 001B,Burglary,Investigation complete; no suspect identified,
792f0e9ff2283f09330374c875ebee0b81748a729e3d6214a5dcca61ff61e6c7,2021-06,Derbyshire Constabulary,Derbyshire Constabulary,-1.649360,53.327823,On or near Sheffield Road,E01019614,Derbyshire Dales 001B,Burglary,Investigation complete; no suspect identified,
79aec886952fd663c81e27af8c1acb12fd935c4955696e7d3d98edb46fe012b8,2021-06,Derbyshire Constabulary,Derbyshire Constabulary,-1.649360,53.327823,On or near Sheffield Road,E01019614,Derbyshire Dales 001B,Burglary,Investigation complete; no suspect identified,
ee4518d5c4524cceded878c41f971acfb813faff27070a37f5198c8e806c9cf7,2021-06,Derbyshire Constabulary,Derbyshire Constabulary,-1.648873,53.332298,On or near Hungry Lane,E01019614,Derbyshire Dales 001B,Criminal damage and arson,Investigation complete; no suspect identified,
25b5d8c79248de862aff19a081677afe106852c53eeadde315f1bd39508786de,2021-06,Derbyshire Constabulary,Derbyshire Constabulary,-1.648873,53.332298,On or near Hungry Lane,E01019614,Derbyshire Dales 001B,Criminal damage and arson,Investigation complete; no suspect identified,
9b3b3171f04039bf41cb2df760a9d23e4912bd971f97e6f436ef100c68690bd1,2021-06,Derbyshire Constabulary,Derbyshire Constabulary,-1.652330,53.328128,On or near Roslyn Road,E01019614,Derbyshire Dales 001B,Other theft,Investigation complete; no suspect identified,
2842a78e97821ac68882328fe4d29ef4150d3d6dba61736438862be726901ea7,2021-06,Derbyshire Constabulary,Derbyshire Constabulary,-1.635961,53.294911,On or near Derwent Close,E01019614,Derbyshire Dales 001B,Vehicle crime,Investigation complete; no suspect identified,
3b3cfc756e919e7fedb48df0ef3027b51f3ceb25f6e4efbd4dbab54f7a214a62,2021-06,Derbyshire Constabulary,Derbyshire Constabulary,-1.652330,53.328128,On or near Roslyn Road,E01019614,Derbyshire Dales 001B,Violence and sexual offences,Unable to prosecute suspect,
29d90d848a13c4cdc35a6709f3afffc7efe11c52bb4df55324c053e64b73bd74,2021-06,Derbyshire Constabulary,Derbyshire Constabulary,-1.631082,53.305782,On or near Park/Open Space,E01019614,Derbyshire Dales 001B,Violence and sexual offences,Investigation complete; no suspect identified,
292b4eb064731a17f16f6431b13689ea841bcc0a531a9e8f85d6b1121e49f739,2021-06,Derbyshire Constabulary,Derbyshire Constabulary,-1.627612,53.314840,On or near Park/Open Space,E01019614,Derbyshire Dales 001B,Violence and sexual offences,Unable to prosecute suspect,
a53f61f87ebd5dd4569e23aa158f1df4039c8b998f59dd0d46e7de5d6ec832cc,2021-06,Derbyshire Constabulary,Derbyshire Constabulary,-1.710620,53.316428,On or near Duper Lane,E01019615,Derbyshire Dales 001C,Burglary,Investigation complete; no suspect identified,
e0c19e938baedf12755d682c116767702a4ae95709aae32f992e85be5265c4e0,2021-06,Derbyshire Constabulary,Derbyshire Constabulary,-1.659475,53.330306,On or near Park Edge,E01019615,Derbyshire Dales 001C,Criminal damage and arson,Investigation complete; no suspect identified,
276345c5aaf0b1b5970fdaf8dd6c71d166ff05776c9691ac368550ba3fc237a2,2021-06,Derbyshire Constabulary,Derbyshire Constabulary,-1.641834,53.290515,On or near Goatscliff Farm Lane,E01019615,Derbyshire Dales 001C,Other theft,Investigation complete; no suspect identified,
566459764f019b9bf4309421a4085243a6889aec041339d73143af11236f90b5,2021-06,Derbyshire Constabulary,Derbyshire Constabulary,-1.674842,53.283913,On or near Church Street,E01019615,Derbyshire Dales 001C,Other theft,Investigation complete; no suspect identified,
9617660b168e690aa41fbfdeaeb080fb11960f86d45231d0f9fe69b5010cd81f,2021-06,Derbyshire Constabulary,Derbyshire Constabulary,-1.668386,53.284821,On or near Riley Back Lane,E01019615,Derbyshire Dales 001C,Vehicle crime,Status update unavailable,
3e987935939495fc239f7460d9e3fc1a67f44571d4dbee02ba06030341027d92,2021-06,Derbyshire Constabulary,Derbyshire Constabulary,-1.636024,53.294651,On or near Derwent Avenue,E01019615,Derbyshire Dales 001C,Vehicle crime,Investigation complete; no suspect identified,
7f998ab2acd3d45747947a13a5cc4068a8fbdd1aabd4e1b9ef10fca6221fbebb,2021-06,Derbyshire Constabulary,Derbyshire Constabulary,-1.672918,53.284555,On or near Glebe Park,E01019615,Derbyshire Dales 001C,Violence and sexual offences,Unable to prosecute suspect,
,2021-06,Derbyshire Constabulary,Derbyshire Constabulary,-1.773601,53.274335,On or near Gordon Road,E01019631,Derbyshire Dales 001D,Anti-social behaviour,,
,2021-06,Derbyshire Constabulary,Derbyshire Constabulary,-1.774537,53.276089,On or near Cherry Tree Square,E01019631,Derbyshire Dales 001D,Anti-social behaviour,,
,2021-06,Derbyshire Constabulary,Derbyshire Constabulary,-1.774537,53.276089,On or near Cherry Tree Square,E01019631,Derbyshire Dales 001D,Anti-social behaviour,,
,2021-06,Derbyshire Constabulary,Derbyshire Constabulary,-1.774537,53.276089,On or near Cherry Tree Square,E01019631,Derbyshire Dales 001D,Anti-social behaviour,,
,2021-06,Derbyshire Constabulary,Derbyshire Constabulary,-1.774537,53.276089,On or near Cherry Tree Square,E01019631,Derbyshire Dales 001D,Anti-social behaviour,,
,2021-06,Derbyshire Constabulary,Derbyshire Constabulary,-1.774537,53.276089,On or near Cherry Tree Square,E01019631,Derbyshire Dales 001D,Anti-social behaviour,,
,2021-06,Derbyshire Constabulary,Derbyshire Constabulary,-1.774537,53.276089,On or near Cherry Tree Square,E01019631,Derbyshire Dales 001D,Anti-social behaviour,,
2f18182223fc5d816a433b63b54799f83ad57fa901cfed39f1545ca7c50d065f,2021-06,Derbyshire Constabulary,Derbyshire Constabulary,-1.774567,53.273186,On or near Pinfold Road,E01019631,Derbyshire Dales 001D,Criminal damage and arson,Unable to prosecute suspect,
f3e61bcaa04d5fad4275f4f0cf5ab5357e379ab2b0ec67e06175a662c4a2457f,2021-06,Derbyshire Constabulary,Derbyshire Constabulary,-1.775322,53.280882,On or near Alma Road,E01019631,Derbyshire Dales 001D,Violence and sexual offences,Unable to prosecute suspect,
d884deb241fd77d85816a5da4991dada2135ac3e5833e7a8fca41d3149d5a7e4,2021-06,Derbyshire Constabulary,Derbyshire Constabulary,-1.774567,53.273186,On or near Pinfold Road,E01019631,Derbyshire Dales 001D,Violence and sexual offences,Unable to prosecute suspect,
4d340de4b5aa4b350cf7d22544c271c83c8ddda3536662dcbd953344ecfec543,2021-06,Derbyshire Constabulary,Derbyshire Constabulary,-1.774567,53.273186,On or near Pinfold Road,E01019631,Derbyshire Dales 001D,Violence and sexual offences,Unable to prosecute suspect,
c16d077b13bf3742e15e25c5b5b894c5d55cefbb2a3d966a810c3ea5c909ab2b,2021-06,Derbyshire Constabulary,Derbyshire Constabulary,-1.774567,53.273186,On or near Pinfold Road,E01019631,Derbyshire Dales 001D,Violence and sexual offences,Unable to prosecute suspect,
,2021-06,Derbyshire Constabulary,Derbyshire Constabulary,-1.671204,53.212613,On or near Parking Area,E01019600,Derbyshire Dales 002A,Anti-social behaviour,,
4516d2603421de7b45021ee05556723645a2f2188dc20464f94f1f0aa79b2911,2021-06,Derbyshire Constabulary,Derbyshire Constabulary,-1.688040,53.218105,On or near Buxton Road,E01019600,Derbyshire Dales 002A,Criminal damage and arson,Unable to prosecute suspect,
55bb8d59c30e31796b8c04e689c26ecef824e72a11cb762c5a894165ede7ff06,2021-06,Derbyshire Constabulary,Derbyshire Constabulary,-1.682197,53.216445,On or near Sports/Recreation Area,E01019600,Derbyshire Dales 002A,Drugs,Status update unavailable,
fb510f0113f837d2d76de54a2f2fb1cd2bb0c2c8251ecdb74543e686f457fbfa,2021-06,Derbyshire Constabulary,Derbyshire Constabulary,-1.673354,53.213527,On or near Market Street,E01019600,Derbyshire Dales 002A,Public order,Investigation complete; no suspect identified,
55be278773b9ad173ba5ff083afd32b7a21ce602582e16d3ce92ec8d6978496e,2021-06,Derbyshire Constabulary,Derbyshire Constabulary,-1.674326,53.211687,On or near Matlock Street,E01019600,Derbyshire Dales 002A,Public order,Unable to prosecute suspect,
eca5f53be7a76e66ed2bdb11a2d6e6c83d44d42d4cbb038d05be1e942e53f344,2021-06,Derbyshire Constabulary,Derbyshire Constabulary,-1.673311,53.213221,On or near Supermarket,E01019600,Derbyshire Dales 002A,Shoplifting,Awaiting court outcome,
b2f47ba445226a1eebfb541e03e8a60e0be7d54d65fd4752a5f829fc55931800,2021-06,Derbyshire Constabulary,Derbyshire Constabulary,-1.673970,53.213133,On or near Further/Higher Educational Building,E01019600,Derbyshire Dales 002A,Shoplifting,Investigation complete; no suspect identified,
36b8ce8b7f8c62875e9f8460b3ab0782832319b3175c7ce2bf84c5429859dfab,2021-06,Derbyshire Constabulary,Derbyshire Constabulary,-1.702949,53.221316,On or near John Bank Lane,E01019600,Derbyshire Dales 002A,Violence and sexual offences,Investigation complete; no suspect identified,
9b6be68522f71b45d6bb4b103fd470188623d43863f6aac7a132acf3061f96f7,2021-06,Derbyshire Constabulary,Derbyshire Constabulary,-1.709803,53.224336,On or near Court Lane,E01019600,Derbyshire Dales 002A,Violence and sexual offences,Investigation complete; no suspect identified,
2d24c8509f77915dd126c73509b5ab73a8c250a42d8f44d87e2e3cf182a2a26c,2021-06,Derbyshire Constabulary,Derbyshire Constabulary,-1.674604,53.214564,On or near New Street,E01019600,Derbyshire Dales 002A,Violence and sexual offences,Status update unavailable,
4955eed41c0c8f1e7e14ec9dbe5e68644b741cac67805b37227e77683538c98e,2021-06,Derbyshire Constabulary,Derbyshire Constabulary,-1.674604,53.214564,On or near New Street,E01019600,Derbyshire Dales 002A,Violence and sexual offences,Unable to prosecute suspect,
42f03f1fc29e4b241758991c9d595a26a05e2359855c6b313ddfc972aca46cc1,2021-06,Derbyshire Constabulary,Derbyshire Constabulary,-1.691057,53.219228,On or near Vernon Green,E01019600,Derbyshire Dales 002A,Violence and sexual offences,Unable to prosecute suspect,
ed51f34961bf1ebd8a6eefe5c56876435b6fd919035064f0816d37732a2628be,2021-06,Derbyshire Constabulary,Derbyshire Constabulary,-1.691057,53.219228,On or near Vernon Green,E01019600,Derbyshire Dales 002A,Violence and sexual offences,Awaiting court outcome,
294cb551786be5e003c44481c7c339db92a273747ca6cac26cd60d52192cf0fb,2021-06,Derbyshire Constabulary,Derbyshire Constabulary,-1.691057,53.219228,On or near Vernon Green,E01019600,Derbyshire Dales 002A,Violence and sexual offences,Unable to prosecute suspect,
,2021-06,Derbyshire Constabulary,Derbyshire Constabulary,-1.643036,53.272263,On or near Petrol Station,E01019604,Derbyshire Dales 002B,Anti-social behaviour,,
,2021-06,Derbyshire Constabulary,Derbyshire Constabulary,-1.643036,53.272263,On or near Petrol Station,E01019604,Derbyshire Dales 002B,Anti-social behaviour,,
,2021-06,Derbyshire Constabulary,Derbyshire Constabulary,-1.631868,53.275438,On or near Riddings Lane,E01019604,Derbyshire Dales 002B,Anti-social behaviour,,
,2021-06,Derbyshire Constabulary,Derbyshire Constabulary,-1.643036,53.272263,On or near Petrol Station,E01019604,Derbyshire Dales 002B,Anti-social behaviour,,
,2021-06,Derbyshire Constabulary,Derbyshire Constabulary,-1.631868,53.275438,On or near Riddings Lane,E01019604,Derbyshire Dales 002B,Anti-social behaviour,,
350e83c0f4935496e03ee90fed1462dd4b6a8b1f8d47de5f3bb97c325a57199f,2021-06,Derbyshire Constabulary,Derbyshire Constabulary,-1.624990,53.267929,On or near Chapel Walk,E01019604,Derbyshire Dales 002B,Violence and sexual offences,Offender given a caution,
526441b6bd2e11e268bf8c9f69bbe1efbf1cb9db1aab1dd1fd645a48e9888540,2021-06,Derbyshire Constabulary,Derbyshire Constabulary,-1.624990,53.267929,On or near Chapel Walk,E01019604,Derbyshire Dales 002B,Violence and sexual offences,Unable to prosecute suspect,
c1561123b45b56e245be28433f8cec4b251c2b48212334d0fe095736e95e5731,2021-06,Derbyshire Constabulary,Derbyshire Constabulary,-1.624990,53.267929,On or near Chapel Walk,E01019604,Derbyshire Dales 002B,Violence and sexual offences,Local resolution,
b430b13dce20f24ca54ae7b3f03bedb4eace43b96ba3c553891bc6c1bedc4668,2021-06,Derbyshire Constabulary,Derbyshire Constabulary,-1.624990,53.267929,On or near Chapel Walk,E01019604,Derbyshire Dales 002B,Violence and sexual offences,Unable to prosecute suspect,
34bdf8ce7686ec8c7b27cbca23f1ff781a533b00a44cf6f6d0883dfa655a7eac,2021-06,Derbyshire Constabulary,Derbyshire Constabulary,-1.630809,53.267821,On or near Riverside Court,E01019604,Derbyshire Dales 002B,Violence and sexual offences,Awaiting court outcome,
2f402a4a7ccc1820681665f89a2f5a811cd453d0c559bd5508c8d2f17810dc6a,2021-06,Derbyshire Constabulary,Derbyshire Constabulary,-1.624990,53.267929,On or near Chapel Walk,E01019604,Derbyshire Dales 002B,Violence and sexual offences,Unable to prosecute suspect,
05bc45acff2d85db40f1ba3590f7078febbcf395ed8b4347e8662acf45546d2f,2021-06,Derbyshire Constabulary,Derbyshire Constabulary,-1.624990,53.267929,On or near Chapel Walk,E01019604,Derbyshire Dales 002B,Violence and sexual offences,Investigation complete; no suspect identified,
,2021-06,Derbyshire Constabulary,Derbyshire Constabulary,-1.614803,53.245361,On or near Parking Area,E01019606,Derbyshire Dales 002C,Anti-social behaviour,,
,2021-06,Derbyshire Constabulary,Derbyshire Constabulary,-1.614743,53.246979,On or near Eaton Place,E01019606,Derbyshire Dales 002C,Anti-social behaviour,,
,2021-06,Derbyshire Constabulary,Derbyshire Constabulary,-1.607044,53.226945,On or near Pedestrian Subway,E01019606,Derbyshire Dales 002C,Anti-social behaviour,,
0bf584d5b57bac37460ab476308137600467fb56860a6f68838a20ca70d8a222,2021-06,Derbyshire Constabulary,Derbyshire Constabulary,-1.611795,53.246502,On or near A619,E01019606,Derbyshire Dales 002C,Robbery,Unable to prosecute suspect,
d162668a90b46fb675860c16369878bafa7f52b2d90e19dc08701d7d35ba641d,2021-06,Derbyshire Constabulary,Derbyshire Constabulary,-1.623832,53.247808,On or near Church Street,E01019606,Derbyshire Dales 002C,Shoplifting,Investigation complete; no suspect identified,
950f620006e31586612ff9838fa181c230900fe9397f61ea36956a098a6d43fc,2021-06,Derbyshire Constabulary,Derbyshire Constabulary,-1.622173,53.249088,On or near Church View Drive,E01019606,Derbyshire Dales 002C,Violence and sexual offences,Status update unavailable,
ef772f17fca715538c3272b1e8b0b13cfe6b892c66a0cab97139fecd5d59cbeb,2021-06,Derbyshire Constabulary,Derbyshire Constabulary,-1.622979,53.247725,On or near School Lane,E01019606,Derbyshire Dales 002C,Violence and sexual offences,Unable to prosecute suspect,
26a07d35af1044ebff9d820fe487177885b722acb7352b07a88a4e1734f0c5f7,2021-06,Derbyshire Constabulary,Derbyshire Constabulary,-1.622979,53.247725,On or near School Lane,E01019606,Derbyshire Dales 002C,Violence and sexual offences,Unable to prosecute suspect,
,2021-06,Derbyshire Constabulary,Derbyshire Constabulary,-1.724466,53.240784,On or near Parking Area,E01019618,Derbyshire Dales 002D,Anti-social behaviour,,
,2021-06,Derbyshire Constabulary,Derbyshire Constabulary,-1.691467,53.264308,On or near Black Harry Lane,E01019618,Derbyshire Dales 002D,Anti-social behaviour,,
357b456e6eb511bc22ff6a8a979882a2fa5948e11afa8a533e4d40f4159dd013,2021-06,Derbyshire Constabulary,Derbyshire Constabulary,-1.691414,53.240478,On or near Mires Lane,E01019618,Derbyshire Dales 002D,Public order,Unable to prosecute suspect,
129215c8d9a0fdce105b3c5074798d63c18573efb80807bcd12b9c192abc5d7f,2021-06,Derbyshire Constabulary,Derbyshire Constabulary,-1.724466,53.240784,On or near Parking Area,E01019618,Derbyshire Dales 002D,Violence and sexual offences,Unable to prosecute suspect,
e5fdc9a52309ea30090a02d13f515359115ee8efe237757c1fd5f6f60acbec0c,2021-06,Derbyshire Constabulary,Derbyshire Constabulary,-1.755968,53.263486,On or near Bottomhill Road,E01019618,Derbyshire Dales 002D,Violence and sexual offences,Unable to prosecute suspect,
,2021-06,Derbyshire Constabulary,Derbyshire Constabulary,-1.652025,53.192001,On or near Parking Area,E01019599,Derbyshire Dales 003A,Anti-social behaviour,,
,2021-06,Derbyshire Constabulary,Derbyshire Constabulary,-1.666477,53.213948,On or near Brooklands Bank,E01019599,Derbyshire Dales 003A,Anti-social behaviour,,
,2021-06,Derbyshire Constabulary,Derbyshire Constabulary,-1.673918,53.210157,On or near Woodside Drive,E01019599,Derbyshire Dales 003A,Anti-social behaviour,,
,2021-06,Derbyshire Constabulary,Derbyshire Constabulary,-1.658359,53.180298,On or near Alport Lane,E01019599,Derbyshire Dales 003A,Anti-social behaviour,,
ebf4868c1a7a57543884f881af8dcbb0e129d55ba64100e3bf0b7d15f13a2e17,2021-06,Derbyshire Constabulary,Derbyshire Constabulary,-1.697522,53.194408,On or near Parking Area,E01019599,Derbyshire Dales 003A,Drugs,Further investigation is not in the public interest,
bddc6ebcf8dc073079b455e14ef3e3c8eeeed0b40ada341fbfae617ebc43578a,2021-06,Derbyshire Constabulary,Derbyshire Constabulary,-1.671593,53.222439,On or near Brookfield Lane,E01019599,Derbyshire Dales 003A,Other theft,Investigation complete; no suspect identified,
3e0594aaa4cd3a6b15dc21bd3a8d2d1bb7718b14ec3254cf8da8ad15bbb6d47f,2021-06,Derbyshire Constabulary,Derbyshire Constabulary,-1.697709,53.195424,On or near Monyash Road,E01019599,Derbyshire Dales 003A,Other theft,Investigation complete; no suspect identified,
,2021-06,Derbyshire Constabulary,Derbyshire Constabulary,-1.682204,53.207312,On or near Sports/Recreation Area,E01019601,Derbyshire Dales 003B,Anti-social behaviour,,
,2021-06,Derbyshire Constabulary,Derbyshire Constabulary,-1.670221,53.206057,On or near Haddon Drive,E01019601,Derbyshire Dales 003B,Anti-social behaviour,,
,2021-06,Derbyshire Constabulary,Derbyshire Constabulary,-1.674457,53.208262,On or near Catcliff Close,E01019601,Derbyshire Dales 003B,Anti-social behaviour,,
7630684fce209f9745bf6897ef86e3e8beef81483832bd97f2bd11e5a93fed45,2021-06,Derbyshire Constabulary,Derbyshire Constabulary,-1.673794,53.212647,On or near Granby Road,E01019601,Derbyshire Dales 003B,Shoplifting,Investigation complete; no suspect identified,
97299afe6327a64ffc64cedecb8e649f47abd0ee3db15797ffe521e950d52ac1,2021-06,Derbyshire Constabulary,Derbyshire Constabulary,-1.673794,53.212647,On or near Granby Road,E01019601,Derbyshire Dales 003B,Shoplifting,Investigation complete; no suspect identified,
731d1cc65e8ed605c8adba8587a6ee9e35edbbc73d6aa79556d3a2224da9f3e0,2021-06,Derbyshire Constabulary,Derbyshire Constabulary,-1.674629,53.211193,On or near Chapel Lane,E01019601,Derbyshire Dales 003B,Violence and sexual offences,Status update unavailable,
526441b6bd2e11e268bf8c9f69bbe1efbf1cb9db1aab1dd1fd645a48e9888540,2021-06,Derbyshire Constabulary,Derbyshire Constabulary,-1.677021,53.207694,On or near Burton Edge,E01019601,Derbyshire Dales 003B,Violence and sexual offences,Status update unavailable,
13909d7e81c2980823c1127098044db245be6f34a6c33ea0eb11e0517d8d1e98,2021-06,Derbyshire Constabulary,Derbyshire Constabulary,-1.680277,53.208817,On or near Moorhall,E01019601,Derbyshire Dales 003B,Violence and sexual offences,Unable to prosecute suspect,
2d24c8509f77915dd126c73509b5ab73a8c250a42d8f44d87e2e3cf182a2a26c,2021-06,Derbyshire Constabulary,Derbyshire Constabulary,-1.678720,53.206782,On or near Stoney Close,E01019601,Derbyshire Dales 003B,Violence and sexual offences,Unable to prosecute suspect,
c6aa9344f491364bb35a36e0bb245c5280bec9cf394fedad1cf00413e615c88d,2021-06,Derbyshire Constabulary,Derbyshire Constabulary,-1.678720,53.206782,On or near Stoney Close,E01019601,Derbyshire Dales 003B,Other crime,Status update unavailable,
1d0bfccbf2430f733db09be5db7f7284f83a13ec73686f6b3b6ce7eb7b7c3e8a,2021-06,Derbyshire Constabulary,Derbyshire Constabulary,-1.780334,53.221781,On or near The Jarnett,E01019613,Derbyshire Dales 003C,Violence and sexual offences,Unable to prosecute suspect,
7361dc477e79f44d754775a4876df742642a52502713712424c7143d6d3fa073,2021-06,Derbyshire Constabulary,Derbyshire Constabulary,-1.780334,53.221781,On or near The Jarnett,E01019613,Derbyshire Dales 003C,Violence and sexual offences,Awaiting court outcome,
,2021-06,Derbyshire Constabulary,Derbyshire Constabulary,-1.679827,53.176771,On or near Sports/Recreation Area,E01019617,Derbyshire Dales 003D,Anti-social behaviour,,
,2021-06,Derbyshire Constabulary,Derbyshire Constabulary,-1.685793,53.175123,On or near Barnes Lane,E01019617,Derbyshire Dales 003D,Anti-social behaviour,,
eccc126bb88950677edfe9b1eb632623be942acd64373cef0282fce769e61e2d,2021-06,Derbyshire Constabulary,Derbyshire Constabulary,-1.691170,53.174311,On or near Grove Place,E01019617,Derbyshire Dales 003D,Criminal damage and arson,Investigation complete; no suspect identified,
52f9a18f157394159475102c0434e4eefcb8cf671edd3a4ffea812b1ae6ef49b,2021-06,Derbyshire Constabulary,Derbyshire Constabulary,-1.692323,53.174242,On or near Chapel Close,E01019617,Derbyshire Dales 003D,Public order,Unable to prosecute suspect,
,2021-06,Derbyshire Constabulary,Derbyshire Constabulary,-1.599028,53.166171,On or near Crowstones Road,E01019608,Derbyshire Dales 004A,Anti-social behaviour,,
22560aa75dc41d7bf72e9a4bbd2af0a11ab012aa5f0ef706bd58b096141caaa2,2021-06,Derbyshire Constabulary,Derbyshire Constabulary,-1.587738,53.162690,On or near Columbell Way,E01019608,Derbyshire Dales 004A,Drugs,Offender given a drugs possession warning,
34c9e173144c35e68e12e92c252a837e659dbd23147dca10f12434e5549aa2a5,2021-06,Derbyshire Constabulary,Derbyshire Constabulary,-1.582508,53.163705,On or near Wheatley Road,E01019608,Derbyshire Dales 004A,Public order,Investigation complete; no suspect identified,
062efba71e380219f32a2e1b782fc2d034ba8b85e5dac75e26128d59afa4dce6,2021-06,Derbyshire Constabulary,Derbyshire Constabulary,-1.600299,53.166166,On or near St Helen'S Close,E01019608,Derbyshire Dales 004A,Violence and sexual offences,Unable to prosecute suspect,
,2021-06,Derbyshire Constabulary,Derbyshire Constabulary,-1.588741,53.164176,On or near Hall Dale View,E01019610,Derbyshire Dales 004B,Anti-social behaviour,,
8663156dbb12515acf5cb0b8e53bd9f4b202930a7b31ba229d06f118fa76ca39,2021-06,Derbyshire Constabulary,Derbyshire Constabulary,-1.593814,53.165479,On or near Newell Way,E01019610,Derbyshire Dales 004B,Bicycle theft,Investigation complete; no suspect identified,
120644a4dd6500cb84c335c4ae0ca3e28af77977fdb027c1b023f782eae90e4b,2021-06,Derbyshire Constabulary,Derbyshire Constabulary,-1.577983,53.163006,On or near Ladygrove Road,E01019610,Derbyshire Dales 004B,Drugs,Status update unavailable,
f631839145fc283031424788ddccba3c3598b2c3a58ecf18af42bcd4a474ca72,2021-06,Derbyshire Constabulary,Derbyshire Constabulary,-1.586779,53.161338,On or near Warney Road,E01019610,Derbyshire Dales 004B,Violence and sexual offences,Unable to prosecute suspect,
728ed862ca71b500cf8162eb2cee3907b558c425b709461277e8ce98d2c67a85,2021-06,Derbyshire Constabulary,Derbyshire Constabulary,-1.577983,53.163006,On or near Ladygrove Road,E01019610,Derbyshire Dales 004B,Violence and sexual offences,Unable to prosecute suspect,
,2021-06,Derbyshire Constabulary,Derbyshire Constabulary,-1.616260,53.161077,On or near Oldfield Lane,E01019630,Derbyshire Dales 004C,Anti-social behaviour,,
,2021-06,Derbyshire Constabulary,Derbyshire Constabulary,-1.614100,53.191794,On or near Riverbank,E01019630,Derbyshire Dales 004C,Anti-social behaviour,,
,2021-06,Derbyshire Constabulary,Derbyshire Constabulary,-1.639253,53.174704,On or near The Green,E01019630,Derbyshire Dales 004C,Anti-social behaviour,,
85210db6294a88b9d2077c55820fa2054040416a0e9b2ecc914db6b04b074f76,2021-06,Derbyshire Constabulary,Derbyshire Constabulary,-1.643519,53.156335,On or near Wellcroft,E01019630,Derbyshire Dales 004C,Criminal damage and arson,Investigation complete; no suspect identified,
b6f50f67e7d86d48545e5589d9cb31a0fe7d7365887fe97d3d49432822917a96,2021-06,Derbyshire Constabulary,Derbyshire Constabulary,-1.615065,53.189307,On or near Parking Area,E01019630,Derbyshire Dales 004C,Public order,Unable to prosecute suspect,
eaad1b0dc02c71076bce2dfbab2b1892c392a39f7da5d55f170742733c92622a,2021-06,Derbyshire Constabulary,Derbyshire Constabulary,-1.641884,53.175009,On or near Middle Street,E01019630,Derbyshire Dales 004C,Violence and sexual offences,Unable to prosecute suspect,
7eaef014d0f2eb3712234a25ca22901ab4abb8e5a27dfd9bdbfdbb4e254d94a5,2021-06,Derbyshire Constabulary,Derbyshire Constabulary,-1.613442,53.191783,On or near Schofield Court,E01019630,Derbyshire Dales 004C,Violence and sexual offences,Investigation complete; no suspect identified,
4bb0b92502851621899a6a11e775f33be87c188e0912427e7c9d15200244c529,2021-06,Derbyshire Constabulary,Derbyshire Constabulary,-1.598122,53.178249,On or near Lumb Lane,E01019630,Derbyshire Dales 004C,Violence and sexual offences,Unable to prosecute suspect,
98e48551cb8c9603ad253d45ba25a9bc1ef048fa36b432840d510608b0f71635,2021-06,Derbyshire Constabulary,Derbyshire Constabulary,-1.598122,53.178249,On or near Lumb Lane,E01019630,Derbyshire Dales 004C,Violence and sexual offences,Unable to prosecute suspect,
e618f2114b4c86211d19c5ddbafe8f3cb83f7fb1e0b7708eb62dad640b92363f,2021-06,Derbyshire Constabulary,Derbyshire Constabulary,-1.598122,53.178249,On or near Lumb Lane,E01019630,Derbyshire Dales 004C,Violence and sexual offences,Unable to prosecute suspect,
,2021-06,Derbyshire Constabulary,Derbyshire Constabulary,-1.560212,53.154438,On or near Bowler Lane,E01019609,Derbyshire Dales 005A,Anti-social behaviour,,
,2021-06,Derbyshire Constabulary,Derbyshire Constabulary,-1.563103,53.151060,On or near Farley Hill,E01019609,Derbyshire Dales 005A,Anti-social behaviour,,
e4cbaafa8a5f6be2d4145912dcf90c70f4f051e2ea5c4f3adbe4f2050a54438c,2021-06,Derbyshire Constabulary,Derbyshire Constabulary,-1.569854,53.147282,On or near Masson Hill View,E01019609,Derbyshire Dales 005A,Burglary,Investigation complete; no suspect identified,
baef265bf503f4398a32976fa7ea4ba900c4a1424738e243adb9c37f28c143be,2021-06,Derbyshire Constabulary,Derbyshire Constabulary,-1.569854,53.147282,On or near Masson Hill View,E01019609,Derbyshire Dales 005A,Vehicle crime,Investigation complete; no suspect identified,
68399c4ea28700de66fb669aec02b2276934b7bf90d505e3ef91d9d59c8faa0e,2021-06,Derbyshire Constabulary,Derbyshire Constabulary,-1.572223,53.148100,On or near Blackrocks Avenue,E01019609,Derbyshire Dales 005A,Violence and sexual offences,Unable to prosecute suspect,
1f2d7af9343aa676a566e61248d7c6a30a554188dbfb3ababa6d2335e50aebe0,2021-06,Derbyshire Constabulary,Derbyshire Constabulary,-1.572223,53.148100,On or near Blackrocks Avenue,E01019609,Derbyshire Dales 005A,Violence and sexual offences,Unable to prosecute suspect,
e24a8f93350c2b7c06b73b8898fc106aa8c4fd8dbc074be49df4d8ad8dce666d,2021-06,Derbyshire Constabulary,Derbyshire Constabulary,-1.565721,53.146485,On or near Hillcrest,E01019609,Derbyshire Dales 005A,Other crime,Unable to prosecute suspect,
b83019317cdba6e3a0da809a9492ceeb12c77df74663368b5d3047d72458b77b,2021-06,Derbyshire Constabulary,Derbyshire Constabulary,-1.569743,53.146401,On or near Meadow Place,E01019609,Derbyshire Dales 005A,Other crime,Status update unavailable,
175d2e02e08518ac5482b424132c65621f8133e245453f78d7d9aff4f679a48e,2021-06,Derbyshire Constabulary,Derbyshire Constabulary,-1.537595,53.148060,On or near Moor Croft,E01019621,Derbyshire Dales 005B,Criminal damage and arson,Investigation complete; no suspect identified,
325aef1847e1264c57da4e43db9aa93f535b78d39c63552d3de94bdbecea6181,2021-06,Derbyshire Constabulary,Derbyshire Constabulary,-1.534204,53.149180,On or near Chesterfield Road,E01019621,Derbyshire Dales 005B,Violence and sexual offences,Unable to prosecute suspect,
66546cd301b11f897e578f090a4bcbd871b21c0ea66630e756f0ecec48e8fcf9,2021-06,Derbyshire Constabulary,Derbyshire Constabulary,-1.542872,53.145375,On or near Wellington Close,E01019621,Derbyshire Dales 005B,Violence and sexual offences,Local resolution,
,2021-06,Derbyshire Constabulary,Derbyshire Constabulary,-1.553629,53.143249,On or near Smedley Street,E01019622,Derbyshire Dales 005C,Anti-social behaviour,,
,2021-06,Derbyshire Constabulary,Derbyshire Constabulary,-1.556161,53.144140,On or near Far Green,E01019622,Derbyshire Dales 005C,Anti-social behaviour,,
a71f44ea11f1a0b4c58940cb547fbd4cbda03a67f3c6ab84ddcf0002b0cb701c,2021-06,Derbyshire Constabulary,Derbyshire Constabulary,-1.559770,53.140647,On or near Dimple Crescent,E01019622,Derbyshire Dales 005C,Criminal damage and arson,Investigation complete; no suspect identified,
5c41a64a6cedfd580d3cc3f49ce64f66300586f159ccb11c1a6dc10d7b4c7271,2021-06,Derbyshire Constabulary,Derbyshire Constabulary,-1.555428,53.144155,On or near Green Close,E01019622,Derbyshire Dales 005C,Violence and sexual offences,Local resolution,
381529a87e481aa7124f3f22e881bd7bca8b4dfbbad524639bae5f31008ccf1f,2021-06,Derbyshire Constabulary,Derbyshire Constabulary,-1.553809,53.144589,On or near Jackson Tor Road,E01019622,Derbyshire Dales 005C,Violence and sexual offences,Unable to prosecute suspect,
,2021-06,Derbyshire Constabulary,Derbyshire Constabulary,-1.562871,53.141459,On or near Prospect Drive,E01019624,Derbyshire Dales 005D,Anti-social behaviour,,
,2021-06,Derbyshire Constabulary,Derbyshire Constabulary,-1.556288,53.139052,On or near Shopping Area,E01019624,Derbyshire Dales 005D,Anti-social behaviour,,
,2021-06,Derbyshire Constabulary,Derbyshire Constabulary,-1.562871,53.141459,On or near Prospect Drive,E01019624,Derbyshire Dales 005D,Anti-social behaviour,,
,2021-06,Derbyshire Constabulary,Derbyshire Constabulary,-1.556288,53.139052,On or near Shopping Area,E01019624,Derbyshire Dales 005D,Anti-social behaviour,,
,2021-06,Derbyshire Constabulary,Derbyshire Constabulary,-1.557074,53.139703,On or near Parking Area,E01019624,Derbyshire Dales 005D,Anti-social behaviour,,
,2021-06,Derbyshire Constabulary,Derbyshire Constabulary,-1.557073,53.138345,On or near Parking Area,E01019624,Derbyshire Dales 005D,Anti-social behaviour,,
9250f4298808c3f35ab2680650b533a017b18a63c436f3147995b7457d4aeead,2021-06,Derbyshire Constabulary,Derbyshire Constabulary,-1.556288,53.139052,On or near Shopping Area,E01019624,Derbyshire Dales 005D,Burglary,Unable to prosecute suspect,
e9476e1eef199dfbe2f24ad347eed1991b3552e416a9e5de3886576e7e04bd87,2021-06,Derbyshire Constabulary,Derbyshire Constabulary,-1.555221,53.141026,On or near Edge Road,E01019624,Derbyshire Dales 005D,Criminal damage and arson,Investigation complete; no suspect identified,
7f488ab0c8584e51b2c44d5501a638a9dc579f5658748ab7e2d9c7d15f7857a7,2021-06,Derbyshire Constabulary,Derbyshire Constabulary,-1.557073,53.138345,On or near Parking Area,E01019624,Derbyshire Dales 005D,Shoplifting,Awaiting court outcome,
f6bbbf1e5d64db5de6ddd6495cb0b854fa9e992ee517d5a1fe55b8b861d53fa9,2021-06,Derbyshire Constabulary,Derbyshire Constabulary,-1.557073,53.138345,On or near Parking Area,E01019624,Derbyshire Dales 005D,Shoplifting,Investigation complete; no suspect identified,
d4aeb8cde41662d099db8c08d6bb944da10c0f8f0eb22b9255f02d2907aaba87,2021-06,Derbyshire Constabulary,Derbyshire Constabulary,-1.557073,53.138345,On or near Parking Area,E01019624,Derbyshire Dales 005D,Violence and sexual offences,Local resolution,
1761019a49379a14e6c13e9006e1b0cdddb574bd2f6401c6c42624eba9cf3cb9,2021-06,Derbyshire Constabulary,Derbyshire Constabulary,-1.567963,53.142008,On or near Bakewell Road,E01019624,Derbyshire Dales 005D,Violence and sexual offences,Status update unavailable,
077d5a0e086b9e358bc7053fbb6671fc064a6970400403c957bf2dcfbd76d975,2021-06,Derbyshire Constabulary,Derbyshire Constabulary,-1.533348,53.138470,On or near Lumsdale,E01019627,Derbyshire Dales 005E,Violence and sexual offences,Investigation complete; no suspect identified,
1b719f75cc1f4f56a9f53d27c6f140da68c78c02e8a1bb5f4ba5321e2ceecf88,2021-06,Derbyshire Constabulary,Derbyshire Constabulary,-1.533348,53.138470,On or near Lumsdale,E01019627,Derbyshire Dales 005E,Violence and sexual offences,Investigation complete; no suspect identified,
02879b9dc5938a67edb2946e7b5faa0436613cd57546ab77c1388d6ab5fb52f9,2021-06,Derbyshire Constabulary,Derbyshire Constabulary,-1.522485,53.136710,On or near Riber View Close,E01019627,Derbyshire Dales 005E,Violence and sexual offences,Status update unavailable,
8608fc855e0c7522b7cd0583122207f9d433b7c9c24203095d2b48dcaf2af946,2021-06,Derbyshire Constabulary,Derbyshire Constabulary,-1.533348,53.138470,On or near Lumsdale,E01019627,Derbyshire Dales 005E,Violence and sexual offences,Investigation complete; no suspect identified,
409aab1e421b5f3e5e99d7050087386799446a1af024b72a921c4a7681b16c7e,2021-06,Derbyshire Constabulary,Derbyshire Constabulary,-1.520333,53.136729,On or near Mais Close,E01019627,Derbyshire Dales 005E,Violence and sexual offences,Status update unavailable,
25537f0ef83b74a5d2817355b561b1bebb288a253820b00d2589d9fbb11c28fb,2021-06,Derbyshire Constabulary,Derbyshire Constabulary,-1.533348,53.138470,On or near Lumsdale,E01019627,Derbyshire Dales 005E,Violence and sexual offences,Investigation complete; no suspect identified,
be119403e1b682f93186790a2fd8d31ba77aadae3df7d50bb3cba7308cfd25a7,2021-06,Derbyshire Constabulary,Derbyshire Constabulary,-1.533348,53.138470,On or near Lumsdale,E01019627,Derbyshire Dales 005E,Other crime,Further investigation is not in the public interest,
f98af89179871d0b13a76f6b969479384a726fbbbb0f89d234d22a395c64f156,2021-06,Derbyshire Constabulary,Derbyshire Constabulary,-1.533348,53.138470,On or near Lumsdale,E01019627,Derbyshire Dales 005E,Other crime,Investigation complete; no suspect identified,
,2021-06,Derbyshire Constabulary,Derbyshire Constabulary,-1.546968,53.139772,On or near Turnpike Close,E01019628,Derbyshire Dales 005F,Anti-social behaviour,,
509c4e4db123ffa24687cc31f123ead05655276ab7dd90cb18216923a3f04f2e,2021-06,Derbyshire Constabulary,Derbyshire Constabulary,-1.541254,53.140083,On or near Hilltops View,E01019628,Derbyshire Dales 005F,Public order,Unable to prosecute suspect,
837eee6de8be2b9bcc6ac2c17087385a0ff815b13fe56c55bb3909fc7720302e,2021-06,Derbyshire Constabulary,Derbyshire Constabulary,-1.532634,53.149165,On or near Quarry Lane,E01019628,Derbyshire Dales 005F,Public order,Awaiting court outcome,
6b1067a115c03decc707033dd36464fe0c5bae569da38185c814767a24a9dbea,2021-06,Derbyshire Constabulary,Derbyshire Constabulary,-1.546968,53.139772,On or near Turnpike Close,E01019628,Derbyshire Dales 005F,Violence and sexual offences,Unable to prosecute suspect,
78c6347cb13235e184cd9a5bdd26027884719a93dd1832b3ca40cd9c4b27dfcf,2021-06,Derbyshire Constabulary,Derbyshire Constabulary,-1.546968,53.139772,On or near Turnpike Close,E01019628,Derbyshire Dales 005F,Violence and sexual offences,Unable to prosecute suspect,
3a21754f9ed7154c5e4dd133b61f9f2b7b4f3dffe55acfab80bdabf997df10a3,2021-06,Derbyshire Constabulary,Derbyshire Constabulary,-1.546968,53.139772,On or near Turnpike Close,E01019628,Derbyshire Dales 005F,Violence and sexual offences,Unable to prosecute suspect,
e36fa7b0e053d74f36f8239ec9dc390d653c34aca5f4d6d2fda5627b942030a6,2021-06,Derbyshire Constabulary,Derbyshire Constabulary,-1.532634,53.149165,On or near Quarry Lane,E01019628,Derbyshire Dales 005F,Violence and sexual offences,Status update unavailable,
bf5eedb64ee4ed54fee6fcec227bde995ac48daa6651779b89cc3a61ddd0a6b2,2021-06,Derbyshire Constabulary,Derbyshire Constabulary,-1.532634,53.149165,On or near Quarry Lane,E01019628,Derbyshire Dales 005F,Violence and sexual offences,Status update unavailable,
131e32e5cbf22a5407709cf9c01bbdcaaef3b16e911425fcb546941afe3256b3,2021-06,Derbyshire Constabulary,Derbyshire Constabulary,-1.532634,53.149165,On or near Quarry Lane,E01019628,Derbyshire Dales 005F,Violence and sexual offences,Investigation complete; no suspect identified,
1c3f310f4704809c650b43cd85f9079ad821853329af2a286c628335e7ee6b2d,2021-06,Derbyshire Constabulary,Derbyshire Constabulary,-1.532634,53.149165,On or near Quarry Lane,E01019628,Derbyshire Dales 005F,Violence and sexual offences,Unable to prosecute suspect,
3cdeb70b3385bdce16aae34b84ab2fc944e44eef3c41c8905bb9f2e7e96fa692,2021-06,Derbyshire Constabulary,Derbyshire Constabulary,-1.542886,53.139784,On or near Sports/Recreation Area,E01019628,Derbyshire Dales 005F,Violence and sexual offences,Local resolution,
9cf4c4ac2bc6f6920712f5bc34e9c8a41e02f50e757aadabdfd3ee7035409637,2021-06,Derbyshire Constabulary,Derbyshire Constabulary,-1.541254,53.140083,On or near Hilltops View,E01019628,Derbyshire Dales 005F,Violence and sexual offences,Unable to prosecute suspect,
,2021-06,Derbyshire Constabulary,Derbyshire Constabulary,-1.561681,53.107107,On or near North Street,E01019619,Derbyshire Dales 006A,Anti-social behaviour,,
77c3fd5fabe2c3ddd910ee25a5e595afb5b9deec34d4b68c1a9a59df27a9b740,2021-06,Derbyshire Constabulary,Derbyshire Constabulary,-1.559962,53.108647,On or near Cromwell Hill,E01019619,Derbyshire Dales 006A,Criminal damage and arson,Unable to prosecute suspect,
87748aa201ebd9a431fcb93db44778666f912ee1bf2a97a0b75db1bbe571ab6c,2021-06,Derbyshire Constabulary,Derbyshire Constabulary,-1.546878,53.108508,On or near Sports/Recreation Area,E01019619,Derbyshire Dales 006A,Criminal damage and arson,Local resolution,
9d0bc436c71d056a5fbf1614563ad382574c8a55ff5afe0dc390a67d17f9831b,2021-06,Derbyshire Constabulary,Derbyshire Constabulary,-1.554592,53.109328,On or near Mill Road,E01019619,Derbyshire Dales 006A,Public order,Unable to prosecute suspect,
21750d12074aaa0ab61c91825b4945c771b03301d4745b3140101d088e1891eb,2021-06,Derbyshire Constabulary,Derbyshire Constabulary,-1.563029,53.105252,On or near Tor View Rise,E01019619,Derbyshire Dales 006A,Violence and sexual offences,Unable to prosecute suspect,
2db598a16147ed5a429f9f39ab39d1897b5471810617ca6526797f0638a6407c,2021-06,Derbyshire Constabulary,Derbyshire Constabulary,-1.564827,53.104638,On or near Addison Square,E01019619,Derbyshire Dales 006A,Violence and sexual offences,Awaiting court outcome,
,2021-06,Derbyshire Constabulary,Derbyshire Constabulary,-1.563149,53.121423,On or near Waterloo Road,E01019620,Derbyshire Dales 006B,Anti-social behaviour,,
,2021-06,Derbyshire Constabulary,Derbyshire Constabulary,-1.559086,53.122757,On or near Brunswood Road,E01019620,Derbyshire Dales 006B,Anti-social behaviour,,
,2021-06,Derbyshire Constabulary,Derbyshire Constabulary,-1.559086,53.122757,On or near Brunswood Road,E01019620,Derbyshire Dales 006B,Anti-social behaviour,,
,2021-06,Derbyshire Constabulary,Derbyshire Constabulary,-1.560995,53.121631,On or near North Parade,E01019620,Derbyshire Dales 006B,Anti-social behaviour,,
,2021-06,Derbyshire Constabulary,Derbyshire Constabulary,-1.560995,53.121631,On or near North Parade,E01019620,Derbyshire Dales 006B,Anti-social behaviour,,
,2021-06,Derbyshire Constabulary,Derbyshire Constabulary,-1.559086,53.122757,On or near Brunswood Road,E01019620,Derbyshire Dales 006B,Anti-social behaviour,,
,2021-06,Derbyshire Constabulary,Derbyshire Constabulary,-1.559086,53.122757,On or near Brunswood Road,E01019620,Derbyshire Dales 006B,Anti-social behaviour,,
,2021-06,Derbyshire Constabulary,Derbyshire Constabulary,-1.559086,53.122757,On or near Brunswood Road,E01019620,Derbyshire Dales 006B,Anti-social behaviour,,
,2021-06,Derbyshire Constabulary,Derbyshire Constabulary,-1.564267,53.118731,On or near Theme/Adventure Park,E01019620,Derbyshire Dales 006B,Anti-social behaviour,,
,2021-06,Derbyshire Constabulary,Derbyshire Constabulary,-1.564933,53.120801,On or near Orchard Road,E01019620,Derbyshire Dales 006B,Anti-social behaviour,,
,2021-06,Derbyshire Constabulary,Derbyshire Constabulary,-1.559086,53.122757,On or near Brunswood Road,E01019620,Derbyshire Dales 006B,Anti-social behaviour,,
,2021-06,Derbyshire Constabulary,Derbyshire Constabulary,-1.559086,53.122757,On or near Brunswood Road,E01019620,Derbyshire Dales 006B,Anti-social behaviour,,
,2021-06,Derbyshire Constabulary,Derbyshire Constabulary,-1.564267,53.118731,On or near Theme/Adventure Park,E01019620,Derbyshire Dales 006B,Anti-social behaviour,,
,2021-06,Derbyshire Constabulary,Derbyshire Constabulary,-1.559086,53.122757,On or near Brunswood Road,E01019620,Derbyshire Dales 006B,Anti-social behaviour,,
,2021-06,Derbyshire Constabulary,Derbyshire Constabulary,-1.559086,53.122757,On or near Brunswood Road,E01019620,Derbyshire Dales 006B,Anti-social behaviour,,
,2021-06,Derbyshire Constabulary,Derbyshire Constabulary,-1.560995,53.121631,On or near North Parade,E01019620,Derbyshire Dales 006B,Anti-social behaviour,,
,2021-06,Derbyshire Constabulary,Derbyshire Constabulary,-1.564267,53.118731,On or near Theme/Adventure Park,E01019620,Derbyshire Dales 006B,Anti-social behaviour,,
8acf72ef55f3631199cc9b9e4d5bea1ff00027377c17279e1d7aaf0255e6a1e2,2021-06,Derbyshire Constabulary,Derbyshire Constabulary,-1.563406,53.119680,On or near South Parade,E01019620,Derbyshire Dales 006B,Bicycle theft,Awaiting court outcome,
ba9848a5b0c3d11b1bd450ed27172ded5a10cbc37fc21f97ed26424c0d1838e7,2021-06,Derbyshire Constabulary,Derbyshire Constabulary,-1.560023,53.123165,On or near Hope Terrace,E01019620,Derbyshire Dales 006B,Criminal damage and arson,Unable to prosecute suspect,
785f7438e807f91ab633a62ea8d763c9cdb89e68a68089472ade6252886d5d16,2021-06,Derbyshire Constabulary,Derbyshire Constabulary,-1.560995,53.121631,On or near North Parade,E01019620,Derbyshire Dales 006B,Criminal damage and arson,Investigation complete; no suspect identified,
bce614da6416c5cc0853c7d2ef5d442f0be176a9c792bf5424f6c47e19d2f8b7,2021-06,Derbyshire Constabulary,Derbyshire Constabulary,-1.561165,53.116634,On or near Further/Higher Educational Building,E01019620,Derbyshire Dales 006B,Drugs,Offender given a drugs possession warning,
749c2962a4e5d29de08141d7cf67fb7e804ad0c242a5fd4ff14417f6406d363d,2021-06,Derbyshire Constabulary,Derbyshire Constabulary,-1.563406,53.119680,On or near South Parade,E01019620,Derbyshire Dales 006B,Other theft,Formal action is not in the public interest,
5b5b89afe1b55507318e17d0974030104dd87128316658765124d38256e1d2bd,2021-06,Derbyshire Constabulary,Derbyshire Constabulary,-1.560023,53.123165,On or near Hope Terrace,E01019620,Derbyshire Dales 006B,Public order,Unable to prosecute suspect,
cf166d9ce684047b147aa5f6edbbdd1fb791e65963eb1b327b1a3bfa827be476,2021-06,Derbyshire Constabulary,Derbyshire Constabulary,-1.563149,53.121423,On or near Waterloo Road,E01019620,Derbyshire Dales 006B,Public order,Unable to prosecute suspect,
2e3a7df3b601a9d244c5085540a4e8293ace368100246908819b468db5b05745,2021-06,Derbyshire Constabulary,Derbyshire Constabulary,-1.563149,53.121423,On or near Waterloo Road,E01019620,Derbyshire Dales 006B,Violence and sexual offences,Unable to prosecute suspect,
344f3394d5c8f196c427aec22eaad6bbad35b10c6819374151911948f9d71cbb,2021-06,Derbyshire Constabulary,Derbyshire Constabulary,-1.560626,53.122610,On or near Holme Road,E01019620,Derbyshire Dales 006B,Violence and sexual offences,Unable to prosecute suspect,
1fb767aa07b3af95cbf5e4736dc9d450113e635bc5684a43347cfe0ab87a1661,2021-06,Derbyshire Constabulary,Derbyshire Constabulary,-1.560023,53.123165,On or near Hope Terrace,E01019620,Derbyshire Dales 006B,Violence and sexual offences,Status update unavailable,
7cfabbb80742c1a558124fa29ddb7087b6ecbd0bedfaefe0ca239f6d06c3f2ac,2021-06,Derbyshire Constabulary,Derbyshire Constabulary,-1.560023,53.123165,On or near Hope Terrace,E01019620,Derbyshire Dales 006B,Violence and sexual offences,Unable to prosecute suspect,
,2021-06,Derbyshire Constabulary,Derbyshire Constabulary,-1.553367,53.138215,On or near Supermarket,E01019623,Derbyshire Dales 006C,Anti-social behaviour,,
,2021-06,Derbyshire Constabulary,Derbyshire Constabulary,-1.549618,53.139333,On or near Lilybank Close,E01019623,Derbyshire Dales 006C,Anti-social behaviour,,
,2021-06,Derbyshire Constabulary,Derbyshire Constabulary,-1.551114,53.143537,On or near Carson Croft,E01019623,Derbyshire Dales 006C,Anti-social behaviour,,
,2021-06,Derbyshire Constabulary,Derbyshire Constabulary,-1.551114,53.143537,On or near Carson Croft,E01019623,Derbyshire Dales 006C,Anti-social behaviour,,
8acf72ef55f3631199cc9b9e4d5bea1ff00027377c17279e1d7aaf0255e6a1e2,2021-06,Derbyshire Constabulary,Derbyshire Constabulary,-1.554989,53.136009,On or near Olde Englishe Road,E01019623,Derbyshire Dales 006C,Bicycle theft,Status update unavailable,
fcd09accb6fdd76048a8a456083e874fa9e5629f0daca56775905b8c8fc083d7,2021-06,Derbyshire Constabulary,Derbyshire Constabulary,-1.553662,53.138629,On or near Supermarket,E01019623,Derbyshire Dales 006C,Burglary,Investigation complete; no suspect identified,
fbc3f4421c0aa1a49c7e11726603794a0ce44ffd31be4ac6723e673ddac180af,2021-06,Derbyshire Constabulary,Derbyshire Constabulary,-1.551359,53.143016,On or near Hopewell Road,E01019623,Derbyshire Dales 006C,Burglary,Investigation complete; no suspect identified,
733a216b4a47f0d97cff9129fcf47179aef7833b2707290451f3f001f4f90077,2021-06,Derbyshire Constabulary,Derbyshire Constabulary,-1.554655,53.136511,On or near Parking Area,E01019623,Derbyshire Dales 006C,Drugs,Unable to prosecute suspect,
551209400ea27d8c47278fc2eb08251dbf83cd28239a90c51feedd2d9b21b18e,2021-06,Derbyshire Constabulary,Derbyshire Constabulary,-1.554989,53.138904,On or near Shopping Area,E01019623,Derbyshire Dales 006C,Drugs,Unable to prosecute suspect,
064cfee6d7b0c18903a6b72db3d115dcb59cfb5614f8cbbd835b1b5830d7b4b1,2021-06,Derbyshire Constabulary,Derbyshire Constabulary,-1.553979,53.139772,On or near Parking Area,E01019623,Derbyshire Dales 006C,Drugs,Offender given a caution,
60cf7906b39580ea113588fd77d1e9291c76c405f0e1ddf51c852641a69d8062,2021-06,Derbyshire Constabulary,Derbyshire Constabulary,-1.551126,53.139528,On or near Pope Carr Road,E01019623,Derbyshire Dales 006C,Drugs,Status update unavailable,
db53aa95531cf5e9cfd175ed565d316704cb95c12a79ed6a11c2f0ff16d23241,2021-06,Derbyshire Constabulary,Derbyshire Constabulary,-1.554655,53.136511,On or near Parking Area,E01019623,Derbyshire Dales 006C,Possession of weapons,Awaiting court outcome,
ac09013e0b0a85189381d4c76423bac29b6397956b3b1916c2050cfd40188180,2021-06,Derbyshire Constabulary,Derbyshire Constabulary,-1.554989,53.138904,On or near Shopping Area,E01019623,Derbyshire Dales 006C,Shoplifting,Investigation complete; no suspect identified,
09c364c1e88613471d60384e281211fac56092e0410a5c2b23d0921db1a4bce1,2021-06,Derbyshire Constabulary,Derbyshire Constabulary,-1.553367,53.138215,On or near Supermarket,E01019623,Derbyshire Dales 006C,Shoplifting,Investigation complete; no suspect identified,
2ee0073eeab26b3f8128ac75593ed8a8881c59ca8e6129a67451150a69ea829e,2021-06,Derbyshire Constabulary,Derbyshire Constabulary,-1.553367,53.138215,On or near Supermarket,E01019623,Derbyshire Dales 006C,Shoplifting,Investigation complete; no suspect identified,
4617150da1b4de24ec7eb9f93a62a0f3f2d27a069abee78c89d69a4efd654ae9,2021-06,Derbyshire Constabulary,Derbyshire Constabulary,-1.554989,53.138904,On or near Shopping Area,E01019623,Derbyshire Dales 006C,Shoplifting,Investigation complete; no suspect identified,
35606e52226862e930b1270b46057a4704dcfd6e34dcebc700d0d1db6f268712,2021-06,Derbyshire Constabulary,Derbyshire Constabulary,-1.553367,53.138215,On or near Supermarket,E01019623,Derbyshire Dales 006C,Shoplifting,Investigation complete; no suspect identified,
d6cd6be8efcf7d64a9b0df48131b3487dee36a6af14c1bbc242db6b9f2fc3bbd,2021-06,Derbyshire Constabulary,Derbyshire Constabulary,-1.553367,53.138215,On or near Supermarket,E01019623,Derbyshire Dales 006C,Shoplifting,Investigation complete; no suspect identified,
8395753c9ca1ae1a90da7adc81d6c92191bd511a23f3f3c84be025bd4739f946,2021-06,Derbyshire Constabulary,Derbyshire Constabulary,-1.553367,53.138215,On or near Supermarket,E01019623,Derbyshire Dales 006C,Shoplifting,Investigation complete; no suspect identified,
3b1ba24e488aadd729e1984a9714d545df3bf458b135737875513839086aea44,2021-06,Derbyshire Constabulary,Derbyshire Constabulary,-1.552901,53.138429,On or near Further/Higher Educational Building,E01019623,Derbyshire Dales 006C,Theft from the person,Investigation complete; no suspect identified,
fe04cd298e0d8bae9c2a257ddcaa8263cb3694d7f25f295ffc45a7e41d9d3846,2021-06,Derbyshire Constabulary,Derbyshire Constabulary,-1.554989,53.138904,On or near Shopping Area,E01019623,Derbyshire Dales 006C,Theft from the person,Investigation complete; no suspect identified,
7ee60e4b0dfa66f708aeb87a0dac223b7c62f59b0d0c7e282dac4861cfdbb89b,2021-06,Derbyshire Constabulary,Derbyshire Constabulary,-1.549618,53.139333,On or near Lilybank Close,E01019623,Derbyshire Dales 006C,Vehicle crime,Investigation complete; no suspect identified,
dd71e8edf2e33596214799c0a4e25d4e6d0cafaf750ed2f2ecf385a9932f8a23,2021-06,Derbyshire Constabulary,Derbyshire Constabulary,-1.551114,53.143537,On or near Carson Croft,E01019623,Derbyshire Dales 006C,Violence and sexual offences,Unable to prosecute suspect,
0f49e76c240c4c8e59fa1a814b5887478d82029b1860ffaeb8849344d509e033,2021-06,Derbyshire Constabulary,Derbyshire Constabulary,-1.551114,53.143537,On or near Carson Croft,E01019623,Derbyshire Dales 006C,Violence and sexual offences,Unable to prosecute suspect,
d3b3d4d4bccbbffd76843112623886d9dd85e4810feaefc5db1b449a0a40a9a0,2021-06,Derbyshire Constabulary,Derbyshire Constabulary,-1.551114,53.143537,On or near Carson Croft,E01019623,Derbyshire Dales 006C,Violence and sexual offences,Awaiting court outcome,
46741a2e8770b29b9d815aabc94fcc1dd21a5b409d2e5ce2099f5e8f504383bf,2021-06,Derbyshire Constabulary,Derbyshire Constabulary,-1.551114,53.143537,On or near Carson Croft,E01019623,Derbyshire Dales 006C,Violence and sexual offences,Status update unavailable,
e5ad5f04aa5322f9a8976eaeddd78f07204964c0b5438642880130e206a393f4,2021-06,Derbyshire Constabulary,Derbyshire Constabulary,-1.551114,53.143537,On or near Carson Croft,E01019623,Derbyshire Dales 006C,Violence and sexual offences,Awaiting court outcome,
de37660a7250f79166b255fa1961c7e78f2f93e0f6b525962e134f9786e475cd,2021-06,Derbyshire Constabulary,Derbyshire Constabulary,-1.553367,53.138215,On or near Supermarket,E01019623,Derbyshire Dales 006C,Violence and sexual offences,Unable to prosecute suspect,
f4f6d3e6152b8630c82fb512c2bb6fdcf356ab438c3a7e8a069d64640a8bd3ff,2021-06,Derbyshire Constabulary,Derbyshire Constabulary,-1.554655,53.136511,On or near Parking Area,E01019623,Derbyshire Dales 006C,Violence and sexual offences,Status update unavailable,
ee0a8a9f500fcb93e920a05d24f65b97f299beb4f4884424e2554d98c93a17e8,2021-06,Derbyshire Constabulary,Derbyshire Constabulary,-1.554655,53.136511,On or near Parking Area,E01019623,Derbyshire Dales 006C,Violence and sexual offences,Status update unavailable,
e9f225d8a624568346658ec78723f3a75b027be4259252678988b7d860856db7,2021-06,Derbyshire Constabulary,Derbyshire Constabulary,-1.554655,53.136511,On or near Parking Area,E01019623,Derbyshire Dales 006C,Violence and sexual offences,Status update unavailable,
e4b06e7b160f71ec8e5066cb22db367dee325f9fbac5b22e1797ede224716468,2021-06,Derbyshire Constabulary,Derbyshire Constabulary,-1.554655,53.136511,On or near Parking Area,E01019623,Derbyshire Dales 006C,Violence and sexual offences,Status update unavailable,
3f2bce7a1bf8419b4244d87253a6842d3592ef204933dfaf710964d0c2997efe,2021-06,Derbyshire Constabulary,Derbyshire Constabulary,-1.554655,53.136511,On or near Parking Area,E01019623,Derbyshire Dales 006C,Violence and sexual offences,Local resolution,
9d93321edba2b0911f1651c933ab96c3d1cf4cf4aaf2b774b91be31f022ef50c,2021-06,Derbyshire Constabulary,Derbyshire Constabulary,-1.554655,53.136511,On or near Parking Area,E01019623,Derbyshire Dales 006C,Violence and sexual offences,Local resolution,
503bbbed6a0bd2afd8f6427b48cbf22df02f23bace6a5f629616f63b08dba823,2021-06,Derbyshire Constabulary,Derbyshire Constabulary,-1.552829,53.139588,On or near St Joseph'S Street,E01019623,Derbyshire Dales 006C,Violence and sexual offences,Unable to prosecute suspect,
ae4d2f27c9d91096e9765baba4795f979fe9c05dd82b01b936c8dc9b6842452c,2021-06,Derbyshire Constabulary,Derbyshire Constabulary,-1.552829,53.139588,On or near St Joseph'S Street,E01019623,Derbyshire Dales 006C,Violence and sexual offences,Unable to prosecute suspect,
7b49bc50920401bf133432f0aab9ca4335665eb96270b8f048aff28de077343a,2021-06,Derbyshire Constabulary,Derbyshire Constabulary,-1.551114,53.143537,On or near Carson Croft,E01019623,Derbyshire Dales 006C,Violence and sexual offences,Awaiting court outcome,
edb7cc963d35dd24ab8ff2f326f04f20c09923d34b5574635f93a14fc72d37f7,2021-06,Derbyshire Constabulary,Derbyshire Constabulary,-1.553367,53.138215,On or near Supermarket,E01019623,Derbyshire Dales 006C,Violence and sexual offences,Unable to prosecute suspect,
ea6f3515af759a76467b724dcadff4c9f2e2d68d966271a1ca5b11dc82bbd7e3,2021-06,Derbyshire Constabulary,Derbyshire Constabulary,-1.551114,53.143537,On or near Carson Croft,E01019623,Derbyshire Dales 006C,Violence and sexual offences,Awaiting court outcome,
b7809f3587911daff18fe00880aedc0a7fa20e92f2a073109cf5975189c21db9,2021-06,Derbyshire Constabulary,Derbyshire Constabulary,-1.549525,53.142560,On or near Upper Greenhill Gardens,E01019623,Derbyshire Dales 006C,Violence and sexual offences,Unable to prosecute suspect,
0028ce153d782ad06a90830e0fbf45af53a84c642677e95d5be6fc40ae625813,2021-06,Derbyshire Constabulary,Derbyshire Constabulary,-1.551114,53.143537,On or near Carson Croft,E01019623,Derbyshire Dales 006C,Violence and sexual offences,Awaiting court outcome,
b83019317cdba6e3a0da809a9492ceeb12c77df74663368b5d3047d72458b77b,2021-06,Derbyshire Constabulary,Derbyshire Constabulary,-1.551126,53.139528,On or near Pope Carr Road,E01019623,Derbyshire Dales 006C,Other crime,Status update unavailable,
,2021-06,Derbyshire Constabulary,Derbyshire Constabulary,-1.541410,53.138025,On or near Fairholmes,E01019625,Derbyshire Dales 006D,Anti-social behaviour,,
,2021-06,Derbyshire Constabulary,Derbyshire Constabulary,-1.541410,53.138025,On or near Fairholmes,E01019625,Derbyshire Dales 006D,Anti-social behaviour,,
,2021-06,Derbyshire Constabulary,Derbyshire Constabulary,-1.541410,53.138025,On or near Fairholmes,E01019625,Derbyshire Dales 006D,Anti-social behaviour,,
,2021-06,Derbyshire Constabulary,Derbyshire Constabulary,-1.538103,53.138399,On or near Overdale,E01019625,Derbyshire Dales 006D,Anti-social behaviour,,
,2021-06,Derbyshire Constabulary,Derbyshire Constabulary,-1.538103,53.138399,On or near Overdale,E01019625,Derbyshire Dales 006D,Anti-social behaviour,,
,2021-06,Derbyshire Constabulary,Derbyshire Constabulary,-1.545292,53.138508,On or near Lynholmes Rise,E01019625,Derbyshire Dales 006D,Anti-social behaviour,,
f995db47f69f20f1902a0d703b2ed8e2642b9fe4bcfc82783d75ddc3e8206fb0,2021-06,Derbyshire Constabulary,Derbyshire Constabulary,-1.545828,53.137287,On or near Linden Grove,E01019625,Derbyshire Dales 006D,Criminal damage and arson,Investigation complete; no suspect identified,
46e79d2939d3088bce43c7b5092486d1b6aa87021d819efa9cc260959f10f124,2021-06,Derbyshire Constabulary,Derbyshire Constabulary,-1.544505,53.138010,On or near Lynholmes Road,E01019625,Derbyshire Dales 006D,Drugs,Investigation complete; no suspect identified,
fe569fe05f1673dd20c6b6243ce8c73796029cccd2910522271f4afad35ac692,2021-06,Derbyshire Constabulary,Derbyshire Constabulary,-1.538103,53.138399,On or near Overdale,E01019625,Derbyshire Dales 006D,Violence and sexual offences,Unable to prosecute suspect,
60208ced08c58d490075f0b6f21a4fc728e4795f492b9bcec10653b1a8be92bb,2021-06,Derbyshire Constabulary,Derbyshire Constabulary,-1.540552,53.138615,On or near Mettesford,E01019625,Derbyshire Dales 006D,Violence and sexual offences,Unable to prosecute suspect,
710dfe8193abffe13a65f126c6a909a49c3fb86982ba49ef65552dc447ecac23,2021-06,Derbyshire Constabulary,Derbyshire Constabulary,-1.545828,53.137287,On or near Linden Grove,E01019625,Derbyshire Dales 006D,Violence and sexual offences,Unable to prosecute suspect,
b6b92c99567dce60a0d8e8762682aa0028dd321b287045336a878e3672a9483e,2021-06,Derbyshire Constabulary,Derbyshire Constabulary,-1.546687,53.136607,On or near Old Lime Court,E01019625,Derbyshire Dales 006D,Violence and sexual offences,Unable to prosecute suspect,
abbafb65d53d93f060cd9eb6f2c1fe2ed21e8fba1f53345d068ac33478b44bdf,2021-06,Derbyshire Constabulary,Derbyshire Constabulary,-1.546687,53.136607,On or near Old Lime Court,E01019625,Derbyshire Dales 006D,Violence and sexual offences,Unable to prosecute suspect,
a352b3f9062d3afac157e5da6db8bc3420424a602d44a1d1d7a099ebc1d4c639,2021-06,Derbyshire Constabulary,Derbyshire Constabulary,-1.546687,53.136607,On or near Old Lime Court,E01019625,Derbyshire Dales 006D,Violence and sexual offences,Unable to prosecute suspect,
d2e62a087cb91527d816f088be433f0bdee492203d03c8f302063bc7b8e19982,2021-06,Derbyshire Constabulary,Derbyshire Constabulary,-1.541410,53.138025,On or near Fairholmes,E01019625,Derbyshire Dales 006D,Violence and sexual offences,Unable to prosecute suspect,
1b80a860b054b223bed9d8b80cab28f31b23e61efe456057a566c748b40d4072,2021-06,Derbyshire Constabulary,Derbyshire Constabulary,-1.546687,53.136607,On or near Old Lime Court,E01019625,Derbyshire Dales 006D,Violence and sexual offences,Status update unavailable,
4deb87c0fabfc0b14e79b7275b9aba94fcece2229a460a5a2ff67a62a40666c4,2021-06,Derbyshire Constabulary,Derbyshire Constabulary,-1.546687,53.136607,On or near Old Lime Court,E01019625,Derbyshire Dales 006D,Violence and sexual offences,Unable to prosecute suspect,
8f8205aa22aeb39deffdc59d862d87d15932b9fb5dd7faaf68a9e27f8f4f0b1e,2021-06,Derbyshire Constabulary,Derbyshire Constabulary,-1.538103,53.138399,On or near Overdale,E01019625,Derbyshire Dales 006D,Violence and sexual offences,Unable to prosecute suspect,
17c4d20e0ebb49c5e402e12e70b0f7490c3a821d2061ee801dd7109f2b26f012,2021-06,Derbyshire Constabulary,Derbyshire Constabulary,-1.541027,53.137493,On or near Hurst Rise,E01019625,Derbyshire Dales 006D,Violence and sexual offences,Unable to prosecute suspect,
53f34d54b2352f47c4cc8f725a71fb99f27f4d1d90d2f340cea10f1261cd4b09,2021-06,Derbyshire Constabulary,Derbyshire Constabulary,-1.546687,53.136607,On or near Old Lime Court,E01019625,Derbyshire Dales 006D,Violence and sexual offences,Unable to prosecute suspect,
,2021-06,Derbyshire Constabulary,Derbyshire Constabulary,-1.540238,53.134407,On or near Alfreton Road,E01019626,Derbyshire Dales 006E,Anti-social behaviour,,
,2021-06,Derbyshire Constabulary,Derbyshire Constabulary,-1.555669,53.138196,On or near A615,E01019626,Derbyshire Dales 006E,Anti-social behaviour,,
,2021-06,Derbyshire Constabulary,Derbyshire Constabulary,-1.552193,53.136089,On or near Park/Open Space,E01019626,Derbyshire Dales 006E,Anti-social behaviour,,
,2021-06,Derbyshire Constabulary,Derbyshire Constabulary,-1.548382,53.134636,On or near Matlock Green,E01019626,Derbyshire Dales 006E,Anti-social behaviour,,
,2021-06,Derbyshire Constabulary,Derbyshire Constabulary,-1.556225,53.137920,On or near Snitterton Road,E01019626,Derbyshire Dales 006E,Anti-social behaviour,,
09bf4bbc06daeaa66e73f101324a738c90d3ec8759b3b9333b2129dad589569b,2021-06,Derbyshire Constabulary,Derbyshire Constabulary,-1.548300,53.133854,On or near Brooklea,E01019626,Derbyshire Dales 006E,Criminal damage and arson,Investigation complete; no suspect identified,
ede90f5cb671600f14f288bd6c7202b069bc15506e942c51384254276e882b58,2021-06,Derbyshire Constabulary,Derbyshire Constabulary,-1.552193,53.136089,On or near Park/Open Space,E01019626,Derbyshire Dales 006E,Criminal damage and arson,Unable to prosecute suspect,
85b0993fbe740229dbf51afcbae71da6e705b08a26c88a75cae13446c93cb6c0,2021-06,Derbyshire Constabulary,Derbyshire Constabulary,-1.553331,53.133028,On or near Pic Tor Lane,E01019626,Derbyshire Dales 006E,Other theft,Investigation complete; no suspect identified,
c13b701fac0e637fd1061f788991df71be3c69a494fcd6ec4cf768cbfcc0dc52,2021-06,Derbyshire Constabulary,Derbyshire Constabulary,-1.548382,53.134636,On or near Matlock Green,E01019626,Derbyshire Dales 006E,Public order,Investigation complete; no suspect identified,
f8e55e4f0ebd8e38e84342f01dfe85e22a4e8b30c24d5568428db2180384a27c,2021-06,Derbyshire Constabulary,Derbyshire Constabulary,-1.548300,53.133854,On or near Brooklea,E01019626,Derbyshire Dales 006E,Violence and sexual offences,Investigation complete; no suspect identified,
d4c1d2a69e4e1a4d5b70b4cf65d6f306a3ab250f202007a64985135f9e12bf82,2021-06,Derbyshire Constabulary,Derbyshire Constabulary,-1.550309,53.118957,On or near Willersley Lane,E01019626,Derbyshire Dales 006E,Violence and sexual offences,Unable to prosecute suspect,
d6187fbdee15c54959872b63d97f3e263b6d3af454133fa6f28a8356990e0f2d,2021-06,Derbyshire Constabulary,Derbyshire Constabulary,-1.552193,53.136089,On or near Park/Open Space,E01019626,Derbyshire Dales 006E,Violence and sexual offences,Investigation complete; no suspect identified,
,2021-06,Derbyshire Constabulary,Derbyshire Constabulary,-1.611906,53.133107,On or near Bonsall Lane,E01019632,Derbyshire Dales 006F,Anti-social behaviour,,
,2021-06,Derbyshire Constabulary,Derbyshire Constabulary,-1.660622,53.145616,On or near Winster Lane,E01019632,Derbyshire Dales 006F,Anti-social behaviour,,
,2021-06,Derbyshire Constabulary,Derbyshire Constabulary,-1.597757,53.154885,On or near Main Road,E01019632,Derbyshire Dales 006F,Anti-social behaviour,,
936fed8ef45aa6aba725459f21ad103a1424ed11d3f9d7e30fc2ebea165a7007,2021-06,Derbyshire Constabulary,Derbyshire Constabulary,-1.660622,53.145616,On or near Winster Lane,E01019632,Derbyshire Dales 006F,Burglary,Investigation complete; no suspect identified,
e3de1acc9950239a04eca385e6efdb9b76919cb9906f6c357971fbef990ff39f,2021-06,Derbyshire Constabulary,Derbyshire Constabulary,-1.598028,53.153116,On or near Gold Close,E01019632,Derbyshire Dales 006F,Public order,Formal action is not in the public interest,
9ffad46d1cdfc0f6283cd0fd91f52881fe2339d7c0d9ef290fc49832b0a598ab,2021-06,Derbyshire Constabulary,Derbyshire Constabulary,-1.611906,53.133107,On or near Bonsall Lane,E01019632,Derbyshire Dales 006F,Public order,Local resolution,
a299a7367472309813e9a9d15699a0598cee65bbcfb5adde7d2927bbda39066a,2021-06,Derbyshire Constabulary,Derbyshire Constabulary,-1.597757,53.154885,On or near Main Road,E01019632,Derbyshire Dales 006F,Violence and sexual offences,Investigation complete; no suspect identified,
0999e18b15def70a8e88210638fa3c9a423d304607f18ce9fc844ce56f6fbf48,2021-06,Derbyshire Constabulary,Derbyshire Constabulary,-1.611906,53.133107,On or near Bonsall Lane,E01019632,Derbyshire Dales 006F,Violence and sexual offences,Unable to prosecute suspect,
4f7c40bb23ed29de72c862a573efcc9661c5abe47319b2c21a8219993f857e72,2021-06,Derbyshire Constabulary,Derbyshire Constabulary,-1.576282,53.072876,On or near Adam Bede Crescent,E01019633,Derbyshire Dales 007A,Burglary,Investigation complete; no suspect identified,
35e198857b6e33e73c2eccd39ae8eb44e0925234807e196c7d45a33df555e26f,2021-06,Derbyshire Constabulary,Derbyshire Constabulary,-1.574892,53.074606,On or near Slater Crescent,E01019633,Derbyshire Dales 007A,Burglary,Investigation complete; no suspect identified,
76921a890f6bc79ad7c4903cf25a0a91c682e7e841a833c5388bccd3072a6d47,2021-06,Derbyshire Constabulary,Derbyshire Constabulary,-1.574892,53.074606,On or near Slater Crescent,E01019633,Derbyshire Dales 007A,Public order,Unable to prosecute suspect,
90e682f9742ae998998191c853027456230694107a9b550a78aa4eae250053da,2021-06,Derbyshire Constabulary,Derbyshire Constabulary,-1.579509,53.075638,On or near Stafford Crescent,E01019633,Derbyshire Dales 007A,Violence and sexual offences,Unable to prosecute suspect,
1fb767aa07b3af95cbf5e4736dc9d450113e635bc5684a43347cfe0ab87a1661,2021-06,Derbyshire Constabulary,Derbyshire Constabulary,-1.573459,53.074601,On or near Bournebrook Avenue,E01019633,Derbyshire Dales 007A,Violence and sexual offences,Unable to prosecute suspect,
,2021-06,Derbyshire Constabulary,Derbyshire Constabulary,-1.564733,53.091828,On or near The Lanes,E01019634,Derbyshire Dales 007B,Anti-social behaviour,,
,2021-06,Derbyshire Constabulary,Derbyshire Constabulary,-1.589533,53.101418,On or near The Green,E01019634,Derbyshire Dales 007B,Anti-social behaviour,,
,2021-06,Derbyshire Constabulary,Derbyshire Constabulary,-1.567573,53.096018,On or near Brickfields Close,E01019634,Derbyshire Dales 007B,Anti-social behaviour,,
,2021-06,Derbyshire Constabulary,Derbyshire Constabulary,-1.530121,53.093045,On or near Intake Lane,E01019634,Derbyshire Dales 007B,Anti-social behaviour,,
,2021-06,Derbyshire Constabulary,Derbyshire Constabulary,-1.570333,53.094770,On or near Malthouse Close,E01019634,Derbyshire Dales 007B,Anti-social behaviour,,
,2021-06,Derbyshire Constabulary,Derbyshire Constabulary,-1.530121,53.093045,On or near Intake Lane,E01019634,Derbyshire Dales 007B,Anti-social behaviour,,
,2021-06,Derbyshire Constabulary,Derbyshire Constabulary,-1.590292,53.101780,On or near The Hall,E01019634,Derbyshire Dales 007B,Anti-social behaviour,,
,2021-06,Derbyshire Constabulary,Derbyshire Constabulary,-1.604716,53.105424,On or near Parking Area,E01019634,Derbyshire Dales 007B,Anti-social behaviour,,
,2021-06,Derbyshire Constabulary,Derbyshire Constabulary,-1.567573,53.096018,On or near Brickfields Close,E01019634,Derbyshire Dales 007B,Anti-social behaviour,,
52fe81c1796c3b304f44f9154016983774c1b5171e072d4f5deeb16f4aba4a10,2021-06,Derbyshire Constabulary,Derbyshire Constabulary,-1.570333,53.094770,On or near Malthouse Close,E01019634,Derbyshire Dales 007B,Possession of weapons,Status update unavailable,
b7a5fa45251ea67273712c44ad43b4134cc7c6985f1e2b2274e16b0455102c4f,2021-06,Derbyshire Constabulary,Derbyshire Constabulary,-1.570333,53.094770,On or near Malthouse Close,E01019634,Derbyshire Dales 007B,Public order,Unable to prosecute suspect,
7188d5c7d9dfec9128fd11ad2ff7cbeeea18fd4f2483581c8e9edd939036a14f,2021-06,Derbyshire Constabulary,Derbyshire Constabulary,-1.570333,53.094770,On or near Malthouse Close,E01019634,Derbyshire Dales 007B,Violence and sexual offences,Unable to prosecute suspect,
c0b226e765601b13c059f91fb86461e7b825af34869356d9c993f1a6f2184c03,2021-06,Derbyshire Constabulary,Derbyshire Constabulary,-1.519796,53.088311,On or near Blundestone Lane,E01019634,Derbyshire Dales 007B,Violence and sexual offences,Formal action is not in the public interest,
,2021-06,Derbyshire Constabulary,Derbyshire Constabulary,-1.576969,53.085076,On or near Green Hill,E01019635,Derbyshire Dales 007C,Anti-social behaviour,,
73a85d2e65555ed9a8fdc35cce48ef88a123df548476db516b705cbdbac6cfd1,2021-06,Derbyshire Constabulary,Derbyshire Constabulary,-1.573138,53.084398,On or near Petrol Station,E01019635,Derbyshire Dales 007C,Criminal damage and arson,Investigation complete; no suspect identified,
3bc54b0becd954131e040d7925aa4eedd6aef50a26b70831f35158b0094d7196,2021-06,Derbyshire Constabulary,Derbyshire Constabulary,-1.576969,53.085076,On or near Green Hill,E01019635,Derbyshire Dales 007C,Drugs,Offender given a drugs possession warning,
a0d8ee5948dff6eef13a602f48da09d898c36d9bc2a7d13af68674480dd37d6a,2021-06,Derbyshire Constabulary,Derbyshire Constabulary,-1.576969,53.085076,On or near Green Hill,E01019635,Derbyshire Dales 007C,Drugs,Status update unavailable,
96c278d7c2e8f02bab529d14366415f1949fd7b2801ed697776658bfedf3f73c,2021-06,Derbyshire Constabulary,Derbyshire Constabulary,-1.576969,53.085076,On or near Green Hill,E01019635,Derbyshire Dales 007C,Public order,Investigation complete; no suspect identified,
0a4e3a3c23b5ca10430c0e732e148340b1078d41fdb4ba2f630a244092187ebf,2021-06,Derbyshire Constabulary,Derbyshire Constabulary,-1.576969,53.085076,On or near Green Hill,E01019635,Derbyshire Dales 007C,Violence and sexual offences,Unable to prosecute suspect,
d407de2f8ec24b49e68a8520f63228de7b2dd232d60ebde58af091f3dd21cb1f,2021-06,Derbyshire Constabulary,Derbyshire Constabulary,-1.573138,53.084398,On or near Petrol Station,E01019635,Derbyshire Dales 007C,Violence and sexual offences,Investigation complete; no suspect identified,
,2021-06,Derbyshire Constabulary,Derbyshire Constabulary,-1.573472,53.080794,On or near Foggs Entry,E01019636,Derbyshire Dales 007D,Anti-social behaviour,,
,2021-06,Derbyshire Constabulary,Derbyshire Constabulary,-1.570656,53.083283,On or near Greenway Croft,E01019636,Derbyshire Dales 007D,Anti-social behaviour,,
,2021-06,Derbyshire Constabulary,Derbyshire Constabulary,-1.572762,53.078706,On or near Canterbury Terrace,E01019636,Derbyshire Dales 007D,Anti-social behaviour,,
,2021-06,Derbyshire Constabulary,Derbyshire Constabulary,-1.574057,53.082046,On or near Parking Area,E01019636,Derbyshire Dales 007D,Anti-social behaviour,,
,2021-06,Derbyshire Constabulary,Derbyshire Constabulary,-1.570656,53.083283,On or near Greenway Croft,E01019636,Derbyshire Dales 007D,Anti-social behaviour,,
ccdc17653bfa2f002f2c85b8155063901224c2a4e5b7fbb0e20dbd4a9e391279,2021-06,Derbyshire Constabulary,Derbyshire Constabulary,-1.571388,53.086288,On or near Sports/Recreation Area,E01019636,Derbyshire Dales 007D,Burglary,Investigation complete; no suspect identified,
84f4aad2b5c724fb9987f41b798a23021fc3b7d0a9101329dfbf5ca16a93a86d,2021-06,Derbyshire Constabulary,Derbyshire Constabulary,-1.571938,53.080492,On or near Nether Gardens,E01019636,Derbyshire Dales 007D,Criminal damage and arson,Unable to prosecute suspect,
52fe81c1796c3b304f44f9154016983774c1b5171e072d4f5deeb16f4aba4a10,2021-06,Derbyshire Constabulary,Derbyshire Constabulary,-1.573798,53.076597,On or near Ian Avenue,E01019636,Derbyshire Dales 007D,Possession of weapons,Status update unavailable,
37209973e41ba6a0c9fae49ddc81ad3511c4d0ac583de0c88b7747f2a9315c08,2021-06,Derbyshire Constabulary,Derbyshire Constabulary,-1.571554,53.089057,On or near Cromford Road,E01019636,Derbyshire Dales 007D,Public order,Investigation complete; no suspect identified,
5a94c915571095bdfb5be55cbbcf6a98866b429bdceb865a90b422a069f41694,2021-06,Derbyshire Constabulary,Derbyshire Constabulary,-1.571554,53.089057,On or near Cromford Road,E01019636,Derbyshire Dales 007D,Public order,Investigation complete; no suspect identified,
feefeba409d19dc0518b926352cb749f63e5a1a832c5f784fce494a73a7ab1e2,2021-06,Derbyshire Constabulary,Derbyshire Constabulary,-1.572763,53.083129,On or near Parking Area,E01019636,Derbyshire Dales 007D,Violence and sexual offences,Investigation complete; no suspect identified,
470a2f7376b2b4a5a072769c0946db7e4e2f445a9fefe1acf0c038647e667cc9,2021-06,Derbyshire Constabulary,Derbyshire Constabulary,-1.571554,53.089057,On or near Cromford Road,E01019636,Derbyshire Dales 007D,Violence and sexual offences,Investigation complete; no suspect identified,
b41862bec0beaea899539164e82068f035192b1c2a642e43282405ded56ea341,2021-06,Derbyshire Constabulary,Derbyshire Constabulary,-1.571938,53.080492,On or near Nether Gardens,E01019636,Derbyshire Dales 007D,Violence and sexual offences,Offender given a caution,
4f8f02bec2998e47e0610c5cf38152c1f5327c6eb5169805bf33046621dd647e,2021-06,Derbyshire Constabulary,Derbyshire Constabulary,-1.571938,53.080492,On or near Nether Gardens,E01019636,Derbyshire Dales 007D,Violence and sexual offences,Investigation complete; no suspect identified,
e8d255a2d74ab4dcc6bd9934bae007b5f7a2cf10c9acbc7576850cf56afa9ba6,2021-06,Derbyshire Constabulary,Derbyshire Constabulary,-1.571938,53.080492,On or near Nether Gardens,E01019636,Derbyshire Dales 007D,Violence and sexual offences,Offender given a caution,
269c634e8c6e038efb55a4309418dc13ee89eea2aeeb7d657a4bb12db4a994a8,2021-06,Derbyshire Constabulary,Derbyshire Constabulary,-1.570970,53.087734,On or near Spring Close,E01019636,Derbyshire Dales 007D,Other crime,Investigation complete; no suspect identified,
,2021-06,Derbyshire Constabulary,Derbyshire Constabulary,-1.738508,53.016190,On or near Belle Vue Road,E01019595,Derbyshire Dales 008A,Anti-social behaviour,,
,2021-06,Derbyshire Constabulary,Derbyshire Constabulary,-1.731403,53.022502,On or near Windmill Lane,E01019595,Derbyshire Dales 008A,Anti-social behaviour,,
,2021-06,Derbyshire Constabulary,Derbyshire Constabulary,-1.732802,53.018056,On or near Shopping Area,E01019595,Derbyshire Dales 008A,Anti-social behaviour,,
,2021-06,Derbyshire Constabulary,Derbyshire Constabulary,-1.731178,53.017935,On or near St John'S Street,E01019595,Derbyshire Dales 008A,Anti-social behaviour,,
,2021-06,Derbyshire Constabulary,Derbyshire Constabulary,-1.732758,53.018047,On or near Parking Area,E01019595,Derbyshire Dales 008A,Anti-social behaviour,,
,2021-06,Derbyshire Constabulary,Derbyshire Constabulary,-1.732758,53.018047,On or near Parking Area,E01019595,Derbyshire Dales 008A,Anti-social behaviour,,
9bbdda2e0abc537dd89678e1438e1254aecacbadebb0e346296f527405633361,2021-06,Derbyshire Constabulary,Derbyshire Constabulary,-1.731865,53.017766,On or near Buxton Road,E01019595,Derbyshire Dales 008A,Criminal damage and arson,Investigation complete; no suspect identified,
e7e736d0894cc3e494fe5c10519b84270ac4471f542c3f04617e480828b88a77,2021-06,Derbyshire Constabulary,Derbyshire Constabulary,-1.735706,53.016201,On or near Church Street,E01019595,Derbyshire Dales 008A,Criminal damage and arson,Unable to prosecute suspect,
9a6169817689c57a497b103edf9310ed1c08da9bcbc61758c22f7f8ceafef94d,2021-06,Derbyshire Constabulary,Derbyshire Constabulary,-1.731865,53.017766,On or near Buxton Road,E01019595,Derbyshire Dales 008A,Criminal damage and arson,Investigation complete; no suspect identified,
1a92b2f4c0602de43418a1a9f3a343946d113d3d59ec30d6f8b6675e661b345c,2021-06,Derbyshire Constabulary,Derbyshire Constabulary,-1.751706,53.009952,On or near Mayfield Road,E01019595,Derbyshire Dales 008A,Other theft,Investigation complete; no suspect identified,
0ddf51929ea981f02ecacea219a90e38325cecc1dfde71ee3250044e98f2fa93,2021-06,Derbyshire Constabulary,Derbyshire Constabulary,-1.732758,53.018047,On or near Parking Area,E01019595,Derbyshire Dales 008A,Possession of weapons,Awaiting court outcome,
5d957171600f288346dc6d292cdfb430a3277f23110beb73c08a93e0723af97f,2021-06,Derbyshire Constabulary,Derbyshire Constabulary,-1.732758,53.018047,On or near Parking Area,E01019595,Derbyshire Dales 008A,Public order,Unable to prosecute suspect,
e4056a52839743ef41ce2c6c91f6d791f1f134bb6c6126c6ffdd8916fd57c481,2021-06,Derbyshire Constabulary,Derbyshire Constabulary,-1.732758,53.018047,On or near Parking Area,E01019595,Derbyshire Dales 008A,Public order,Investigation complete; no suspect identified,
b578f21e52be3561ffee504d4137ca247b3ec41464cb3aad0fcecc26b4c0200f,2021-06,Derbyshire Constabulary,Derbyshire Constabulary,-1.751706,53.009952,On or near Mayfield Road,E01019595,Derbyshire Dales 008A,Theft from the person,Investigation complete; no suspect identified,
78e913f71810cabc8aba24e38d38fe758119553b2ec4f34a0721eb0e4281d19b,2021-06,Derbyshire Constabulary,Derbyshire Constabulary,-1.751706,53.009952,On or near Mayfield Road,E01019595,Derbyshire Dales 008A,Vehicle crime,Investigation complete; no suspect identified,
3440c881a66c7ad2eeba1da24b052383da8d4e9cfc7e2cc9a176902717229782,2021-06,Derbyshire Constabulary,Derbyshire Constabulary,-1.732758,53.018047,On or near Parking Area,E01019595,Derbyshire Dales 008A,Violence and sexual offences,Unable to prosecute suspect,
6175d438edf7dc49ef8f7d1c3f98d17c5afa6b430491e54c01d91dd9cdbed71b,2021-06,Derbyshire Constabulary,Derbyshire Constabulary,-1.732758,53.018047,On or near Parking Area,E01019595,Derbyshire Dales 008A,Violence and sexual offences,Unable to prosecute suspect,
9e34ff7d02cd5b054fa1f634914b30f10f5b27ffeb492b16d277de632f667db6,2021-06,Derbyshire Constabulary,Derbyshire Constabulary,-1.732758,53.018047,On or near Parking Area,E01019595,Derbyshire Dales 008A,Violence and sexual offences,Investigation complete; no suspect identified,
64d9a4c9f9500dec81936da501393becc930e92af8c2e44ed02bdf050a0133db,2021-06,Derbyshire Constabulary,Derbyshire Constabulary,-1.734010,53.018049,On or near Union Street,E01019595,Derbyshire Dales 008A,Violence and sexual offences,Unable to prosecute suspect,
427d87312c58d2ff8fde73a615b93a8896d7d8ed7ed053eadf2daf9a859ae128,2021-06,Derbyshire Constabulary,Derbyshire Constabulary,-1.734010,53.018049,On or near Union Street,E01019595,Derbyshire Dales 008A,Violence and sexual offences,Unable to prosecute suspect,
35a062abb05701833c0e1efc48e83d2213bd7abe8c150ddf1b052958513c6d13,2021-06,Derbyshire Constabulary,Derbyshire Constabulary,-1.732758,53.018047,On or near Parking Area,E01019595,Derbyshire Dales 008A,Violence and sexual offences,Unable to prosecute suspect,
b13b1521dd482758e1ce287bc3cecaf04e920c6afa6f66d63ff3adf1490cde3f,2021-06,Derbyshire Constabulary,Derbyshire Constabulary,-1.732758,53.018047,On or near Parking Area,E01019595,Derbyshire Dales 008A,Violence and sexual offences,Investigation complete; no suspect identified,
,2021-06,Derbyshire Constabulary,Derbyshire Constabulary,-1.702244,53.072224,On or near B5056,E01019605,Derbyshire Dales 008B,Anti-social behaviour,,
c7ee3e4678cf7045c1fe5690ae47b5ad275a92f87edb717008dc25811b0a66c3,2021-06,Derbyshire Constabulary,Derbyshire Constabulary,-1.625488,53.109473,On or near Wood Lane,E01019605,Derbyshire Dales 008B,Other theft,Investigation complete; no suspect identified,
b7a5fa45251ea67273712c44ad43b4134cc7c6985f1e2b2274e16b0455102c4f,2021-06,Derbyshire Constabulary,Derbyshire Constabulary,-1.609887,53.075346,On or near B5035,E01019605,Derbyshire Dales 008B,Public order,Status update unavailable,
1782e09e3f929de3a414c0e27ebd7f073d41149ded582207e635f3c5160dae2f,2021-06,Derbyshire Constabulary,Derbyshire Constabulary,-1.663577,53.098396,On or near B5056,E01019605,Derbyshire Dales 008B,Violence and sexual offences,Unable to prosecute suspect,
e77d6f56179c208b9d70ed4951897ebe16210f1c751dda7c0a8b45ab24fb94ac,2021-06,Derbyshire Constabulary,Derbyshire Constabulary,-1.611480,53.074200,On or near Park/Open Space,E01019605,Derbyshire Dales 008B,Violence and sexual offences,Unable to prosecute suspect,
,2021-06,Derbyshire Constabulary,Derbyshire Constabulary,-1.718179,53.086807,On or near Creamery Lane,E01019611,Derbyshire Dales 008C,Anti-social behaviour,,
,2021-06,Derbyshire Constabulary,Derbyshire Constabulary,-1.718179,53.086807,On or near Creamery Lane,E01019611,Derbyshire Dales 008C,Anti-social behaviour,,
0c66457f9d3520338acbc1250b25a959d637ffed8720d600ad087beb542daa2a,2021-06,Derbyshire Constabulary,Derbyshire Constabulary,-1.753142,53.139704,On or near Petrol Station,E01019611,Derbyshire Dales 008C,Public order,Unable to prosecute suspect,
6218b26e7e51385c4d6f0f11a890df0bcf8969d96d1b7eb4827e43222a63ba07,2021-06,Derbyshire Constabulary,Derbyshire Constabulary,-1.753142,53.139704,On or near Petrol Station,E01019611,Derbyshire Dales 008C,Public order,Unable to prosecute suspect,
8fe81ed2edc08453dcb9360aeee13a35cf95b32268dbea65cc9b02b9a8ab1cdf,2021-06,Derbyshire Constabulary,Derbyshire Constabulary,-1.760572,53.101875,On or near Crosslow Lane,E01019611,Derbyshire Dales 008C,Public order,Investigation complete; no suspect identified,
fe4c679a2b1a5733fbe51cc04b2b8d51deb925e8c282930aa7afc3ea7952f423,2021-06,Derbyshire Constabulary,Derbyshire Constabulary,-1.756428,53.026295,On or near Sports/Recreation Area,E01019611,Derbyshire Dales 008C,Violence and sexual offences,Investigation complete; no suspect identified,
fe06a7c91fca09410b0bdece9e9fdd4b54fa0423d00ad1f707663aef24fcbb76,2021-06,Derbyshire Constabulary,Derbyshire Constabulary,-1.756428,53.026295,On or near Sports/Recreation Area,E01019611,Derbyshire Dales 008C,Violence and sexual offences,Local resolution,
43244b989648bb88647d9bc51dd0e3976e38f745b631035e4a3d4309d8120956,2021-06,Derbyshire Constabulary,Derbyshire Constabulary,-1.752033,53.140070,On or near Parking Area,E01019611,Derbyshire Dales 008C,Violence and sexual offences,Unable to prosecute suspect,
043bf91cfbb99745eab19365409b523e95935aa9eaf332b8ea0b19e20eb5756a,2021-06,Derbyshire Constabulary,Derbyshire Constabulary,-1.721333,53.088450,On or near Kiln Lane,E01019611,Derbyshire Dales 008C,Other crime,Status update unavailable,
,2021-06,Derbyshire Constabulary,Derbyshire Constabulary,-1.573530,53.019021,On or near Hillcliff Lane,E01019616,Derbyshire Dales 008D,Anti-social behaviour,,
,2021-06,Derbyshire Constabulary,Derbyshire Constabulary,-1.617262,53.021282,On or near Beech Avenue,E01019616,Derbyshire Dales 008D,Anti-social behaviour,,
6ce6215b7e98c9f97585af29b02eee7422c69c975aa56649eab27ba36b7a444b,2021-06,Derbyshire Constabulary,Derbyshire Constabulary,-1.617432,53.022253,On or near Alport Close,E01019616,Derbyshire Dales 008D,Burglary,Investigation complete; no suspect identified,
22bd98a5a5887057561225a2ab5ad9881c1fcfa4cc5760b4cd3fe28e951cb4c3,2021-06,Derbyshire Constabulary,Derbyshire Constabulary,-1.604288,53.018543,On or near Crossways Lane,E01019616,Derbyshire Dales 008D,Criminal damage and arson,Investigation complete; no suspect identified,
50c908a18ef93e5b8de0bd264a2eab678004886a3f7cf4a14be1e334fe16ebf9,2021-06,Derbyshire Constabulary,Derbyshire Constabulary,-1.617262,53.021282,On or near Beech Avenue,E01019616,Derbyshire Dales 008D,Public order,Unable to prosecute suspect,
7e4c6f2215e503a0d03cda1d1dbfb1e4d26545e2ad0d745cf41ed7f9d3bfd0ed,2021-06,Derbyshire Constabulary,Derbyshire Constabulary,-1.605436,53.047905,On or near Town End,E01019616,Derbyshire Dales 008D,Violence and sexual offences,Unable to prosecute suspect,
508b76cfa5cb5c770b0d87ddaa06093b904d04679f729ea4f9127dc72fba241b,2021-06,Derbyshire Constabulary,Derbyshire Constabulary,-1.605436,53.047905,On or near Town End,E01019616,Derbyshire Dales 008D,Violence and sexual offences,Unable to prosecute suspect,
,2021-06,Derbyshire Constabulary,Derbyshire Constabulary,-1.728705,53.020186,On or near Spalden Avenue,E01019594,Derbyshire Dales 009A,Anti-social behaviour,,
,2021-06,Derbyshire Constabulary,Derbyshire Constabulary,-1.725636,53.015109,On or near Manifold Avenue,E01019594,Derbyshire Dales 009A,Anti-social behaviour,,
,2021-06,Derbyshire Constabulary,Derbyshire Constabulary,-1.721901,53.014219,On or near Walton Crescent,E01019594,Derbyshire Dales 009A,Anti-social behaviour,,
,2021-06,Derbyshire Constabulary,Derbyshire Constabulary,-1.721901,53.014219,On or near Walton Crescent,E01019594,Derbyshire Dales 009A,Anti-social behaviour,,
,2021-06,Derbyshire Constabulary,Derbyshire Constabulary,-1.728494,53.015763,On or near Lakeside,E01019594,Derbyshire Dales 009A,Anti-social behaviour,,
,2021-06,Derbyshire Constabulary,Derbyshire Constabulary,-1.721901,53.014219,On or near Walton Crescent,E01019594,Derbyshire Dales 009A,Anti-social behaviour,,
d9262206b710ed4f25544ca653925410322b7555f707ff2273358890df8911ab,2021-06,Derbyshire Constabulary,Derbyshire Constabulary,-1.724937,53.014847,On or near Dovedale Avenue,E01019594,Derbyshire Dales 009A,Criminal damage and arson,Status update unavailable,
33dee13e45914dbd35f4ca483c5b753acd3575070fa90888898ccec8a7c35721,2021-06,Derbyshire Constabulary,Derbyshire Constabulary,-1.728454,53.014954,On or near Cullen Avenue,E01019594,Derbyshire Dales 009A,Criminal damage and arson,Investigation complete; no suspect identified,
d9262206b710ed4f25544ca653925410322b7555f707ff2273358890df8911ab,2021-06,Derbyshire Constabulary,Derbyshire Constabulary,-1.718495,53.015263,On or near Brookside,E01019594,Derbyshire Dales 009A,Criminal damage and arson,Awaiting court outcome,
6764ca2345f4c06e273e87fd5aa308e1071fbe93805fc2019e00a43f30ed6971,2021-06,Derbyshire Constabulary,Derbyshire Constabulary,-1.726088,53.014409,On or near St Oswald Crescent,E01019594,Derbyshire Dales 009A,Other theft,Unable to prosecute suspect,
35a062abb05701833c0e1efc48e83d2213bd7abe8c150ddf1b052958513c6d13,2021-06,Derbyshire Constabulary,Derbyshire Constabulary,-1.728217,53.019573,On or near Cokayne Avenue,E01019594,Derbyshire Dales 009A,Violence and sexual offences,Status update unavailable,
c989e10b56b03dd4dd71902499a170465379173292a32ebe09955ae0e60daa70,2021-06,Derbyshire Constabulary,Derbyshire Constabulary,-1.721566,53.015288,On or near Beresford Avenue,E01019594,Derbyshire Dales 009A,Violence and sexual offences,Unable to prosecute suspect,
3f98a34fbfdfffeba6c84ab0157854b749856e23f324ae3c1116ffdc2755de05,2021-06,Derbyshire Constabulary,Derbyshire Constabulary,-1.721901,53.014219,On or near Walton Crescent,E01019594,Derbyshire Dales 009A,Violence and sexual offences,Investigation complete; no suspect identified,
,2021-06,Derbyshire Constabulary,Derbyshire Constabulary,-1.731037,53.016730,On or near Parking Area,E01019596,Derbyshire Dales 009B,Anti-social behaviour,,
,2021-06,Derbyshire Constabulary,Derbyshire Constabulary,-1.730307,53.014302,On or near Taylor Court,E01019596,Derbyshire Dales 009B,Anti-social behaviour,,
,2021-06,Derbyshire Constabulary,Derbyshire Constabulary,-1.731037,53.016730,On or near Parking Area,E01019596,Derbyshire Dales 009B,Anti-social behaviour,,
121ff848bcfe0bb9a36eb3a6f12ce723f7f3ebd649f07cd028eb2a13a04e11a1,2021-06,Derbyshire Constabulary,Derbyshire Constabulary,-1.724643,53.009479,On or near Mumford Drive,E01019596,Derbyshire Dales 009B,Burglary,Investigation complete; no suspect identified,
504f36eb5530b221d8718b25bc296b0158a7433b93926f0ac624a7742da9a189,2021-06,Derbyshire Constabulary,Derbyshire Constabulary,-1.726696,53.010203,On or near Booth Drive,E01019596,Derbyshire Dales 009B,Criminal damage and arson,Unable to prosecute suspect,
3e35e9f4d076cb29c1666a90982090175e6ff3aa4a79b0957c83b2461d27301b,2021-06,Derbyshire Constabulary,Derbyshire Constabulary,-1.730531,53.014185,On or near Sturston Road,E01019596,Derbyshire Dales 009B,Criminal damage and arson,Formal action is not in the public interest,
15102817c403081479b5401907a6fdbf8b96f8f7486375eaf92b55d4a25bdbc8,2021-06,Derbyshire Constabulary,Derbyshire Constabulary,-1.731037,53.016730,On or near Parking Area,E01019596,Derbyshire Dales 009B,Other theft,Investigation complete; no suspect identified,
4f3cf93242bf4431e6ccf6db55a647d2412f4d9e9b0ab592d062bb6bc84d5915,2021-06,Derbyshire Constabulary,Derbyshire Constabulary,-1.730728,53.016010,On or near Shaw Croft,E01019596,Derbyshire Dales 009B,Other theft,Investigation complete; no suspect identified,
88d67532ac9f8e6cc62439ca188b800797e746264d156979e44da48583266937,2021-06,Derbyshire Constabulary,Derbyshire Constabulary,-1.731503,53.016012,On or near Supermarket,E01019596,Derbyshire Dales 009B,Violence and sexual offences,Unable to prosecute suspect,
a63ae9d15e18a635e71b4916a56eba5e829c1562eb561782a43fb95a44c86251,2021-06,Derbyshire Constabulary,Derbyshire Constabulary,-1.726696,53.010203,On or near Booth Drive,E01019596,Derbyshire Dales 009B,Violence and sexual offences,Status update unavailable,
5b5069f9af2f1cb17c63061b83b1ef99be25805cb9e8832964dfdcf2e80e2046,2021-06,Derbyshire Constabulary,Derbyshire Constabulary,-1.729942,53.008287,On or near Forshaw Close,E01019596,Derbyshire Dales 009B,Violence and sexual offences,Status update unavailable,
f722328fe2482e166bb13653443d10ce076fac1a150d73d4c44fe06d04bfd754,2021-06,Derbyshire Constabulary,Derbyshire Constabulary,-1.726696,53.010203,On or near Booth Drive,E01019596,Derbyshire Dales 009B,Violence and sexual offences,Investigation complete; no suspect identified,
ae2f6c06314da10c6b2e81b065c23a1731333c4074803e798f4ae5e3be0778c7,2021-06,Derbyshire Constabulary,Derbyshire Constabulary,-1.726696,53.010203,On or near Booth Drive,E01019596,Derbyshire Dales 009B,Violence and sexual offences,Investigation complete; no suspect identified,
ef5904bc99ed5c5dcb12ccebe9f61a0df87fb6c431aacbc130107871e5c11678,2021-06,Derbyshire Constabulary,Derbyshire Constabulary,-1.728163,53.006746,On or near Wyaston Road,E01019596,Derbyshire Dales 009B,Violence and sexual offences,Investigation complete; no suspect identified,
,2021-06,Derbyshire Constabulary,Derbyshire Constabulary,-1.718299,53.008763,On or near Ashmeadow Court,E01019597,Derbyshire Dales 009C,Anti-social behaviour,,
2658b151a0fdcf6aaec749317ad2a2e6763149e2d3636e04598a0acd9fb3c6e4,2021-06,Derbyshire Constabulary,Derbyshire Constabulary,-1.713628,53.007512,On or near Bus/Coach Station,E01019597,Derbyshire Dales 009C,Public order,Unable to prosecute suspect,
19b9c8c11a0e7cd82a9836a35572a7b49e1ac118f2345fcd153dea96d1a3d7e8,2021-06,Derbyshire Constabulary,Derbyshire Constabulary,-1.718299,53.008763,On or near Ashmeadow Court,E01019597,Derbyshire Dales 009C,Public order,Unable to prosecute suspect,
8299cc8b9807bfacdf3521911f9d32c98c4592cd25f8e9f2d773ea87a3ee8f77,2021-06,Derbyshire Constabulary,Derbyshire Constabulary,-1.716779,53.008823,On or near Lathkill Drive,E01019597,Derbyshire Dales 009C,Violence and sexual offences,Unable to prosecute suspect,
04c4bb598b496ea3ce72ee937260c4ab9333e3578ae6015eb56bb46a321630e6,2021-06,Derbyshire Constabulary,Derbyshire Constabulary,-1.716779,53.008823,On or near Lathkill Drive,E01019597,Derbyshire Dales 009C,Violence and sexual offences,Unable to prosecute suspect,
e625bc3f6f8b3bb2fa6c6ac9c47f3385ea247748700505d982e2235774333636,2021-06,Derbyshire Constabulary,Derbyshire Constabulary,-1.723266,53.005773,On or near Cedar Close,E01019597,Derbyshire Dales 009C,Violence and sexual offences,Status update unavailable,
,2021-06,Derbyshire Constabulary,Derbyshire Constabulary,-1.732648,53.016572,On or near Dig Street,E01019598,Derbyshire Dales 009D,Anti-social behaviour,,
,2021-06,Derbyshire Constabulary,Derbyshire Constabulary,-1.732648,53.016572,On or near Dig Street,E01019598,Derbyshire Dales 009D,Anti-social behaviour,,
,2021-06,Derbyshire Constabulary,Derbyshire Constabulary,-1.732369,53.013479,On or near South Street,E01019598,Derbyshire Dales 009D,Anti-social behaviour,,
,2021-06,Derbyshire Constabulary,Derbyshire Constabulary,-1.732648,53.016572,On or near Dig Street,E01019598,Derbyshire Dales 009D,Anti-social behaviour,,
,2021-06,Derbyshire Constabulary,Derbyshire Constabulary,-1.731464,53.015113,On or near Petrol Station,E01019598,Derbyshire Dales 009D,Anti-social behaviour,,
,2021-06,Derbyshire Constabulary,Derbyshire Constabulary,-1.732648,53.016572,On or near Dig Street,E01019598,Derbyshire Dales 009D,Anti-social behaviour,,
35875b4c716df99c1ab7fb1103cf19433f0e5415c37e1581ce3555899f4bd6de,2021-06,Derbyshire Constabulary,Derbyshire Constabulary,-1.732648,53.016572,On or near Dig Street,E01019598,Derbyshire Dales 009D,Bicycle theft,Local resolution,
7c361d15878d72cfbf0aaf8fa8fd9c5a1183c6b2b4660bb947d511ea79d26305,2021-06,Derbyshire Constabulary,Derbyshire Constabulary,-1.734289,53.013834,On or near Station Street,E01019598,Derbyshire Dales 009D,Burglary,Unable to prosecute suspect,
bfd5cd72c821b2a333f0719932949319edda993fdf0076221776d897eeaf70fc,2021-06,Derbyshire Constabulary,Derbyshire Constabulary,-1.733256,53.014668,On or near Supermarket,E01019598,Derbyshire Dales 009D,Criminal damage and arson,Investigation complete; no suspect identified,
7f6d0134d1b6b147da9afe9316f3145083a0c2dc4a2f801c569e24cd790d8c54,2021-06,Derbyshire Constabulary,Derbyshire Constabulary,-1.736841,53.008428,On or near Buscott Drive,E01019598,Derbyshire Dales 009D,Other theft,Investigation complete; no suspect identified,
99721ab061c6978a4bcb7e3af87d51f85594d4ff35b70956d7474ee5c19daa4e,2021-06,Derbyshire Constabulary,Derbyshire Constabulary,-1.737197,53.013706,On or near Leisure Way,E01019598,Derbyshire Dales 009D,Other theft,Status update unavailable,
0a7036037af3af1d682765dc889a04bc3969724202727ed69a3aeb5b426dd88c,2021-06,Derbyshire Constabulary,Derbyshire Constabulary,-1.739216,53.009998,On or near George Street,E01019598,Derbyshire Dales 009D,Possession of weapons,Unable to prosecute suspect,
e0878534b308c0568398f8ee5fc2f314a208e0f408268387bb27df44366008d5,2021-06,Derbyshire Constabulary,Derbyshire Constabulary,-1.744934,53.010900,On or near Shopping Area,E01019598,Derbyshire Dales 009D,Public order,Investigation complete; no suspect identified,
7d731f40675974407bd765ed9bd74f932484e27594c9037aa8c455ac643ccdd0,2021-06,Derbyshire Constabulary,Derbyshire Constabulary,-1.732648,53.016572,On or near Dig Street,E01019598,Derbyshire Dales 009D,Public order,Awaiting court outcome,
f992f7155e285462876d0bab69ac91b2c49dc660eb5e7f55b82ca10bf4763fc9,2021-06,Derbyshire Constabulary,Derbyshire Constabulary,-1.733256,53.014668,On or near Supermarket,E01019598,Derbyshire Dales 009D,Shoplifting,Investigation complete; no suspect identified,
2bc720e0c6c81774cef2942b03a060e292d29eceeefbbe10e6050a10593c5ce2,2021-06,Derbyshire Constabulary,Derbyshire Constabulary,-1.732648,53.016572,On or near Dig Street,E01019598,Derbyshire Dales 009D,Violence and sexual offences,Unable to prosecute suspect,
0fd580661b2c4637df42ac5529b49f793f83dc29036675e424b28a1664859a45,2021-06,Derbyshire Constabulary,Derbyshire Constabulary,-1.740499,53.009740,On or near Lodge Avenue,E01019598,Derbyshire Dales 009D,Violence and sexual offences,Status update unavailable,
c989e10b56b03dd4dd71902499a170465379173292a32ebe09955ae0e60daa70,2021-06,Derbyshire Constabulary,Derbyshire Constabulary,-1.732402,53.015304,On or near Malbon'S Yard,E01019598,Derbyshire Dales 009D,Violence and sexual offences,Status update unavailable,
9cc3ca71cf9ae54886c4e0e8e21ab927982e2f13dfa0087858ae7867f919a199,2021-06,Derbyshire Constabulary,Derbyshire Constabulary,-1.732648,53.016572,On or near Dig Street,E01019598,Derbyshire Dales 009D,Violence and sexual offences,Unable to prosecute suspect,
f0185fff929d9bc65b982bc4bbbbdedb935a8796e6f083a0f9171ca133a8616f,2021-06,Derbyshire Constabulary,Derbyshire Constabulary,-1.740499,53.009740,On or near Lodge Avenue,E01019598,Derbyshire Dales 009D,Violence and sexual offences,Status update unavailable,
c39a03b62e6fab50d6be006f6bda02d458bd3aa63736bab6b2808ecffb458721,2021-06,Derbyshire Constabulary,Derbyshire Constabulary,-1.737197,53.013706,On or near Leisure Way,E01019598,Derbyshire Dales 009D,Violence and sexual offences,Investigation complete; no suspect identified,
109f42b6de12b22c7a57162be6bbf92fee60c804b0aa419ca46a660146c11a29,2021-06,Derbyshire Constabulary,Derbyshire Constabulary,-1.732648,53.016572,On or near Dig Street,E01019598,Derbyshire Dales 009D,Violence and sexual offences,Investigation complete; no suspect identified,
b8df1dd54e42066bf5eb17f858c100a8e15cf64e3c59f48ed147bc3a4a6b8370,2021-06,Derbyshire Constabulary,Derbyshire Constabulary,-1.732402,53.015304,On or near Malbon'S Yard,E01019598,Derbyshire Dales 009D,Violence and sexual offences,Unable to prosecute suspect,
f1de4b86c8244e9e33ab05a1d76108c89caadb975fe5485f502e6f6c415da6a0,2021-06,Derbyshire Constabulary,Derbyshire Constabulary,-1.736526,53.008841,On or near Harboro Close,E01019598,Derbyshire Dales 009D,Violence and sexual offences,Investigation complete; no suspect identified,
,2021-06,Derbyshire Constabulary,Derbyshire Constabulary,-1.622306,52.972918,On or near Luke Lane,E01019603,Derbyshire Dales 010A,Anti-social behaviour,,
90298b3f4cab3f9a2d2dffc56372801f71893cc39d7ea3c4ab4adedcca0e5615,2021-06,Derbyshire Constabulary,Derbyshire Constabulary,-1.622306,52.972918,On or near Luke Lane,E01019603,Derbyshire Dales 010A,Violence and sexual offences,Unable to prosecute suspect,
e32d5c8f92d99cb5eae37bf4ba7c2cac7a34107cfd9e2cd0a4efbe3138ddc407,2021-06,Derbyshire Constabulary,Derbyshire Constabulary,-1.622306,52.972918,On or near Luke Lane,E01019603,Derbyshire Dales 010A,Violence and sexual offences,Unable to prosecute suspect,
58a7288db9e6646b3aaef7acdea8ecf14afec69a2fee274ba5c96c7ef367c728,2021-06,Derbyshire Constabulary,Derbyshire Constabulary,-1.621005,52.970064,On or near Alley Walk,E01019603,Derbyshire Dales 010A,Violence and sexual offences,Unable to prosecute suspect,
c33a39c8c1daf83790fc6a30db9154c3e8651ef9f52602912440810ce7538eff,2021-06,Derbyshire Constabulary,Derbyshire Constabulary,-1.620492,52.972571,On or near The Plain,E01019603,Derbyshire Dales 010A,Violence and sexual offences,Unable to prosecute suspect,
3a5d991041e75f881827a1ba449a3437bff4a8bc7e1e3d2f4ada1f5906f5c1ad,2021-06,Derbyshire Constabulary,Derbyshire Constabulary,-1.622306,52.972918,On or near Luke Lane,E01019603,Derbyshire Dales 010A,Violence and sexual offences,Unable to prosecute suspect,
13d64b0c2a0ff06c69493dba01723bdd529f6ac7421764b611d2f507e7ae6e34,2021-06,Derbyshire Constabulary,Derbyshire Constabulary,-1.621129,52.969489,On or near Main Road,E01019603,Derbyshire Dales 010A,Other crime,Status update unavailable,
,2021-06,Derbyshire Constabulary,Derbyshire Constabulary,-1.744068,53.008552,On or near Clifton Road,E01019607,Derbyshire Dales 010B,Anti-social behaviour,,
,2021-06,Derbyshire Constabulary,Derbyshire Constabulary,-1.738214,52.983486,On or near Edlaston Lane,E01019607,Derbyshire Dales 010B,Anti-social behaviour,,
d2c7884b637468de53055249458f3a802abf12ef0745e8b8a6955e682eb8b048,2021-06,Derbyshire Constabulary,Derbyshire Constabulary,-1.702393,52.987636,On or near Sports/Recreation Area,E01019607,Derbyshire Dales 010B,Other theft,Investigation complete; no suspect identified,
da618c720a7a53ac85ab8b8cc03bb77ad82f69060ed4ed065caf0ad42c8727e8,2021-06,Derbyshire Constabulary,Derbyshire Constabulary,-1.668312,53.010846,On or near Yew Tree Lane,E01019607,Derbyshire Dales 010B,Violence and sexual offences,Unable to prosecute suspect,
055e696b080d5a95e5c4f671dcda95d2c469a2c178b390669d16c0a33cf5b1c8,2021-06,Derbyshire Constabulary,Derbyshire Constabulary,-1.673782,52.985089,On or near Rough Lane,E01019607,Derbyshire Dales 010B,Violence and sexual offences,Unable to prosecute suspect,
11b3a169b49b6ba1f9ce85f4b2558280f44c9be875f5759e3f5aa392cb8f4ff4,2021-06,Derbyshire Constabulary,Derbyshire Constabulary,-1.668312,53.010846,On or near Yew Tree Lane,E01019607,Derbyshire Dales 010B,Violence and sexual offences,Unable to prosecute suspect,
,2021-06,Derbyshire Constabulary,Derbyshire Constabulary,-1.761866,52.888627,On or near A50,E01019612,Derbyshire Dales 010C,Anti-social behaviour,,
3ea49fc2fe8f1e60a333567674ca3a552a0a078ef34017fccc11df68ce99f44e,2021-06,Derbyshire Constabulary,Derbyshire Constabulary,-1.762392,52.884817,On or near School Lane,E01019612,Derbyshire Dales 010C,Burglary,Investigation complete; no suspect identified,
9d10b66d2abcd31320a255a6709af95199c21aaea0a7b6fb34e570c46ec2408c,2021-06,Derbyshire Constabulary,Derbyshire Constabulary,-1.767852,52.897709,On or near Sudbury Park,E01019612,Derbyshire Dales 010C,Drugs,Status update unavailable,
b20fd19115cd24cf76d151203c3001635ff09b960d3acd5cd85235d85e2aae71,2021-06,Derbyshire Constabulary,Derbyshire Constabulary,-1.828457,52.909157,On or near Upwoods Road,E01019612,Derbyshire Dales 010C,Public order,Unable to prosecute suspect,
ecb6b0f907c20717c842d3ef5b5a3619f035498f14857b44bc1ffbda41a8e63a,2021-06,Derbyshire Constabulary,Derbyshire Constabulary,-1.810994,52.903853,On or near A50,E01019612,Derbyshire Dales 010C,Vehicle crime,Investigation complete; no suspect identified,
a1cc6c2b89ec1043731240f6b53e06f5c7123c6324b7ed8a784d5a7a4b1f1022,2021-06,Derbyshire Constabulary,Derbyshire Constabulary,-1.767852,52.897709,On or near Sudbury Park,E01019612,Derbyshire Dales 010C,Violence and sexual offences,Further action is not in the public interest,
b1b1cc0853c7b86ac22d02211c91b4de5cc4a1946ba6bdc294a312a955913738,2021-06,Derbyshire Constabulary,Derbyshire Constabulary,-1.761850,52.886110,On or near Parking Area,E01019612,Derbyshire Dales 010C,Violence and sexual offences,Investigation complete; no suspect identified,
2d55e1bed83550acdcbc00ad3426da18f779e5d775dd2b530b98d6640f53b78f,2021-06,Derbyshire Constabulary,Derbyshire Constabulary,-1.767852,52.897709,On or near Sudbury Park,E01019612,Derbyshire Dales 010C,Violence and sexual offences,Unable to prosecute suspect,
9b2ea2ae0a879c02a7b66a3371b93099b5228902bd4dc07cc7da05a7274a5a1b,2021-06,Derbyshire Constabulary,Derbyshire Constabulary,-1.767852,52.897709,On or near Sudbury Park,E01019612,Derbyshire Dales 010C,Violence and sexual offences,Unable to prosecute suspect,
4c3d640ce6d8f2eebcf18c489b2ecfec8a9557a8dc1f26b82ad80609e4d7755e,2021-06,Derbyshire Constabulary,Derbyshire Constabulary,-1.767852,52.897709,On or near Sudbury Park,E01019612,Derbyshire Dales 010C,Other crime,Investigation complete; no suspect identified,
7b3910d2acbd86636bbd10d55e9ccdcb1d48a04c961eb29528ca9d03ff731b7f,2021-06,Derbyshire Constabulary,Derbyshire Constabulary,-1.767852,52.897709,On or near Sudbury Park,E01019612,Derbyshire Dales 010C,Other crime,Status update unavailable,
2599518dd8788fc7f6c7b6e0c5b20aef2f8eddfc5087ea6a91e6c5ce9fee18e2,2021-06,Derbyshire Constabulary,Derbyshire Constabulary,-1.767852,52.897709,On or near Sudbury Park,E01019612,Derbyshire Dales 010C,Other crime,Awaiting court outcome,
c9806fcfa2042ac2a807e52491ebad2833ba0f35b86d621aac2b14d2a5902dad,2021-06,Derbyshire Constabulary,Derbyshire Constabulary,-1.767852,52.897709,On or near Sudbury Park,E01019612,Derbyshire Dales 010C,Other crime,Unable to prosecute suspect,
becc59a07d6716759d90d438792738904698811e3cfd85d9e98a7d7c0c707932,2021-06,Derbyshire Constabulary,Derbyshire Constabulary,-1.767852,52.897709,On or near Sudbury Park,E01019612,Derbyshire Dales 010C,Other crime,Awaiting court outcome,
efe9619900fc49c4139b51fea5f21bf76d2213e73ce8046cd0f0294f4574bb85,2021-06,Derbyshire Constabulary,Derbyshire Constabulary,-1.767852,52.897709,On or near Sudbury Park,E01019612,Derbyshire Dales 010C,Other crime,Unable to prosecute suspect,
232b2820397986484af146784f6e66caba4b96f631b43e371602f3ac042aef69,2021-06,Derbyshire Constabulary,Derbyshire Constabulary,-1.767852,52.897709,On or near Sudbury Park,E01019612,Derbyshire Dales 010C,Other crime,Unable to prosecute suspect,
11044d508ca0f43cbdac269affc86b89483bd6c41b187fe66205166879204cb3,2021-06,Derbyshire Constabulary,Derbyshire Constabulary,-1.767852,52.897709,On or near Sudbury Park,E01019612,Derbyshire Dales 010C,Other crime,Awaiting court outcome,
593014bcfea4f0cab1d2631cc18d313b457e6d4759a3ead994a30b585a171f15,2021-06,Derbyshire Constabulary,Derbyshire Constabulary,-1.767852,52.897709,On or near Sudbury Park,E01019612,Derbyshire Dales 010C,Other crime,Unable to prosecute suspect,
4c238af5e97f4d2c38902b5ab9cde1da60d13a7e1aed788f9dc64d58a128d257,2021-06,Derbyshire Constabulary,Derbyshire Constabulary,-1.767852,52.897709,On or near Sudbury Park,E01019612,Derbyshire Dales 010C,Other crime,Unable to prosecute suspect,
325896b207a9e07dea692cef2e67e62c01468cbd0a4609e6de2d64e151d17d4d,2021-06,Derbyshire Constabulary,Derbyshire Constabulary,-1.767852,52.897709,On or near Sudbury Park,E01019612,Derbyshire Dales 010C,Other crime,Awaiting court outcome,
,2021-06,Derbyshire Constabulary,Derbyshire Constabulary,-1.805883,52.966375,On or near The Hollow,E01019629,Derbyshire Dales 010D,Anti-social behaviour,,
de9984cb7ceeec0e8e19f41d0013b5fb0f160570b24161ccb142030424d77e69,2021-06,Derbyshire Constabulary,Derbyshire Constabulary,-1.740822,52.913367,On or near Marjory Lane,E01019629,Derbyshire Dales 010D,Violence and sexual offences,Unable to prosecute suspect,
91583977c369667b134c9eb3b9dda04b6a0c8984856456aa2fc46267257a286f,2021-06,Derbyshire Constabulary,Derbyshire Constabulary,-1.805883,52.966375,On or near The Hollow,E01019629,Derbyshire Dales 010D,Violence and sexual offences,Unable to prosecute suspect,
6cf7ea288b8e07f2ea8c56f3f0538ef48bf3e5740f00b81e60badc778ee975b1,2021-06,Derbyshire Constabulary,Derbyshire Constabulary,-1.720787,52.960371,On or near Priory Close,E01019629,Derbyshire Dales 010D,Violence and sexual offences,Unable to prosecute suspect,
4cf3988efb01e493fea1c1b86d491c9d5038600bbba60a063c9edfead0522baa,2021-06,Derbyshire Constabulary,Derbyshire Constabulary,-1.720787,52.960371,On or near Priory Close,E01019629,Derbyshire Dales 010D,Violence and sexual offences,Unable to prosecute suspect,
06c5d9b56938e2dbda765564209c08c06c271a648cb3e9a386d1a6444ed5b457,2021-06,Derbyshire Constabulary,Derbyshire Constabulary,-1.145848,53.525912,On or near Prison,E01007529,Doncaster 022A,Violence and sexual offences,Status update unavailable,
67b66cf63cdff3ca20b2e5ed15b864dcd552d175ff3ef38758d5f34866b2c099,2021-06,Derbyshire Constabulary,Derbyshire Constabulary,-0.222571,53.262023,On or near A158,E01026082,East Lindsey 007B,Violence and sexual offences,Status update unavailable,
622db780f745663e1b16fa4d302ae0550e312786a2ae66a0c588a8b18fe5f156,2021-06,Derbyshire Constabulary,Derbyshire Constabulary,-0.106865,53.200574,On or near Jobson Road,E01026064,East Lindsey 011A,Violence and sexual offences,Status update unavailable,
,2021-06,Derbyshire Constabulary,Derbyshire Constabulary,-1.769552,53.005934,On or near Jubilee Square,E01029467,East Staffordshire 001E,Anti-social behaviour,,
6c60dba636bcaf72e14073608deea80354ed6722dbbabfee5ac90c5c031c5fd4,2021-06,Derbyshire Constabulary,Derbyshire Constabulary,-1.765281,53.002042,On or near Sports/Recreation Area,E01029467,East Staffordshire 001E,Drugs,Unable to prosecute suspect,
41ee39188b88dc0ee7154930a60cade23b158d419176c6cabfd6bd5f6e9e4726,2021-06,Derbyshire Constabulary,Derbyshire Constabulary,-1.624559,52.832952,On or near Carisbrooke Drive,E01029455,East Staffordshire 005B,Violence and sexual offences,Unable to prosecute suspect,
18ca9b431221ef8be7e71e47e50c0a502da75fa369c85605796b7a9864b40fec,2021-06,Derbyshire Constabulary,Derbyshire Constabulary,-1.649399,52.808073,On or near Grange Street,E01029448,East Staffordshire 009D,Other crime,Status update unavailable,
,2021-06,Derbyshire Constabulary,Derbyshire Constabulary,-1.605416,52.814416,On or near Brookside,E01029469,East Staffordshire 010B,Anti-social behaviour,,
d4a7e6f6611c4cff53b288875bb009600c7af530e5006266522d049de36d1665,2021-06,Derbyshire Constabulary,Derbyshire Constabulary,-1.605416,52.814416,On or near Brookside,E01029469,East Staffordshire 010B,Violence and sexual offences,Awaiting court outcome,
dc87c7082ae6cdcaea77b865b4a4a42aa44550ed33bc593eade718ee6c56647f,2021-06,Derbyshire Constabulary,Derbyshire Constabulary,-1.605416,52.814416,On or near Brookside,E01029469,East Staffordshire 010B,Violence and sexual offences,Awaiting court outcome,
0040f0d7c243046ea4299bd25625520237b74071a6f30763b9c8e80f25ccd798,2021-06,Derbyshire Constabulary,Derbyshire Constabulary,-1.605416,52.814416,On or near Brookside,E01029469,East Staffordshire 010B,Violence and sexual offences,Awaiting court outcome,
,2021-06,Derbyshire Constabulary,Derbyshire Constabulary,-1.592801,52.803658,On or near Edmonton Place,E01029472,East Staffordshire 010E,Anti-social behaviour,,
,2021-06,Derbyshire Constabulary,Derbyshire Constabulary,-1.630101,52.807817,On or near Police Station,E01032897,East Staffordshire 011G,Anti-social behaviour,,
c8427293bc92882ee9b16e6dfbc7112cd862e347ac11f2af514455a422ca4008,2021-06,Derbyshire Constabulary,Derbyshire Constabulary,-1.622619,52.818751,On or near Wetmore Lane,E01032897,East Staffordshire 011G,Violence and sexual offences,Status update unavailable,
,2021-06,Derbyshire Constabulary,Derbyshire Constabulary,-1.617904,52.787830,On or near Stanton Road,E01029449,East Staffordshire 014A,Anti-social behaviour,,
,2021-06,Derbyshire Constabulary,Derbyshire Constabulary,-1.632973,52.783877,On or near Cumberland Road,E01029450,East Staffordshire 014B,Anti-social behaviour,,
151535c3aa0254967b3d8201a987f2cc16b71849f3d00cc7dec8c9cc11094fcd,2021-06,Derbyshire Constabulary,Derbyshire Constabulary,-1.633643,52.787008,On or near Norfolk Road,E01029450,East Staffordshire 014B,Other crime,Unable to prosecute suspect,
8b7209d427e5d931899cb1db86ff3e0318fe1875f74e00dbe480d7bc8d74d053,2021-06,Derbyshire Constabulary,Derbyshire Constabulary,-1.626134,52.780872,On or near Laurel Grove,E01029453,East Staffordshire 014E,Criminal damage and arson,Investigation complete; no suspect identified,
ae1a294a03b9ac7d48a31458cb30a8c958e9ac95a195351016b460bcaebb1745,2021-06,Derbyshire Constabulary,Derbyshire Constabulary,-1.697031,52.750635,On or near Park/Open Space,E01029441,East Staffordshire 015C,Other theft,Investigation complete; no suspect identified,
,2021-06,Derbyshire Constabulary,Derbyshire Constabulary,-1.302458,52.983006,On or near Awsworth Road,E01019644,Erewash 001A,Anti-social behaviour,,
,2021-06,Derbyshire Constabulary,Derbyshire Constabulary,-1.310159,52.987644,On or near Ash Street,E01019644,Erewash 001A,Anti-social behaviour,,
,2021-06,Derbyshire Constabulary,Derbyshire Constabulary,-1.313478,52.986899,On or near Stapleton Road,E01019644,Erewash 001A,Anti-social behaviour,,
,2021-06,Derbyshire Constabulary,Derbyshire Constabulary,-1.305646,52.982944,On or near Muskham Avenue,E01019644,Erewash 001A,Anti-social behaviour,,
fe6ea0ce154b66b95880e44bef059add3076058190b1e0577afaf0f7249a6738,2021-06,Derbyshire Constabulary,Derbyshire Constabulary,-1.305646,52.982944,On or near Muskham Avenue,E01019644,Erewash 001A,Burglary,Investigation complete; no suspect identified,
76530703d8c0f69bf4c337f6c8523566d05843b8a222a038b17c5d31d2128d52,2021-06,Derbyshire Constabulary,Derbyshire Constabulary,-1.313588,52.986531,On or near Monyash Close,E01019644,Erewash 001A,Criminal damage and arson,Status update unavailable,
f4156dd3aafe5b95a9a6b834558dc2e01413f5fdfdf20558bbff5c1ac8995129,2021-06,Derbyshire Constabulary,Derbyshire Constabulary,-1.313588,52.986531,On or near Monyash Close,E01019644,Erewash 001A,Criminal damage and arson,Status update unavailable,
1f8f5f9c3aac9f9555c42d53b563ee8b04a48d87aa56992457d83fee7d5bdf80,2021-06,Derbyshire Constabulary,Derbyshire Constabulary,-1.311209,52.987156,On or near May Street,E01019644,Erewash 001A,Criminal damage and arson,Investigation complete; no suspect identified,
a49dc500d21618fb16ca92cd86e597e5a5deb3bf6f9b7c466313d48c78d7aa57,2021-06,Derbyshire Constabulary,Derbyshire Constabulary,-1.305646,52.982944,On or near Muskham Avenue,E01019644,Erewash 001A,Public order,Unable to prosecute suspect,
09bd24c8ab7939ac2d2292a49d08e240f8fb5daed5b52336132143b20d15dba5,2021-06,Derbyshire Constabulary,Derbyshire Constabulary,-1.306921,52.983302,On or near Victoria Street,E01019644,Erewash 001A,Public order,Investigation complete; no suspect identified,
21a20400cff4deed04add812b22e7e739f6bae6f1233816c02b36a54fbb927fc,2021-06,Derbyshire Constabulary,Derbyshire Constabulary,-1.305646,52.982944,On or near Muskham Avenue,E01019644,Erewash 001A,Vehicle crime,Investigation complete; no suspect identified,
9d775ebda0a8dfbd957a5f1bea73a06d335875ca69ad3f42724def6516daf084,2021-06,Derbyshire Constabulary,Derbyshire Constabulary,-1.306706,52.985575,On or near Grenville Drive,E01019644,Erewash 001A,Vehicle crime,Investigation complete; no suspect identified,
557ad286d272be537b945a2053c1d74fd6efe5c834f48cda4b58e819ed4e5c49,2021-06,Derbyshire Constabulary,Derbyshire Constabulary,-1.302458,52.983006,On or near Awsworth Road,E01019644,Erewash 001A,Violence and sexual offences,Unable to prosecute suspect,
123a62c5fb743650b8f0c06a58eeffe3d77ada0ede907fb405d91bdf3c4c8959,2021-06,Derbyshire Constabulary,Derbyshire Constabulary,-1.315084,52.987043,On or near Litton Close,E01019644,Erewash 001A,Violence and sexual offences,Unable to prosecute suspect,
41ccf4c6c46851fabe614fcaa5c0958da8b9abe577c62ea1f810205fdf996f95,2021-06,Derbyshire Constabulary,Derbyshire Constabulary,-1.305646,52.982944,On or near Muskham Avenue,E01019644,Erewash 001A,Violence and sexual offences,Unable to prosecute suspect,
12e846aa75fd8fc0b36d3a367e0a5fd19de4e6a5fb8fc9e4bfd1f91d161aa78d,2021-06,Derbyshire Constabulary,Derbyshire Constabulary,-1.305646,52.982944,On or near Muskham Avenue,E01019644,Erewash 001A,Violence and sexual offences,Unable to prosecute suspect,
048a45c9b9b61aab75bb0616c49b8f07cae78e85e1f92405b267b03b39e33049,2021-06,Derbyshire Constabulary,Derbyshire Constabulary,-1.305646,52.982944,On or near Muskham Avenue,E01019644,Erewash 001A,Violence and sexual offences,Unable to prosecute suspect,
36b9eae2eb8c01e66532dc8b346a5405e1e8fc4e5748c227e92cd27f1c0e7241,2021-06,Derbyshire Constabulary,Derbyshire Constabulary,-1.315084,52.987043,On or near Litton Close,E01019644,Erewash 001A,Violence and sexual offences,Status update unavailable,
9192a1fb085eb11e907095e0e658f00bd1a5c2f72aed73dee96d5a5f3bd74760,2021-06,Derbyshire Constabulary,Derbyshire Constabulary,-1.315084,52.987043,On or near Litton Close,E01019644,Erewash 001A,Violence and sexual offences,Status update unavailable,
048984159fa6013c70601a9b33c814207e5ff474bf92b72b93aa46b3a6c6fcf3,2021-06,Derbyshire Constabulary,Derbyshire Constabulary,-1.309273,52.984331,On or near Millennium Close,E01019644,Erewash 001A,Violence and sexual offences,Action to be taken by another organisation,
5d83aafd493710a184c81fa3934875ac0348b4b3bd54376f1e785e8ad197eda4,2021-06,Derbyshire Constabulary,Derbyshire Constabulary,-1.311209,52.987156,On or near May Street,E01019644,Erewash 001A,Violence and sexual offences,Status update unavailable,
b2cae8f73d2d753eca32f5cd97bd2b949a6b3cda6b70088bb55370c91b4ee713,2021-06,Derbyshire Constabulary,Derbyshire Constabulary,-1.311209,52.987156,On or near May Street,E01019644,Erewash 001A,Violence and sexual offences,Unable to prosecute suspect,
79fb858564b4589f838cf1baadbc4ba96d6b35870764944869bf082e07bdde1d,2021-06,Derbyshire Constabulary,Derbyshire Constabulary,-1.305646,52.982944,On or near Muskham Avenue,E01019644,Erewash 001A,Violence and sexual offences,Unable to prosecute suspect,
123b00ae9634d52d5f6f43f80f8a00e87bd6cbb9b893328d7b1c95ae5e828622,2021-06,Derbyshire Constabulary,Derbyshire Constabulary,-1.305539,52.984058,On or near Duke Street,E01019644,Erewash 001A,Violence and sexual offences,Investigation complete; no suspect identified,
9a05e0814a7cdbc259b7f72b83012833b18801cf1328ce4d06dab34baba8fef7,2021-06,Derbyshire Constabulary,Derbyshire Constabulary,-1.315084,52.987043,On or near Litton Close,E01019644,Erewash 001A,Violence and sexual offences,Status update unavailable,
517a9ab6cdc8db0f7bf39e319e49da41e8b7982766876023ba6f279bcd596c2b,2021-06,Derbyshire Constabulary,Derbyshire Constabulary,-1.315084,52.987043,On or near Litton Close,E01019644,Erewash 001A,Violence and sexual offences,Unable to prosecute suspect,
edead3b2f6008dd975019217ec5d32314231aefcfe9f18b0a1890796371a0841,2021-06,Derbyshire Constabulary,Derbyshire Constabulary,-1.315084,52.987043,On or near Litton Close,E01019644,Erewash 001A,Violence and sexual offences,Status update unavailable,
feaf14c6c124fd28dc1ef192064642d4d5b3c0eb9cb66b0e24d2181363ccb210,2021-06,Derbyshire Constabulary,Derbyshire Constabulary,-1.302458,52.983006,On or near Awsworth Road,E01019644,Erewash 001A,Violence and sexual offences,Unable to prosecute suspect,
0eab943afad2748b72d33c06a20c5d5eec6a891c8939ff62806acc92548c2a2d,2021-06,Derbyshire Constabulary,Derbyshire Constabulary,-1.305646,52.982944,On or near Muskham Avenue,E01019644,Erewash 001A,Violence and sexual offences,Investigation complete; no suspect identified,
2c589c5c240e218382bc881f8f813fef8fb681f860f29ee097a6b581fbbec5cb,2021-06,Derbyshire Constabulary,Derbyshire Constabulary,-1.315084,52.987043,On or near Litton Close,E01019644,Erewash 001A,Violence and sexual offences,Investigation complete; no suspect identified,
,2021-06,Derbyshire Constabulary,Derbyshire Constabulary,-1.307427,52.990793,On or near Bridge Street,E01019646,Erewash 001B,Anti-social behaviour,,
,2021-06,Derbyshire Constabulary,Derbyshire Constabulary,-1.305504,52.990862,On or near Bridge Street,E01019646,Erewash 001B,Anti-social behaviour,,
,2021-06,Derbyshire Constabulary,Derbyshire Constabulary,-1.306249,52.988107,On or near Vernon Street,E01019646,Erewash 001B,Anti-social behaviour,,
,2021-06,Derbyshire Constabulary,Derbyshire Constabulary,-1.306249,52.988107,On or near Vernon Street,E01019646,Erewash 001B,Anti-social behaviour,,
,2021-06,Derbyshire Constabulary,Derbyshire Constabulary,-1.300282,52.987703,On or near Sports/Recreation Area,E01019646,Erewash 001B,Anti-social behaviour,,
,2021-06,Derbyshire Constabulary,Derbyshire Constabulary,-1.307427,52.990793,On or near Bridge Street,E01019646,Erewash 001B,Anti-social behaviour,,
,2021-06,Derbyshire Constabulary,Derbyshire Constabulary,-1.304801,52.986444,On or near Nelson Street,E01019646,Erewash 001B,Anti-social behaviour,,
,2021-06,Derbyshire Constabulary,Derbyshire Constabulary,-1.307427,52.990793,On or near Bridge Street,E01019646,Erewash 001B,Anti-social behaviour,,
,2021-06,Derbyshire Constabulary,Derbyshire Constabulary,-1.305765,52.989479,On or near Richmond Avenue,E01019646,Erewash 001B,Anti-social behaviour,,
,2021-06,Derbyshire Constabulary,Derbyshire Constabulary,-1.300282,52.987703,On or near Sports/Recreation Area,E01019646,Erewash 001B,Anti-social behaviour,,
,2021-06,Derbyshire Constabulary,Derbyshire Constabulary,-1.305765,52.989479,On or near Richmond Avenue,E01019646,Erewash 001B,Anti-social behaviour,,
,2021-06,Derbyshire Constabulary,Derbyshire Constabulary,-1.305504,52.990862,On or near Bridge Street,E01019646,Erewash 001B,Anti-social behaviour,,
5d440f1da3e86a63e23c3051200296e50c8c7080d1ec3ffd736bddba0cd12520,2021-06,Derbyshire Constabulary,Derbyshire Constabulary,-1.307427,52.990793,On or near Bridge Street,E01019646,Erewash 001B,Criminal damage and arson,Investigation complete; no suspect identified,
0010329b91d1e09621f4ff81a35b76f1edfd5227633b8af08025dbdaf07b4b35,2021-06,Derbyshire Constabulary,Derbyshire Constabulary,-1.305504,52.990862,On or near Bridge Street,E01019646,Erewash 001B,Criminal damage and arson,Unable to prosecute suspect,
52d7ca19e62311b8dc8e4a30541a7086ae6a3a443b656ae3e4b2b6fe6e51e257,2021-06,Derbyshire Constabulary,Derbyshire Constabulary,-1.304758,52.987244,On or near Fisher Court,E01019646,Erewash 001B,Drugs,Investigation complete; no suspect identified,
895979f89063046cddcd59537d671b5f182d86aaebdda2d85256b0b5b15afe72,2021-06,Derbyshire Constabulary,Derbyshire Constabulary,-1.307427,52.990793,On or near Bridge Street,E01019646,Erewash 001B,Public order,Unable to prosecute suspect,
a46056d60f1663d21c6ecb2c4c914c2968302173caf736c1f2ba7d9198558b9a,2021-06,Derbyshire Constabulary,Derbyshire Constabulary,-1.306249,52.988107,On or near Vernon Street,E01019646,Erewash 001B,Public order,Status update unavailable,
0870cde7702b30414f8b230b7cc345956821923a15c2c8144ab4da99199bebd0,2021-06,Derbyshire Constabulary,Derbyshire Constabulary,-1.306249,52.988107,On or near Vernon Street,E01019646,Erewash 001B,Public order,Investigation complete; no suspect identified,
a46056d60f1663d21c6ecb2c4c914c2968302173caf736c1f2ba7d9198558b9a,2021-06,Derbyshire Constabulary,Derbyshire Constabulary,-1.307427,52.990793,On or near Bridge Street,E01019646,Erewash 001B,Public order,Unable to prosecute suspect,
659dc3ca35c90b17a62495dbd00e1fea51ca3c19e01dc53b537df4ea293ff7b8,2021-06,Derbyshire Constabulary,Derbyshire Constabulary,-1.306104,52.988780,On or near Bennerley Avenue,E01019646,Erewash 001B,Public order,Unable to prosecute suspect,
497cfa6cf5221ef8c9c5a8a7d3783ff554b7c9225a27a7f09879027f408f2555,2021-06,Derbyshire Constabulary,Derbyshire Constabulary,-1.304758,52.987244,On or near Fisher Court,E01019646,Erewash 001B,Vehicle crime,Investigation complete; no suspect identified,
5900d8ff3b99a519b36fdf442cb6de9f87446385c24f69634df35b0ad7f33d48,2021-06,Derbyshire Constabulary,Derbyshire Constabulary,-1.307427,52.990793,On or near Bridge Street,E01019646,Erewash 001B,Violence and sexual offences,Unable to prosecute suspect,
21922b0fea57d648d87975d9fe9ea22e3104ebe60047177760563adf0e99f202,2021-06,Derbyshire Constabulary,Derbyshire Constabulary,-1.307427,52.990793,On or near Bridge Street,E01019646,Erewash 001B,Violence and sexual offences,Status update unavailable,
7b2656b34c859f96ae7a48bfb0513f2987bae545e8e34077bdb59fd4afbfffbb,2021-06,Derbyshire Constabulary,Derbyshire Constabulary,-1.307427,52.990793,On or near Bridge Street,E01019646,Erewash 001B,Violence and sexual offences,Status update unavailable,
3223bbe7d92ca6c8e3f8d72c539c0618c294b9e740c9fe368b703d89929efbd5,2021-06,Derbyshire Constabulary,Derbyshire Constabulary,-1.307427,52.990793,On or near Bridge Street,E01019646,Erewash 001B,Violence and sexual offences,Status update unavailable,
c70d86f43ddf56f7edde79c06df9cc1fc4ba406d5a1ebe10f182ccf8bd5bd9e5,2021-06,Derbyshire Constabulary,Derbyshire Constabulary,-1.307427,52.990793,On or near Bridge Street,E01019646,Erewash 001B,Violence and sexual offences,Unable to prosecute suspect,
4079843b758a38fe8fc9d0fae8b878e9b5fac494af2f4181a726d50b0faebbee,2021-06,Derbyshire Constabulary,Derbyshire Constabulary,-1.307427,52.990793,On or near Bridge Street,E01019646,Erewash 001B,Violence and sexual offences,Unable to prosecute suspect,
0256ca295a7576793c35304341d8df4a3ccbfefa88f1457c52e4a802540671b7,2021-06,Derbyshire Constabulary,Derbyshire Constabulary,-1.307427,52.990793,On or near Bridge Street,E01019646,Erewash 001B,Violence and sexual offences,Investigation complete; no suspect identified,
49a3849900ac044b14f7f3ebb28023939aed5d0857ca5394c2ec3dbf2fbd457e,2021-06,Derbyshire Constabulary,Derbyshire Constabulary,-1.307427,52.990793,On or near Bridge Street,E01019646,Erewash 001B,Violence and sexual offences,Unable to prosecute suspect,
513c3f23638163a545d55685161f348cc731f967db49b1c117a50df96fd7ea53,2021-06,Derbyshire Constabulary,Derbyshire Constabulary,-1.303813,52.986735,On or near Raleigh Close,E01019646,Erewash 001B,Violence and sexual offences,Local resolution,
e3255b97f9aff1ed78206486e1a7f652f81e0fd2b2698377344d994c0cce3b4b,2021-06,Derbyshire Constabulary,Derbyshire Constabulary,-1.304758,52.987244,On or near Fisher Court,E01019646,Erewash 001B,Violence and sexual offences,Unable to prosecute suspect,
3d736fc14725479cd5072f12e2a0fa37d7457c3b4c1dfac758ccf49375a1e115,2021-06,Derbyshire Constabulary,Derbyshire Constabulary,-1.307427,52.990793,On or near Bridge Street,E01019646,Erewash 001B,Violence and sexual offences,Status update unavailable,
30863aea591ad4b675dec07fc49438fcd28b943a805acf477a5a1d3f34862ee7,2021-06,Derbyshire Constabulary,Derbyshire Constabulary,-1.303813,52.986735,On or near Raleigh Close,E01019646,Erewash 001B,Violence and sexual offences,Local resolution,
ec175886ffffc63995eeea006737775c2e4a63f7c894d4cb3f77c7ac19a7dd9a,2021-06,Derbyshire Constabulary,Derbyshire Constabulary,-1.307427,52.990793,On or near Bridge Street,E01019646,Erewash 001B,Violence and sexual offences,Investigation complete; no suspect identified,
60f73185cd2a5c990eac8a949b00a5bb78e67ab9e4b2470621107c9f5c526b89,2021-06,Derbyshire Constabulary,Derbyshire Constabulary,-1.307427,52.990793,On or near Bridge Street,E01019646,Erewash 001B,Violence and sexual offences,Status update unavailable,
6b2b536d067bc0dff76cf2733cfccc08c68e4e3b190787f6ae487eed7605c274,2021-06,Derbyshire Constabulary,Derbyshire Constabulary,-1.307427,52.990793,On or near Bridge Street,E01019646,Erewash 001B,Violence and sexual offences,Unable to prosecute suspect,
85d35b63baa3caf2e48b3966b1b2d46f4aeddfdbe1c0124b3dd842e11f5485d0,2021-06,Derbyshire Constabulary,Derbyshire Constabulary,-1.307427,52.990793,On or near Bridge Street,E01019646,Erewash 001B,Violence and sexual offences,Unable to prosecute suspect,
4b279ad5389e0656ad6873c752f9e69f64487eb12b75f98e031e6d3e9be32001,2021-06,Derbyshire Constabulary,Derbyshire Constabulary,-1.307427,52.990793,On or near Bridge Street,E01019646,Erewash 001B,Violence and sexual offences,Unable to prosecute suspect,
53d77711979d671151aa375f62c48fcda297a6ccb8bfb69ff3ad8857dc675865,2021-06,Derbyshire Constabulary,Derbyshire Constabulary,-1.305765,52.989479,On or near Richmond Avenue,E01019646,Erewash 001B,Other crime,Further investigation is not in the public interest,
,2021-06,Derbyshire Constabulary,Derbyshire Constabulary,-1.304914,52.991461,On or near Brands Close,E01019663,Erewash 001C,Anti-social behaviour,,
,2021-06,Derbyshire Constabulary,Derbyshire Constabulary,-1.310402,52.993884,On or near Darley Square,E01019663,Erewash 001C,Anti-social behaviour,,
,2021-06,Derbyshire Constabulary,Derbyshire Constabulary,-1.304914,52.991461,On or near Brands Close,E01019663,Erewash 001C,Anti-social behaviour,,
,2021-06,Derbyshire Constabulary,Derbyshire Constabulary,-1.307195,52.996913,On or near Calley Avenue,E01019663,Erewash 001C,Anti-social behaviour,,
,2021-06,Derbyshire Constabulary,Derbyshire Constabulary,-1.308604,52.996409,On or near Gosforth Avenue,E01019663,Erewash 001C,Anti-social behaviour,,
,2021-06,Derbyshire Constabulary,Derbyshire Constabulary,-1.308604,52.996409,On or near Gosforth Avenue,E01019663,Erewash 001C,Anti-social behaviour,,
,2021-06,Derbyshire Constabulary,Derbyshire Constabulary,-1.309353,52.996152,On or near Whitwell Close,E01019663,Erewash 001C,Anti-social behaviour,,
,2021-06,Derbyshire Constabulary,Derbyshire Constabulary,-1.306740,52.992775,On or near Whitely Avenue,E01019663,Erewash 001C,Anti-social behaviour,,
,2021-06,Derbyshire Constabulary,Derbyshire Constabulary,-1.304914,52.991461,On or near Brands Close,E01019663,Erewash 001C,Anti-social behaviour,,
7ec67c41a9d23cbdfa7cfbbe4bad08b83408fae90e182f99e8cd45abd84f08f8,2021-06,Derbyshire Constabulary,Derbyshire Constabulary,-1.309014,52.995000,On or near Longcroft Avenue,E01019663,Erewash 001C,Burglary,Investigation complete; no suspect identified,
fc1eceac631e40fd06753859bf67a95273f40b7c9a971eb9848406802027dc17,2021-06,Derbyshire Constabulary,Derbyshire Constabulary,-1.309014,52.995000,On or near Longcroft Avenue,E01019663,Erewash 001C,Criminal damage and arson,Investigation complete; no suspect identified,
30a5415daf0dee995f44f37ac758bc047ff79ed31f5b20b16a3b2345af6d4c2d,2021-06,Derbyshire Constabulary,Derbyshire Constabulary,-1.304914,52.991461,On or near Brands Close,E01019663,Erewash 001C,Criminal damage and arson,Unable to prosecute suspect,
6c3f3e6136417d7edfe80681b0dca0eb2bc230cf1f7ee93c0ff81e01ba62b3fb,2021-06,Derbyshire Constabulary,Derbyshire Constabulary,-1.310402,52.993884,On or near Darley Square,E01019663,Erewash 001C,Public order,Unable to prosecute suspect,
ec08b5951bf9ec58661928bf2f9c3a37766be7b5c1c707f6e51edbb7bcbbf146,2021-06,Derbyshire Constabulary,Derbyshire Constabulary,-1.312209,52.994560,On or near Hartington Place,E01019663,Erewash 001C,Public order,Unable to prosecute suspect,
cbc4040598137430025f58d5eadfbfc1d08f5d7f2dd57b066c685ddb21d305f0,2021-06,Derbyshire Constabulary,Derbyshire Constabulary,-1.310402,52.993884,On or near Darley Square,E01019663,Erewash 001C,Public order,Unable to prosecute suspect,
833ad0739e29a70723917e09a24e4139daafdd1c62a9cb80df0453c750627d04,2021-06,Derbyshire Constabulary,Derbyshire Constabulary,-1.313813,52.994884,On or near Beauvale Drive,E01019663,Erewash 001C,Public order,Investigation complete; no suspect identified,
d577f546ecd4e024f8d3970d55548be6b9560ee8f3c8f56a015e44ebeaa9ac6e,2021-06,Derbyshire Constabulary,Derbyshire Constabulary,-1.304914,52.991461,On or near Brands Close,E01019663,Erewash 001C,Public order,Formal action is not in the public interest,
cb0569d609ece915578ca52a5bfbab68c457826b02e5730043e23f19dae4c2b7,2021-06,Derbyshire Constabulary,Derbyshire Constabulary,-1.307997,52.992414,On or near Boythorpe Close,E01019663,Erewash 001C,Public order,Unable to prosecute suspect,
1ecd25196221364e655bcc5efe1a36b496058e17f61819e0f9e9267a23b510a8,2021-06,Derbyshire Constabulary,Derbyshire Constabulary,-1.313813,52.994884,On or near Beauvale Drive,E01019663,Erewash 001C,Violence and sexual offences,Unable to prosecute suspect,
83c50e7b8ed393b8ecb4a03799967db40d01ba6dbc9938f78b5ca4191bcd9e8f,2021-06,Derbyshire Constabulary,Derbyshire Constabulary,-1.311359,52.995526,On or near Edale Square,E01019663,Erewash 001C,Violence and sexual offences,Local resolution,
1b57697a69561737b55a3ce53ebd9ac4fd5ca3fa837bbc7bfbdd76e6fc2205c8,2021-06,Derbyshire Constabulary,Derbyshire Constabulary,-1.313813,52.994884,On or near Beauvale Drive,E01019663,Erewash 001C,Violence and sexual offences,Investigation complete; no suspect identified,
d821d0ed0ef0f9b09a64bbfcc515b185c911515975137410d0489dacb8733e58,2021-06,Derbyshire Constabulary,Derbyshire Constabulary,-1.312209,52.994560,On or near Hartington Place,E01019663,Erewash 001C,Violence and sexual offences,Unable to prosecute suspect,
8d0bdbbac006f49a49c4c89a3b95e13c56833abf2e850a61d2065223d58a9a7c,2021-06,Derbyshire Constabulary,Derbyshire Constabulary,-1.312209,52.994560,On or near Hartington Place,E01019663,Erewash 001C,Violence and sexual offences,Unable to prosecute suspect,
0389723dad4bebb3435efeede97064db2a30797f5341caef3b474818950db1c7,2021-06,Derbyshire Constabulary,Derbyshire Constabulary,-1.308604,52.996409,On or near Gosforth Avenue,E01019663,Erewash 001C,Violence and sexual offences,Unable to prosecute suspect,
9adb394d71bccdb1835ca98e91b32e42ee129f8b66229de768b4ec79fe7101fa,2021-06,Derbyshire Constabulary,Derbyshire Constabulary,-1.308604,52.996409,On or near Gosforth Avenue,E01019663,Erewash 001C,Violence and sexual offences,Unable to prosecute suspect,
c643102bb645ed0f09bb4b3286131c83ac5d235fd02b3921980c6a5bc65f6ac2,2021-06,Derbyshire Constabulary,Derbyshire Constabulary,-1.308604,52.996409,On or near Gosforth Avenue,E01019663,Erewash 001C,Violence and sexual offences,Unable to prosecute suspect,
e37e4762fdb6deab1a1def743ca7f65271f56d2305bae0a98c42516149164cd8,2021-06,Derbyshire Constabulary,Derbyshire Constabulary,-1.307997,52.992414,On or near Boythorpe Close,E01019663,Erewash 001C,Violence and sexual offences,Unable to prosecute suspect,
43e334788cd99290ccbd5f3d25383ddaf002715610c996f3b97865d51e5a781a,2021-06,Derbyshire Constabulary,Derbyshire Constabulary,-1.308604,52.996409,On or near Gosforth Avenue,E01019663,Erewash 001C,Violence and sexual offences,Unable to prosecute suspect,
9fe9c6886b97efc98b7f4e845d199e09399b09f027f34171dc0bd4cad9eee853,2021-06,Derbyshire Constabulary,Derbyshire Constabulary,-1.307195,52.996913,On or near Calley Avenue,E01019663,Erewash 001C,Violence and sexual offences,Unable to prosecute suspect,
cc8d593e1bf4c27c36a1ea3e9fbddb6fe9706bdc0dbf5c588c803a154601c797,2021-06,Derbyshire Constabulary,Derbyshire Constabulary,-1.304914,52.991461,On or near Brands Close,E01019663,Erewash 001C,Violence and sexual offences,Local resolution,
b131a50956d31bd214122b224a764607166a9c0002260f5e54eba2768201c33a,2021-06,Derbyshire Constabulary,Derbyshire Constabulary,-1.309353,52.996152,On or near Whitwell Close,E01019663,Erewash 001C,Violence and sexual offences,Unable to prosecute suspect,
3e48242f1b5d78744d4ad009356cdcee7c08c4dce1c82c694e39893ec60cf569,2021-06,Derbyshire Constabulary,Derbyshire Constabulary,-1.306666,52.996451,On or near Shirebrook Close,E01019663,Erewash 001C,Violence and sexual offences,Status update unavailable,
590e9e9d5fc1f95f224c6d534a56c28fe0bc718c4e46f530704b1bbac0eab157,2021-06,Derbyshire Constabulary,Derbyshire Constabulary,-1.311359,52.995526,On or near Edale Square,E01019663,Erewash 001C,Violence and sexual offences,Unable to prosecute suspect,
,2021-06,Derbyshire Constabulary,Derbyshire Constabulary,-1.314364,52.993035,On or near Castleton Avenue,E01019664,Erewash 001D,Anti-social behaviour,,
6f1dce731394a30e458f4a6d30fb6a57826597601c89ce6f74b07d323ead0ef2,2021-06,Derbyshire Constabulary,Derbyshire Constabulary,-1.312451,52.993384,On or near Donner Crescent,E01019664,Erewash 001D,Criminal damage and arson,Investigation complete; no suspect identified,
2881116136e6c0ec5090168622cd68b3c457e3d003cfcaa4b9ff8c0440e51e48,2021-06,Derbyshire Constabulary,Derbyshire Constabulary,-1.314364,52.993035,On or near Castleton Avenue,E01019664,Erewash 001D,Violence and sexual offences,Unable to prosecute suspect,
3d2abed4db4ca9371cddfb40302da489afb63463dfd8f95a593d65b989469d32,2021-06,Derbyshire Constabulary,Derbyshire Constabulary,-1.314830,52.992759,On or near Beresford Drive,E01019664,Erewash 001D,Violence and sexual offences,Unable to prosecute suspect,
a0283178675a1d9bbe49ea3ba04a26f9dc2295e863c8555575453815a017e948,2021-06,Derbyshire Constabulary,Derbyshire Constabulary,-1.314830,52.992759,On or near Beresford Drive,E01019664,Erewash 001D,Violence and sexual offences,Unable to prosecute suspect,
0e7d6222635a872cbf179f58a67a21cdb0ac074ce42079ab69bb25c3a6b7fe58,2021-06,Derbyshire Constabulary,Derbyshire Constabulary,-1.311638,52.992974,On or near Dovedale Circle,E01019664,Erewash 001D,Violence and sexual offences,Status update unavailable,
cef21bacc89f9be37f68dfbe23ce19b97cc27d1ecc71cff03acf3937a03a3018,2021-06,Derbyshire Constabulary,Derbyshire Constabulary,-1.312451,52.993384,On or near Donner Crescent,E01019664,Erewash 001D,Other crime,Status update unavailable,
,2021-06,Derbyshire Constabulary,Derbyshire Constabulary,-1.312651,52.992054,On or near Devonshire Close,E01019665,Erewash 001E,Anti-social behaviour,,
,2021-06,Derbyshire Constabulary,Derbyshire Constabulary,-1.309722,52.988918,On or near Milton Avenue,E01019665,Erewash 001E,Anti-social behaviour,,
315cb37527953b245e21afe2c8064ad45955a63c4981defb6281459a7da6e4d4,2021-06,Derbyshire Constabulary,Derbyshire Constabulary,-1.317832,52.987545,On or near Jeffries Close,E01019665,Erewash 001E,Other theft,Unable to prosecute suspect,
29acee4c5f53d737b65e5d8224cb85d12552001f7f015248b865aea3a0dd0eb3,2021-06,Derbyshire Constabulary,Derbyshire Constabulary,-1.317616,52.988038,On or near Petrol Station,E01019665,Erewash 001E,Public order,Unable to prosecute suspect,
a10bad2be9d8996e6d63e9d78f2538435bc9d22140f69314f09ffa4e8dd4584c,2021-06,Derbyshire Constabulary,Derbyshire Constabulary,-1.317832,52.987545,On or near Jeffries Close,E01019665,Erewash 001E,Public order,Investigation complete; no suspect identified,
5c74678626599ece8f8f5e5b3fae14149179cc549a812e7879d28d91c73762ed,2021-06,Derbyshire Constabulary,Derbyshire Constabulary,-1.307929,52.987380,On or near Horridge Street,E01019665,Erewash 001E,Violence and sexual offences,Unable to prosecute suspect,
3c1c985dbdcdc34f7ffa935e1b35116c2d3a16f99a6f4826f7a390073c471c8a,2021-06,Derbyshire Constabulary,Derbyshire Constabulary,-1.307929,52.987380,On or near Horridge Street,E01019665,Erewash 001E,Violence and sexual offences,Awaiting court outcome,
52570558fe633b1e9758562695bbd75f6ffd0968aac19bd51abaff47ab1f8153,2021-06,Derbyshire Constabulary,Derbyshire Constabulary,-1.307929,52.987380,On or near Horridge Street,E01019665,Erewash 001E,Violence and sexual offences,Unable to prosecute suspect,
,2021-06,Derbyshire Constabulary,Derbyshire Constabulary,-1.305868,52.962602,On or near Amberley Close,E01019657,Erewash 003A,Anti-social behaviour,,
,2021-06,Derbyshire Constabulary,Derbyshire Constabulary,-1.298333,52.960877,On or near Cook Drive,E01019657,Erewash 003A,Anti-social behaviour,,
,2021-06,Derbyshire Constabulary,Derbyshire Constabulary,-1.301254,52.963429,On or near Sports/Recreation Area,E01019657,Erewash 003A,Anti-social behaviour,,
,2021-06,Derbyshire Constabulary,Derbyshire Constabulary,-1.300060,52.963646,On or near Nottingham Road,E01019657,Erewash 003A,Anti-social behaviour,,
,2021-06,Derbyshire Constabulary,Derbyshire Constabulary,-1.301622,52.960896,On or near Little Hallam Lane,E01019657,Erewash 003A,Anti-social behaviour,,
,2021-06,Derbyshire Constabulary,Derbyshire Constabulary,-1.301622,52.960896,On or near Little Hallam Lane,E01019657,Erewash 003A,Anti-social behaviour,,
fe5a5065bac87731b8f87d34a067c43455c4fbcc01c0cbab402c5c42a063d37a,2021-06,Derbyshire Constabulary,Derbyshire Constabulary,-1.300621,52.962077,On or near Broomhill Avenue,E01019657,Erewash 003A,Criminal damage and arson,Unable to prosecute suspect,
b8361c4ecb0872c2b0ee7b0c3af80c3c167025e02cecf676efc85c27ffba5f65,2021-06,Derbyshire Constabulary,Derbyshire Constabulary,-1.303795,52.965610,On or near Pedley Street,E01019657,Erewash 003A,Criminal damage and arson,Unable to prosecute suspect,
8c46e691b8b248d8335dd2f4e392db6ec97b991c083d3d575a7fd76162ee57d9,2021-06,Derbyshire Constabulary,Derbyshire Constabulary,-1.301549,52.961785,On or near Inglefield Road,E01019657,Erewash 003A,Criminal damage and arson,Unable to prosecute suspect,
cadf678f409e4b444830d4f49b9a6704d1c8e963c27a28957354d649ab263432,2021-06,Derbyshire Constabulary,Derbyshire Constabulary,-1.297073,52.961426,On or near Stanhope Street,E01019657,Erewash 003A,Criminal damage and arson,Investigation complete; no suspect identified,
f11a71374db2b92b05c3f3c3cec84fc22b895253c2af477b4c837e50d081d6ac,2021-06,Derbyshire Constabulary,Derbyshire Constabulary,-1.297073,52.961426,On or near Stanhope Street,E01019657,Erewash 003A,Criminal damage and arson,Investigation complete; no suspect identified,
b1923108271d04946e88d0c2c042cf38e1455d6f379ee3b6850c39dbcbfeb2a3,2021-06,Derbyshire Constabulary,Derbyshire Constabulary,-1.300621,52.962077,On or near Broomhill Avenue,E01019657,Erewash 003A,Criminal damage and arson,Status update unavailable,
4040a574c2f6a1235aec0457a36d2cc6d9af77e933169dbbbd42576ff898718c,2021-06,Derbyshire Constabulary,Derbyshire Constabulary,-1.297073,52.961426,On or near Stanhope Street,E01019657,Erewash 003A,Criminal damage and arson,Investigation complete; no suspect identified,
e42874275fe7e56032a8c2f7fa1331b88155a7ef16244ccafe3b1aefc8858caa,2021-06,Derbyshire Constabulary,Derbyshire Constabulary,-1.303795,52.965610,On or near Pedley Street,E01019657,Erewash 003A,Other theft,Investigation complete; no suspect identified,
2e5b33ec8edc81539c1dbda1539db909cebee5dfb8c72b1685d0ee920809a526,2021-06,Derbyshire Constabulary,Derbyshire Constabulary,-1.303795,52.965610,On or near Pedley Street,E01019657,Erewash 003A,Other theft,Investigation complete; no suspect identified,
43ee931f4cd637da8862027cc237a254b9ff48f4fc87ade55ff973b0dc365fe0,2021-06,Derbyshire Constabulary,Derbyshire Constabulary,-1.304524,52.964688,On or near Further/Higher Educational Building,E01019657,Erewash 003A,Other theft,Unable to prosecute suspect,
88ed8fd146adc28d6282cd5312b3d22af520c8d41d411d93139ae5d5deb60acd,2021-06,Derbyshire Constabulary,Derbyshire Constabulary,-1.304524,52.964688,On or near Further/Higher Educational Building,E01019657,Erewash 003A,Other theft,Unable to prosecute suspect,
5a3026991dd4b6791dc51c3a9eaf8e387003767d49ec5c31de2e8aef3d80a8f9,2021-06,Derbyshire Constabulary,Derbyshire Constabulary,-1.303795,52.965610,On or near Pedley Street,E01019657,Erewash 003A,Other theft,Unable to prosecute suspect,
69ec8efd92923fd6b0a559a4f1c0db9956e7d07322f66cf7f9ae0fdc22578133,2021-06,Derbyshire Constabulary,Derbyshire Constabulary,-1.305868,52.962602,On or near Amberley Close,E01019657,Erewash 003A,Other theft,Investigation complete; no suspect identified,
7e109b6bfc7129e4e40e861e068bd488b2004bf27610b57fc6581f8fb6158631,2021-06,Derbyshire Constabulary,Derbyshire Constabulary,-1.295144,52.961046,On or near Nottingham Road,E01019657,Erewash 003A,Other theft,Investigation complete; no suspect identified,
09b67cec15211ab51cc1dd20d35d6b102a812d12b0e91e316b215480dbdab600,2021-06,Derbyshire Constabulary,Derbyshire Constabulary,-1.295144,52.961046,On or near Nottingham Road,E01019657,Erewash 003A,Other theft,Investigation complete; no suspect identified,
f6d5e421bc4f70f12d7d46fe894da197dec7a8deeb0b31229bd0de011168a4a1,2021-06,Derbyshire Constabulary,Derbyshire Constabulary,-1.306326,52.960932,On or near Catherine Avenue,E01019657,Erewash 003A,Other theft,Investigation complete; no suspect identified,
6220bc721beab942cd2f5f1d03fdbe59dc421742d1821ee74d8eac2fc2e5f91b,2021-06,Derbyshire Constabulary,Derbyshire Constabulary,-1.295144,52.961046,On or near Nottingham Road,E01019657,Erewash 003A,Public order,Status update unavailable,
5525aa4868be1278c8271d6531122bbaa023eedebaaa59bb1d60be12673adbbe,2021-06,Derbyshire Constabulary,Derbyshire Constabulary,-1.295144,52.961046,On or near Nottingham Road,E01019657,Erewash 003A,Public order,Investigation complete; no suspect identified,
30bbfc7f53f81714e052af5c21f613773f7a751125584aa378008d5269ff1d50,2021-06,Derbyshire Constabulary,Derbyshire Constabulary,-1.295144,52.961046,On or near Nottingham Road,E01019657,Erewash 003A,Public order,Investigation complete; no suspect identified,
862b4ec4afa40c03a0522d0034b8a8225d7a414fbfc6bbe62b1accd87b0a1694,2021-06,Derbyshire Constabulary,Derbyshire Constabulary,-1.304524,52.964688,On or near Further/Higher Educational Building,E01019657,Erewash 003A,Public order,Unable to prosecute suspect,
813bd32ec80794ca517998a643294468e4596749f294d6eaac11232a675dfe4a,2021-06,Derbyshire Constabulary,Derbyshire Constabulary,-1.304524,52.964688,On or near Further/Higher Educational Building,E01019657,Erewash 003A,Shoplifting,Unable to prosecute suspect,
72d547ce059a57137f365c4a67c69f5087fa431033f86fb8354750ccf57753e0,2021-06,Derbyshire Constabulary,Derbyshire Constabulary,-1.304524,52.964688,On or near Further/Higher Educational Building,E01019657,Erewash 003A,Shoplifting,Investigation complete; no suspect identified,
f1826370cd1128020c443b7b005a6471143faf8d6d97f2a7edf3d0cce63dc315,2021-06,Derbyshire Constabulary,Derbyshire Constabulary,-1.304524,52.964688,On or near Further/Higher Educational Building,E01019657,Erewash 003A,Theft from the person,Investigation complete; no suspect identified,
95906df8ff1a2455698ac3a56558c9d441424b6aa3dc62402d18080ad2412060,2021-06,Derbyshire Constabulary,Derbyshire Constabulary,-1.298052,52.961639,On or near Newdigate Street,E01019657,Erewash 003A,Violence and sexual offences,Unable to prosecute suspect,
35c31fe35cd8e98d19fe93da652c0ddabe40f67ee27738c3dc1db27ad545a1bf,2021-06,Derbyshire Constabulary,Derbyshire Constabulary,-1.298333,52.960877,On or near Cook Drive,E01019657,Erewash 003A,Violence and sexual offences,Unable to prosecute suspect,
4102e0151f7e4ae9a49a06732f84b4c79fcd7618bc81f5f50b1ff6992785754e,2021-06,Derbyshire Constabulary,Derbyshire Constabulary,-1.300060,52.963646,On or near Nottingham Road,E01019657,Erewash 003A,Violence and sexual offences,Status update unavailable,
0435b72bcf9bcdae3764bc3dfc9fbfbabb461144ce42fe7b673e0fccc3015467,2021-06,Derbyshire Constabulary,Derbyshire Constabulary,-1.300060,52.963646,On or near Nottingham Road,E01019657,Erewash 003A,Violence and sexual offences,Status update unavailable,
689cff24a25d402164bb37828c39603c17c933ed40eef98a16dcced3ececfd61,2021-06,Derbyshire Constabulary,Derbyshire Constabulary,-1.304524,52.964688,On or near Further/Higher Educational Building,E01019657,Erewash 003A,Violence and sexual offences,Investigation complete; no suspect identified,
b9d85b40e37c32bb96a18472579d9cc99055d69b5188dd1e0ed4ccdd20ee1642,2021-06,Derbyshire Constabulary,Derbyshire Constabulary,-1.298052,52.961639,On or near Newdigate Street,E01019657,Erewash 003A,Violence and sexual offences,Status update unavailable,
f8164dc8ca47b82f36772285718901b3776f01d839e654e0300eb3fe5b8b8ca9,2021-06,Derbyshire Constabulary,Derbyshire Constabulary,-1.298052,52.961639,On or near Newdigate Street,E01019657,Erewash 003A,Violence and sexual offences,Status update unavailable,
c5268afce5cd04eb5f745c4f750f4b1013ba2b2646ddc49df832dbca95f3626c,2021-06,Derbyshire Constabulary,Derbyshire Constabulary,-1.297073,52.961426,On or near Stanhope Street,E01019657,Erewash 003A,Violence and sexual offences,Unable to prosecute suspect,
d5f9ce07a2aa6252af1839be1a3b166b13c668787f23a850f4198cdd38ea7f4a,2021-06,Derbyshire Constabulary,Derbyshire Constabulary,-1.300621,52.962077,On or near Broomhill Avenue,E01019657,Erewash 003A,Violence and sexual offences,Unable to prosecute suspect,
029b825bbc0cf55371c80703d13185e012bb4f2ee9204b9a6071eb7170bb4649,2021-06,Derbyshire Constabulary,Derbyshire Constabulary,-1.298333,52.960877,On or near Cook Drive,E01019657,Erewash 003A,Violence and sexual offences,Unable to prosecute suspect,
ce33b1e0749818f602c0ccaca08207ef1ea595a3bbd8a920562b2469e84f8dfd,2021-06,Derbyshire Constabulary,Derbyshire Constabulary,-1.303795,52.965610,On or near Pedley Street,E01019657,Erewash 003A,Violence and sexual offences,Unable to prosecute suspect,
1423fe7c777a72c43a291b40f1a63354d3d9f8bffef5f58fccead0b75b9c9cc7,2021-06,Derbyshire Constabulary,Derbyshire Constabulary,-1.297073,52.961426,On or near Stanhope Street,E01019657,Erewash 003A,Violence and sexual offences,Unable to prosecute suspect,
cef79e44427ebfc66f7aecd9aca70ba4d3dc0102474e834e7dc91c15c82bae68,2021-06,Derbyshire Constabulary,Derbyshire Constabulary,-1.303996,52.961395,On or near Lower Whitworth Road,E01019657,Erewash 003A,Violence and sexual offences,Status update unavailable,
5abbde1d4f0a1259dbbdfb1a986466cd010ffe937774410915fc4a29dd0edbfb,2021-06,Derbyshire Constabulary,Derbyshire Constabulary,-1.303903,52.962554,On or near Lower Whitworth Road,E01019657,Erewash 003A,Violence and sexual offences,Investigation complete; no suspect identified,
,2021-06,Derbyshire Constabulary,Derbyshire Constabulary,-1.294544,52.970509,On or near Monks Close,E01019660,Erewash 003B,Anti-social behaviour,,
,2021-06,Derbyshire Constabulary,Derbyshire Constabulary,-1.301932,52.969420,On or near Park Avenue,E01019660,Erewash 003B,Anti-social behaviour,,
,2021-06,Derbyshire Constabulary,Derbyshire Constabulary,-1.308063,52.968736,On or near Gladstone Street West,E01019660,Erewash 003B,Anti-social behaviour,,
,2021-06,Derbyshire Constabulary,Derbyshire Constabulary,-1.308716,52.969756,On or near Coronation Street,E01019660,Erewash 003B,Anti-social behaviour,,
,2021-06,Derbyshire Constabulary,Derbyshire Constabulary,-1.308063,52.968736,On or near Gladstone Street West,E01019660,Erewash 003B,Anti-social behaviour,,
d01b2dafd5e1b237fc07ad2449733809b3add1ee134c0d3a8cc7b6af51cbe08c,2021-06,Derbyshire Constabulary,Derbyshire Constabulary,-1.307946,52.969491,On or near Market Street,E01019660,Erewash 003B,Burglary,Investigation complete; no suspect identified,
d7705b6c96c58e01e3a9eabaec56118dbcec2a413dde6ad7576fc5b9f25a2d6a,2021-06,Derbyshire Constabulary,Derbyshire Constabulary,-1.308063,52.968736,On or near Gladstone Street West,E01019660,Erewash 003B,Criminal damage and arson,Unable to prosecute suspect,
2f56f18a118039fd4b22208ae4a87ce126ba9aee86e8a0b5f11c7645cf0aa192,2021-06,Derbyshire Constabulary,Derbyshire Constabulary,-1.307946,52.969491,On or near Market Street,E01019660,Erewash 003B,Drugs,Investigation complete; no suspect identified,
693ad5e7e1d034c1a44cdc32e6160f1e318c0605ecc4239932d6865119353a4d,2021-06,Derbyshire Constabulary,Derbyshire Constabulary,-1.307093,52.967895,On or near A609,E01019660,Erewash 003B,Other theft,Investigation complete; no suspect identified,
6e43bbfd2c0e9cdb0eb8797d0d6d71875545010fd4a5dca050dc77c8a558e23d,2021-06,Derbyshire Constabulary,Derbyshire Constabulary,-1.304748,52.969283,On or near Amilda Avenue,E01019660,Erewash 003B,Public order,Status update unavailable,
e9a9d5f04fb8b138e0b70282b32500876c57d2422349b7c9059b67613efd4b66,2021-06,Derbyshire Constabulary,Derbyshire Constabulary,-1.301216,52.970395,On or near Park Crescent,E01019660,Erewash 003B,Violence and sexual offences,Investigation complete; no suspect identified,
,2021-06,Derbyshire Constabulary,Derbyshire Constabulary,-1.307267,52.971941,On or near High Street,E01019661,Erewash 003C,Anti-social behaviour,,
,2021-06,Derbyshire Constabulary,Derbyshire Constabulary,-1.309573,52.977672,On or near Bath Street,E01019661,Erewash 003C,Anti-social behaviour,,
,2021-06,Derbyshire Constabulary,Derbyshire Constabulary,-1.296471,52.977460,On or near Station Street,E01019661,Erewash 003C,Anti-social behaviour,,
,2021-06,Derbyshire Constabulary,Derbyshire Constabulary,-1.296471,52.977460,On or near Station Street,E01019661,Erewash 003C,Anti-social behaviour,,
,2021-06,Derbyshire Constabulary,Derbyshire Constabulary,-1.308235,52.975650,On or near Northgate Street,E01019661,Erewash 003C,Anti-social behaviour,,
,2021-06,Derbyshire Constabulary,Derbyshire Constabulary,-1.305094,52.981142,On or near Boatmans Close,E01019661,Erewash 003C,Anti-social behaviour,,
852d3ab13253202570acfde1503b4271804e90103c5d192e9f6f3600424639a9,2021-06,Derbyshire Constabulary,Derbyshire Constabulary,-1.305094,52.981142,On or near Boatmans Close,E01019661,Erewash 003C,Bicycle theft,Unable to prosecute suspect,
d96a97cef148ee8a910d8e1a6e6551069ba1b94346036b9f698dcc4f272d89d7,2021-06,Derbyshire Constabulary,Derbyshire Constabulary,-1.307402,52.974692,On or near Parking Area,E01019661,Erewash 003C,Burglary,Unable to prosecute suspect,
08b945f49753a4d58bb02df58d382ceb91c04c6dda0bdcbaeb287c916db6784a,2021-06,Derbyshire Constabulary,Derbyshire Constabulary,-1.308494,52.975328,On or near Parking Area,E01019661,Erewash 003C,Criminal damage and arson,Investigation complete; no suspect identified,
6cb311e4b71df040425e12632f71a3b60fa5d56a23f25d2cdbb119b108151bd3,2021-06,Derbyshire Constabulary,Derbyshire Constabulary,-1.307810,52.976133,On or near Durham Street,E01019661,Erewash 003C,Criminal damage and arson,Investigation complete; no suspect identified,
f3e85d6e643b23e47412c49fb53b1386f5bbaafe4f1e0ede20fe94546cabc4c5,2021-06,Derbyshire Constabulary,Derbyshire Constabulary,-1.307896,52.972637,On or near Parking Area,E01019661,Erewash 003C,Drugs,Status update unavailable,
65b59683292244b904f316a17bb39c35d3c277ebed9a2a5cac3c74a238beac34,2021-06,Derbyshire Constabulary,Derbyshire Constabulary,-1.302272,52.980685,On or near Manning View,E01019661,Erewash 003C,Other theft,Unable to prosecute suspect,
8b6eb5109c9009eb5111fa4ccf4458108c6cf6117a126ff8fe424dba9cf1f9b0,2021-06,Derbyshire Constabulary,Derbyshire Constabulary,-1.309248,52.978461,On or near Granby Street,E01019661,Erewash 003C,Public order,Unable to prosecute suspect,
0ccc3da35773d4e1a57fd1a139b6938957f7b771f18c8ec0cad9eb927794ba90,2021-06,Derbyshire Constabulary,Derbyshire Constabulary,-1.308908,52.977380,On or near A6007,E01019661,Erewash 003C,Public order,Formal action is not in the public interest,
8cd98ac55de8dff26250c4193e03a3747a8a2d6a5bfb958266978e8556fd0b16,2021-06,Derbyshire Constabulary,Derbyshire Constabulary,-1.302158,52.983112,On or near Awsworth Road,E01019661,Erewash 003C,Public order,Unable to prosecute suspect,
dfe41bb8fa6fc83ec2f07dea51701d18ca54bcbb8969560ff1ee8e0d40b2441a,2021-06,Derbyshire Constabulary,Derbyshire Constabulary,-1.307267,52.971941,On or near High Street,E01019661,Erewash 003C,Public order,Unable to prosecute suspect,
1caf790ceaccc8bdc50b1c19a2be86cd372ee1e5b4be78edfed978967096922f,2021-06,Derbyshire Constabulary,Derbyshire Constabulary,-1.307402,52.974692,On or near Parking Area,E01019661,Erewash 003C,Public order,Investigation complete; no suspect identified,
7f9eb65c7df38366196387f1f1532f5c852c80fad4572691fd56732d78ad110a,2021-06,Derbyshire Constabulary,Derbyshire Constabulary,-1.307402,52.974692,On or near Parking Area,E01019661,Erewash 003C,Public order,Unable to prosecute suspect,
34df92df35154719e9f923a4652382a7a05c7b7e3845fbb4847eb722821a7b21,2021-06,Derbyshire Constabulary,Derbyshire Constabulary,-1.307402,52.974692,On or near Parking Area,E01019661,Erewash 003C,Vehicle crime,Investigation complete; no suspect identified,
c4c3ba2bb6253a6186ddf1e18660c55c143470a183bffd85e5d96299b3288120,2021-06,Derbyshire Constabulary,Derbyshire Constabulary,-1.309326,52.977293,On or near Manners Road,E01019661,Erewash 003C,Violence and sexual offences,Awaiting court outcome,
c9aabc5e22370f4faa5e7effbcdc4d433c562f12a84be81568a8ccb894f6f966,2021-06,Derbyshire Constabulary,Derbyshire Constabulary,-1.307267,52.971941,On or near High Street,E01019661,Erewash 003C,Violence and sexual offences,Local resolution,
f5e2f13bb2cf317dc182c063904f3fa41bc0a797410c7da5f2166c915eed538c,2021-06,Derbyshire Constabulary,Derbyshire Constabulary,-1.309573,52.977672,On or near Bath Street,E01019661,Erewash 003C,Violence and sexual offences,Unable to prosecute suspect,
7ab17a27021bc5f4c787bdef1316e91e8eec452b08393b872326e4ffe67ee5ab,2021-06,Derbyshire Constabulary,Derbyshire Constabulary,-1.307810,52.976133,On or near Durham Street,E01019661,Erewash 003C,Violence and sexual offences,Unable to prosecute suspect,
ccd144436609bbcfc1e13929d184541ea1edd9fc1fc1d37820d3c5e3c2bc4f33,2021-06,Derbyshire Constabulary,Derbyshire Constabulary,-1.305094,52.981142,On or near Boatmans Close,E01019661,Erewash 003C,Violence and sexual offences,Unable to prosecute suspect,
c80059e3542a5feadf8984474e0a796bf4b726b5f94b53b5005b6a2221d790f8,2021-06,Derbyshire Constabulary,Derbyshire Constabulary,-1.309184,52.976860,On or near Brussells Terrace,E01019661,Erewash 003C,Violence and sexual offences,Unable to prosecute suspect,
14ffa0dadb326e06ce809a0e06ca1fb2f1e1a8085c493bd19b555a2ea4aead82,2021-06,Derbyshire Constabulary,Derbyshire Constabulary,-1.307267,52.971941,On or near High Street,E01019661,Erewash 003C,Violence and sexual offences,Status update unavailable,
55a4ce0b78a20f4a5014ea8ae9fc45a5a56199e906e8ff035204aeb1baa0ecca,2021-06,Derbyshire Constabulary,Derbyshire Constabulary,-1.296471,52.977460,On or near Station Street,E01019661,Erewash 003C,Violence and sexual offences,Unable to prosecute suspect,
7e0c870905f6b9f0a0fa22f44611d7a9465b030c9124365111356149c41b7508,2021-06,Derbyshire Constabulary,Derbyshire Constabulary,-1.306273,52.973580,On or near Burr Lane,E01019661,Erewash 003C,Violence and sexual offences,Unable to prosecute suspect,
8f6b8f7a046214a432f6190fdc40e9dfdd2333194b1c6004adfe9d0e367f46de,2021-06,Derbyshire Constabulary,Derbyshire Constabulary,-1.307810,52.976133,On or near Durham Street,E01019661,Erewash 003C,Violence and sexual offences,Unable to prosecute suspect,
3c1c985dbdcdc34f7ffa935e1b35116c2d3a16f99a6f4826f7a390073c471c8a,2021-06,Derbyshire Constabulary,Derbyshire Constabulary,-1.305094,52.981142,On or near Boatmans Close,E01019661,Erewash 003C,Violence and sexual offences,Status update unavailable,
f316f6f74f814ebbe62fe6ee508ec3df20e97ff46aa56f39904d59fdf868443b,2021-06,Derbyshire Constabulary,Derbyshire Constabulary,-1.307865,52.975513,On or near Wilton Street,E01019661,Erewash 003C,Violence and sexual offences,Unable to prosecute suspect,
2501864c23703ff7d44ffaa7684c1867520a11e66e3d3b8e8cfc1867b51d8c3e,2021-06,Derbyshire Constabulary,Derbyshire Constabulary,-1.308494,52.975328,On or near Parking Area,E01019661,Erewash 003C,Other crime,Status update unavailable,
,2021-06,Derbyshire Constabulary,Derbyshire Constabulary,-1.305321,52.976307,On or near Wood Street,E01019662,Erewash 003D,Anti-social behaviour,,
,2021-06,Derbyshire Constabulary,Derbyshire Constabulary,-1.305321,52.976307,On or near Wood Street,E01019662,Erewash 003D,Anti-social behaviour,,
,2021-06,Derbyshire Constabulary,Derbyshire Constabulary,-1.306183,52.976384,On or near Critchley Street,E01019662,Erewash 003D,Anti-social behaviour,,
,2021-06,Derbyshire Constabulary,Derbyshire Constabulary,-1.304134,52.977883,On or near A6096,E01019662,Erewash 003D,Anti-social behaviour,,
,2021-06,Derbyshire Constabulary,Derbyshire Constabulary,-1.304134,52.977883,On or near A6096,E01019662,Erewash 003D,Anti-social behaviour,,
,2021-06,Derbyshire Constabulary,Derbyshire Constabulary,-1.306183,52.976384,On or near Critchley Street,E01019662,Erewash 003D,Anti-social behaviour,,
,2021-06,Derbyshire Constabulary,Derbyshire Constabulary,-1.304137,52.975833,On or near King Street,E01019662,Erewash 003D,Anti-social behaviour,,
d18e610f73a627233d6248d2cce9397cf5ca6c77ea02cca58e0a844d8b483e39,2021-06,Derbyshire Constabulary,Derbyshire Constabulary,-1.305128,52.974392,On or near Byron Street,E01019662,Erewash 003D,Bicycle theft,Investigation complete; no suspect identified,
b0f4953e3f979b766aa23784b529e4e1bbd83daab249ccdf1d858f5052c4a052,2021-06,Derbyshire Constabulary,Derbyshire Constabulary,-1.304382,52.974477,On or near Cranmer Street,E01019662,Erewash 003D,Criminal damage and arson,Status update unavailable,
0a91eb931665e694a84548fd47c4f362d8b80095d72e976dc10489d0ec87c38f,2021-06,Derbyshire Constabulary,Derbyshire Constabulary,-1.306183,52.976384,On or near Critchley Street,E01019662,Erewash 003D,Criminal damage and arson,Investigation complete; no suspect identified,
458b9e722cf6684fa30080068acba31a24336fed6e4e553f0ce737d81d0ad2fc,2021-06,Derbyshire Constabulary,Derbyshire Constabulary,-1.302967,52.976330,On or near John Street,E01019662,Erewash 003D,Criminal damage and arson,Investigation complete; no suspect identified,
45e38e121b6e77ff845301a4f077a3e5c1ef11ea9381ba2004aebd38153936c7,2021-06,Derbyshire Constabulary,Derbyshire Constabulary,-1.304382,52.974477,On or near Cranmer Street,E01019662,Erewash 003D,Criminal damage and arson,Status update unavailable,
da8acee789791447cd8fb514a8e261d9ad04a957af1b41a76720094607bbbcb3,2021-06,Derbyshire Constabulary,Derbyshire Constabulary,-1.304382,52.974477,On or near Cranmer Street,E01019662,Erewash 003D,Criminal damage and arson,Status update unavailable,
afc0e1267ec48952af92eaab175e89561f06e0e053d4f85dde406e1fa3ab71b8,2021-06,Derbyshire Constabulary,Derbyshire Constabulary,-1.304382,52.974477,On or near Cranmer Street,E01019662,Erewash 003D,Criminal damage and arson,Status update unavailable,
553d9e74fd062ec4a69ed9832bfd846f151c4bb4b05d0cae6a54506b234fb045,2021-06,Derbyshire Constabulary,Derbyshire Constabulary,-1.305128,52.974392,On or near Byron Street,E01019662,Erewash 003D,Criminal damage and arson,Unable to prosecute suspect,
cad0c1b0785aa331a6c11adc9fdc0c613641bb2b000ac7f25acd55bfb17b2618,2021-06,Derbyshire Constabulary,Derbyshire Constabulary,-1.306183,52.976384,On or near Critchley Street,E01019662,Erewash 003D,Criminal damage and arson,Unable to prosecute suspect,
8b45e56f54c5e52c1b56735d1c02a721b82c4d8c81e16f2bdf12e9884ed92ab7,2021-06,Derbyshire Constabulary,Derbyshire Constabulary,-1.304382,52.974477,On or near Cranmer Street,E01019662,Erewash 003D,Criminal damage and arson,Status update unavailable,
a7edb73f8b748c7fb8dcf8c4cbb77163fb8a4d0a528e965767c7e3bfc5838168,2021-06,Derbyshire Constabulary,Derbyshire Constabulary,-1.304382,52.974477,On or near Cranmer Street,E01019662,Erewash 003D,Criminal damage and arson,Status update unavailable,
a531604148b92253f466df7714ee70081dfe732d773ed124bfb2cf4d32dddc29,2021-06,Derbyshire Constabulary,Derbyshire Constabulary,-1.305321,52.976307,On or near Wood Street,E01019662,Erewash 003D,Public order,Investigation complete; no suspect identified,
4039a586dd7656a86a19b100f73a6d627aa24aa41ba25aa67d056bf49ec2afde,2021-06,Derbyshire Constabulary,Derbyshire Constabulary,-1.307582,52.977372,On or near Supermarket,E01019662,Erewash 003D,Shoplifting,Investigation complete; no suspect identified,
5b9b29d2b6f6690e669a4b155efb0cd89c08fc16e86bbfdde2acd0be8b03653f,2021-06,Derbyshire Constabulary,Derbyshire Constabulary,-1.307582,52.977372,On or near Supermarket,E01019662,Erewash 003D,Shoplifting,Investigation complete; no suspect identified,
70ae48aa24c130c9990831697f773f099500d23355d87eec063211a2623baffc,2021-06,Derbyshire Constabulary,Derbyshire Constabulary,-1.307582,52.977372,On or near Supermarket,E01019662,Erewash 003D,Shoplifting,Unable to prosecute suspect,
2b4f59c5f637a18fd05cf5b8824cc53bb25c89ad6349b4cac3fdbb11be6373e8,2021-06,Derbyshire Constabulary,Derbyshire Constabulary,-1.307582,52.977372,On or near Supermarket,E01019662,Erewash 003D,Shoplifting,Investigation complete; no suspect identified,
a7fb238449ac01e014dc06e478a51d14f25e94f349500e4643d74f173beb2075,2021-06,Derbyshire Constabulary,Derbyshire Constabulary,-1.307582,52.977372,On or near Supermarket,E01019662,Erewash 003D,Shoplifting,Unable to prosecute suspect,
860f03897a24ba6294905eaba94a795f1bdb78c17d6cab98f61cfadc622ec5bb,2021-06,Derbyshire Constabulary,Derbyshire Constabulary,-1.307582,52.977372,On or near Supermarket,E01019662,Erewash 003D,Shoplifting,Investigation complete; no suspect identified,
be5a2a7cbcf61b33d543f34708cdfbc09f8441532fade0800944259cc96c593c,2021-06,Derbyshire Constabulary,Derbyshire Constabulary,-1.307582,52.977372,On or near Supermarket,E01019662,Erewash 003D,Shoplifting,Awaiting court outcome,
3a2793c568e63e7d7e8c56fe80a13bd33f5ce6f4edc1125b440ec6ae7c83dcb8,2021-06,Derbyshire Constabulary,Derbyshire Constabulary,-1.307582,52.977372,On or near Supermarket,E01019662,Erewash 003D,Shoplifting,Investigation complete; no suspect identified,
b362f768259d1f19ec89e0ad405d65fb4a5598bc40f0b53536f5ca4f710152ea,2021-06,Derbyshire Constabulary,Derbyshire Constabulary,-1.307582,52.977372,On or near Supermarket,E01019662,Erewash 003D,Shoplifting,Investigation complete; no suspect identified,
4955852580b371ce7c42b461ff82a4798b7627b7540509e146cc63d5eea63cad,2021-06,Derbyshire Constabulary,Derbyshire Constabulary,-1.307582,52.977372,On or near Supermarket,E01019662,Erewash 003D,Shoplifting,Investigation complete; no suspect identified,
506f4f4409304a16874ea9a81e476010b176fc3df763d01f81bb96f2c896af54,2021-06,Derbyshire Constabulary,Derbyshire Constabulary,-1.306709,52.977988,On or near Rutland Street,E01019662,Erewash 003D,Shoplifting,Investigation complete; no suspect identified,
f3520507a6ef7a5791c6bd31b2fcc09f890e1c56eb4aec2250201e557e8204ec,2021-06,Derbyshire Constabulary,Derbyshire Constabulary,-1.307582,52.977372,On or near Supermarket,E01019662,Erewash 003D,Shoplifting,Investigation complete; no suspect identified,
c6edb3d5cdb930bd808c635f64f9ee256498daaee85d0e77336abf177da6484f,2021-06,Derbyshire Constabulary,Derbyshire Constabulary,-1.307582,52.977372,On or near Supermarket,E01019662,Erewash 003D,Shoplifting,Investigation complete; no suspect identified,
08810101bdd861a81388eb748fe90984040ee635257d079ab84715e9e253511e,2021-06,Derbyshire Constabulary,Derbyshire Constabulary,-1.305128,52.974392,On or near Byron Street,E01019662,Erewash 003D,Vehicle crime,Investigation complete; no suspect identified,
1a64eb53d391471f01bbbb9db7c04499097822b683799d877389deb095968c44,2021-06,Derbyshire Constabulary,Derbyshire Constabulary,-1.306183,52.976384,On or near Critchley Street,E01019662,Erewash 003D,Violence and sexual offences,Unable to prosecute suspect,
ae030bad9e2894127a952b8a7e37d802f55f28d95cb5c7481390659783c74abf,2021-06,Derbyshire Constabulary,Derbyshire Constabulary,-1.302702,52.973398,On or near Rigley Avenue,E01019662,Erewash 003D,Violence and sexual offences,Unable to prosecute suspect,
1e5b405058d449171aafdb1b767ee750e601826c3fec95fb36cd7e94aeb32d51,2021-06,Derbyshire Constabulary,Derbyshire Constabulary,-1.305128,52.974392,On or near Byron Street,E01019662,Erewash 003D,Violence and sexual offences,Unable to prosecute suspect,
740e9a2c61d85d026510e97ed625e57352a732ee77bd8b0f492754865f7ec7b2,2021-06,Derbyshire Constabulary,Derbyshire Constabulary,-1.303499,52.975694,On or near Station Road,E01019662,Erewash 003D,Violence and sexual offences,Unable to prosecute suspect,
3e89e34ce4dda5145adb25dee88f782b16fc2da1b7cc4341fee25255576bcb61,2021-06,Derbyshire Constabulary,Derbyshire Constabulary,-1.304137,52.975833,On or near King Street,E01019662,Erewash 003D,Violence and sexual offences,Status update unavailable,
df1d501d5fe290c011da793e3dd7e941fe371d2bb92622470e4a1f102f007e5d,2021-06,Derbyshire Constabulary,Derbyshire Constabulary,-1.303252,52.974363,On or near Chaucer Street,E01019662,Erewash 003D,Violence and sexual offences,Status update unavailable,
c94d3e18fde55ff30b96ccb85b063eb91571fe6ea46f80451af3a9fbb0e10f88,2021-06,Derbyshire Constabulary,Derbyshire Constabulary,-1.306183,52.976384,On or near Critchley Street,E01019662,Erewash 003D,Violence and sexual offences,Unable to prosecute suspect,
94638f01c57bc57740ae020a650b2d78750443a32687a9c989ba3fd9ccf3f30f,2021-06,Derbyshire Constabulary,Derbyshire Constabulary,-1.305128,52.974392,On or near Byron Street,E01019662,Erewash 003D,Violence and sexual offences,Investigation complete; no suspect identified,
b2ef528ff186b0142abcee1f9fbb6bdfa554fe29010f2126a2af9f80822fa10f,2021-06,Derbyshire Constabulary,Derbyshire Constabulary,-1.305128,52.974392,On or near Byron Street,E01019662,Erewash 003D,Violence and sexual offences,Unable to prosecute suspect,
4e718b2df8fe484f478151f436578d3bec6506a837555c73073775b24abb682b,2021-06,Derbyshire Constabulary,Derbyshire Constabulary,-1.302117,52.976397,On or near Blake Street,E01019662,Erewash 003D,Violence and sexual offences,Unable to prosecute suspect,
ee95d650a51563090ef856a35eff08fae56ea6b63e0a28e295f20ea3943a2d7f,2021-06,Derbyshire Constabulary,Derbyshire Constabulary,-1.304137,52.975833,On or near King Street,E01019662,Erewash 003D,Violence and sexual offences,Investigation complete; no suspect identified,
a1a8b5f11754841750b68e6947e506f2ecdb36f4b6d19e346b3e8e718e4da684,2021-06,Derbyshire Constabulary,Derbyshire Constabulary,-1.302959,52.976833,On or near Mill Street,E01019662,Erewash 003D,Violence and sexual offences,Awaiting court outcome,
dbe8251a6083c971bf8af22a0c101a45ef0821882698faf540fb3a0e50e94c1a,2021-06,Derbyshire Constabulary,Derbyshire Constabulary,-1.302702,52.973398,On or near Rigley Avenue,E01019662,Erewash 003D,Violence and sexual offences,Status update unavailable,
,2021-06,Derbyshire Constabulary,Derbyshire Constabulary,-1.309052,52.971142,On or near Market Place,E01019672,Erewash 003E,Anti-social behaviour,,
,2021-06,Derbyshire Constabulary,Derbyshire Constabulary,-1.309052,52.971142,On or near Market Place,E01019672,Erewash 003E,Anti-social behaviour,,
,2021-06,Derbyshire Constabulary,Derbyshire Constabulary,-1.309052,52.971142,On or near Market Place,E01019672,Erewash 003E,Anti-social behaviour,,
,2021-06,Derbyshire Constabulary,Derbyshire Constabulary,-1.309052,52.971142,On or near Market Place,E01019672,Erewash 003E,Anti-social behaviour,,
,2021-06,Derbyshire Constabulary,Derbyshire Constabulary,-1.309676,52.970292,On or near Shopping Area,E01019672,Erewash 003E,Anti-social behaviour,,
,2021-06,Derbyshire Constabulary,Derbyshire Constabulary,-1.309921,52.971732,On or near Burns Street,E01019672,Erewash 003E,Anti-social behaviour,,
,2021-06,Derbyshire Constabulary,Derbyshire Constabulary,-1.309052,52.971142,On or near Market Place,E01019672,Erewash 003E,Anti-social behaviour,,
,2021-06,Derbyshire Constabulary,Derbyshire Constabulary,-1.309052,52.971142,On or near Market Place,E01019672,Erewash 003E,Anti-social behaviour,,
,2021-06,Derbyshire Constabulary,Derbyshire Constabulary,-1.309676,52.970292,On or near Shopping Area,E01019672,Erewash 003E,Anti-social behaviour,,
,2021-06,Derbyshire Constabulary,Derbyshire Constabulary,-1.309052,52.971142,On or near Market Place,E01019672,Erewash 003E,Anti-social behaviour,,
,2021-06,Derbyshire Constabulary,Derbyshire Constabulary,-1.310320,52.974700,On or near Fullwood Avenue,E01019672,Erewash 003E,Anti-social behaviour,,
,2021-06,Derbyshire Constabulary,Derbyshire Constabulary,-1.309052,52.971142,On or near Market Place,E01019672,Erewash 003E,Anti-social behaviour,,
,2021-06,Derbyshire Constabulary,Derbyshire Constabulary,-1.309839,52.969367,On or near Queen Street,E01019672,Erewash 003E,Anti-social behaviour,,
,2021-06,Derbyshire Constabulary,Derbyshire Constabulary,-1.309839,52.969367,On or near Queen Street,E01019672,Erewash 003E,Anti-social behaviour,,
,2021-06,Derbyshire Constabulary,Derbyshire Constabulary,-1.309397,52.976601,On or near Bath Street,E01019672,Erewash 003E,Anti-social behaviour,,
,2021-06,Derbyshire Constabulary,Derbyshire Constabulary,-1.309052,52.971142,On or near Market Place,E01019672,Erewash 003E,Anti-social behaviour,,
,2021-06,Derbyshire Constabulary,Derbyshire Constabulary,-1.309052,52.971142,On or near Market Place,E01019672,Erewash 003E,Anti-social behaviour,,
,2021-06,Derbyshire Constabulary,Derbyshire Constabulary,-1.309489,52.974534,On or near Providence Place,E01019672,Erewash 003E,Anti-social behaviour,,
,2021-06,Derbyshire Constabulary,Derbyshire Constabulary,-1.309676,52.970292,On or near Shopping Area,E01019672,Erewash 003E,Anti-social behaviour,,
,2021-06,Derbyshire Constabulary,Derbyshire Constabulary,-1.316743,52.973515,On or near Gayton Road,E01019672,Erewash 003E,Anti-social behaviour,,
,2021-06,Derbyshire Constabulary,Derbyshire Constabulary,-1.309237,52.973508,On or near Shopping Area,E01019672,Erewash 003E,Anti-social behaviour,,
,2021-06,Derbyshire Constabulary,Derbyshire Constabulary,-1.309052,52.971142,On or near Market Place,E01019672,Erewash 003E,Anti-social behaviour,,
,2021-06,Derbyshire Constabulary,Derbyshire Constabulary,-1.309972,52.976002,On or near Pelham Street,E01019672,Erewash 003E,Anti-social behaviour,,
2e86585483480e7244769d7d9eec88c14ffbadfa37c045a592e1aa4929779b74,2021-06,Derbyshire Constabulary,Derbyshire Constabulary,-1.309344,52.968663,On or near West Street,E01019672,Erewash 003E,Criminal damage and arson,Awaiting court outcome,
54f07b96a8b0e46e73fee30e9a9f45548587d5d010b002b8bbe2b82d18986c57,2021-06,Derbyshire Constabulary,Derbyshire Constabulary,-1.309344,52.968663,On or near West Street,E01019672,Erewash 003E,Criminal damage and arson,Status update unavailable,
c5665625097197d74b454269f2bca48563320459b0d05893a3698cdf9d0cdb7e,2021-06,Derbyshire Constabulary,Derbyshire Constabulary,-1.309237,52.973508,On or near Shopping Area,E01019672,Erewash 003E,Criminal damage and arson,Investigation complete; no suspect identified,
b1d75654185447d3499b24ce4a83756fa3280c92d2ba3bb86ea076c2e384492b,2021-06,Derbyshire Constabulary,Derbyshire Constabulary,-1.309839,52.969367,On or near Queen Street,E01019672,Erewash 003E,Criminal damage and arson,Investigation complete; no suspect identified,
119858b40e66c90228a8d8b36ab8a59ff6405c68075289982d38bfe4d1de9c9d,2021-06,Derbyshire Constabulary,Derbyshire Constabulary,-1.309676,52.970292,On or near Shopping Area,E01019672,Erewash 003E,Criminal damage and arson,Investigation complete; no suspect identified,
ebdce876434b3b0b0db4bc9c8ef845686677e87dc56357492a5bb2f7470682c5,2021-06,Derbyshire Constabulary,Derbyshire Constabulary,-1.309052,52.971142,On or near Market Place,E01019672,Erewash 003E,Drugs,Offender given a drugs possession warning,
bd4ad7cc4bf20ebc7745797c397f0cde7bceeccd46fca34ab11d58042d6c5992,2021-06,Derbyshire Constabulary,Derbyshire Constabulary,-1.311732,52.979563,On or near Ilkeston Police Station,E01019672,Erewash 003E,Drugs,Unable to prosecute suspect,
fadaec2542793c7a76f646aeb08749acfd84b15aa4d83ede2c3e47b038f7fdb5,2021-06,Derbyshire Constabulary,Derbyshire Constabulary,-1.309676,52.970292,On or near Shopping Area,E01019672,Erewash 003E,Other theft,Investigation complete; no suspect identified,
6073d68958662119d4e2440d2613e53c2bb202cca9c53c3f604e85bec0ef94b7,2021-06,Derbyshire Constabulary,Derbyshire Constabulary,-1.309676,52.970292,On or near Shopping Area,E01019672,Erewash 003E,Other theft,Investigation complete; no suspect identified,
6cc1c799102ac55fd9d037f3994a0b5356bd5fca32daf16e8c91ea985fb930d5,2021-06,Derbyshire Constabulary,Derbyshire Constabulary,-1.309676,52.970292,On or near Shopping Area,E01019672,Erewash 003E,Other theft,Investigation complete; no suspect identified,
01da439403d4ba23481af0fb51c73394a2e8a3c385dced39d38aaff09fa3cd46,2021-06,Derbyshire Constabulary,Derbyshire Constabulary,-1.310409,52.973793,On or near Wilmot Street,E01019672,Erewash 003E,Possession of weapons,Unable to prosecute suspect,
c478b9a4dc974a31bc93ad7bdf7a83228308dad119cc41e86ac4af35b54e0ded,2021-06,Derbyshire Constabulary,Derbyshire Constabulary,-1.309344,52.968663,On or near West Street,E01019672,Erewash 003E,Public order,Local resolution,
6f4501a4571c14a75337869996a96451e71ee82573885b8e5b60bc7d24b48de1,2021-06,Derbyshire Constabulary,Derbyshire Constabulary,-1.309052,52.971142,On or near Market Place,E01019672,Erewash 003E,Public order,Unable to prosecute suspect,
35e2020d6f5275d10f57217d31e5bef210e904a905ca4597dee5a402f492f2a1,2021-06,Derbyshire Constabulary,Derbyshire Constabulary,-1.309676,52.970292,On or near Shopping Area,E01019672,Erewash 003E,Public order,Unable to prosecute suspect,
cb0569d609ece915578ca52a5bfbab68c457826b02e5730043e23f19dae4c2b7,2021-06,Derbyshire Constabulary,Derbyshire Constabulary,-1.309052,52.971142,On or near Market Place,E01019672,Erewash 003E,Public order,Status update unavailable,
63ed75f5da847f37d6a1b2d519c8eb73194c7b96a5660d6ebd43f24c0a20c1e7,2021-06,Derbyshire Constabulary,Derbyshire Constabulary,-1.314784,52.972101,On or near King George Avenue,E01019672,Erewash 003E,Public order,Further investigation is not in the public interest,
76b184cf839f9f95b80ce24b5f62a830f147901e39b65d886c173940c8a4024d,2021-06,Derbyshire Constabulary,Derbyshire Constabulary,-1.309676,52.970292,On or near Shopping Area,E01019672,Erewash 003E,Robbery,Unable to prosecute suspect,
42517b703aec6414a4ac306a4839ca13ed1defd28a027ea96f06756a423c8dec,2021-06,Derbyshire Constabulary,Derbyshire Constabulary,-1.309237,52.973508,On or near Shopping Area,E01019672,Erewash 003E,Shoplifting,Investigation complete; no suspect identified,
d781d29c4f3505ab4a2097cb9dc84de554b63bfcf5ce5a37fd6e0f1653dce392,2021-06,Derbyshire Constabulary,Derbyshire Constabulary,-1.309237,52.973508,On or near Shopping Area,E01019672,Erewash 003E,Shoplifting,Investigation complete; no suspect identified,
c1633c14e3f2c6b686c8bb4ba5899b0824fa79f65f628278b0b87a7bc25bedc1,2021-06,Derbyshire Constabulary,Derbyshire Constabulary,-1.312695,52.977096,On or near Manor Road,E01019672,Erewash 003E,Shoplifting,Unable to prosecute suspect,
3ed0ae6c9ab78990bfd43699ed00834cd915f4999d79ec026b2101af897812e6,2021-06,Derbyshire Constabulary,Derbyshire Constabulary,-1.309052,52.971142,On or near Market Place,E01019672,Erewash 003E,Shoplifting,Investigation complete; no suspect identified,
933cbb7729f698cc7a87b325d8c32c5f1d8dcfabaa7c22f3775b747256fdfd78,2021-06,Derbyshire Constabulary,Derbyshire Constabulary,-1.309237,52.973508,On or near Shopping Area,E01019672,Erewash 003E,Shoplifting,Investigation complete; no suspect identified,
7d72b4f23b798b76c74fe873ab1a96374c0640063ffcbf28bfe9d4569351688b,2021-06,Derbyshire Constabulary,Derbyshire Constabulary,-1.309052,52.971142,On or near Market Place,E01019672,Erewash 003E,Violence and sexual offences,Local resolution,
3e0568242b9b7b84fa9076dcef1582df9152a219949fcc926b4e61274ec0f90f,2021-06,Derbyshire Constabulary,Derbyshire Constabulary,-1.309052,52.971142,On or near Market Place,E01019672,Erewash 003E,Violence and sexual offences,Status update unavailable,
5fda4eddbcc5781fa0bda40e2a0c5cd6d7ba864d4902e06ef57ee374fac625b6,2021-06,Derbyshire Constabulary,Derbyshire Constabulary,-1.309676,52.970292,On or near Shopping Area,E01019672,Erewash 003E,Violence and sexual offences,Unable to prosecute suspect,
aef3e1c1b03183c2cc10ee8b1300775f8941dbf38635fddd25c1711d7e669426,2021-06,Derbyshire Constabulary,Derbyshire Constabulary,-1.309820,52.978096,On or near Bath Street,E01019672,Erewash 003E,Violence and sexual offences,Unable to prosecute suspect,
4cd880723812cdbc437e6c5aeba78cf3b609f9cbf4a6114768970531900e4769,2021-06,Derbyshire Constabulary,Derbyshire Constabulary,-1.311905,52.975249,On or near Nesfield Court,E01019672,Erewash 003E,Violence and sexual offences,Unable to prosecute suspect,
cf7de59ec6f8b5f9a00d408cbf11cfb50bf1b62ac965cd508b65399aa20d1b42,2021-06,Derbyshire Constabulary,Derbyshire Constabulary,-1.311905,52.975249,On or near Nesfield Court,E01019672,Erewash 003E,Violence and sexual offences,Unable to prosecute suspect,
32778e5bb717c8eaa5a4f7dcd1e681a4df83d0d1eea700c19bfeca1c9a4fb2d5,2021-06,Derbyshire Constabulary,Derbyshire Constabulary,-1.309676,52.970292,On or near Shopping Area,E01019672,Erewash 003E,Violence and sexual offences,Unable to prosecute suspect,
4994418921b7a667ff443dc5e7f8034ebf662188c82a882415193eda6c25bdea,2021-06,Derbyshire Constabulary,Derbyshire Constabulary,-1.311732,52.979563,On or near Ilkeston Police Station,E01019672,Erewash 003E,Violence and sexual offences,Unable to prosecute suspect,
b7287c69fae5f1a7d44f04fe20cf6039444be17ffde8375d10c2ccdb224770f1,2021-06,Derbyshire Constabulary,Derbyshire Constabulary,-1.311732,52.979563,On or near Ilkeston Police Station,E01019672,Erewash 003E,Violence and sexual offences,Unable to prosecute suspect,
339c01945cae3c2b6ab8f9cfcdae67a7bd9e8bf5d27c7d14e1d35f3b5f555aca,2021-06,Derbyshire Constabulary,Derbyshire Constabulary,-1.309052,52.971142,On or near Market Place,E01019672,Erewash 003E,Violence and sexual offences,Status update unavailable,
00a2359d88b3bf6264f5fe408895432891196c97120c296843ab2210e48cebc5,2021-06,Derbyshire Constabulary,Derbyshire Constabulary,-1.309052,52.971142,On or near Market Place,E01019672,Erewash 003E,Violence and sexual offences,Unable to prosecute suspect,
4139be967cb7f4db168894cf773f230711577d7e99ec6b78a830d47d50846f71,2021-06,Derbyshire Constabulary,Derbyshire Constabulary,-1.311905,52.975249,On or near Nesfield Court,E01019672,Erewash 003E,Violence and sexual offences,Further investigation is not in the public interest,
80a68b3fa6a5f2b0b6e86bafbd1d77b99b68fb597b0799854316e44edca5630d,2021-06,Derbyshire Constabulary,Derbyshire Constabulary,-1.309676,52.970292,On or near Shopping Area,E01019672,Erewash 003E,Violence and sexual offences,Unable to prosecute suspect,
60818bb17aa3aee78f04e799afdf8a77fe70231501c9f1a080122537eab26818,2021-06,Derbyshire Constabulary,Derbyshire Constabulary,-1.311732,52.979563,On or near Ilkeston Police Station,E01019672,Erewash 003E,Violence and sexual offences,Unable to prosecute suspect,
f6dc0aea2ab16a6edc362e2a30797458979f6b799cc492ce76cc69391ab410d1,2021-06,Derbyshire Constabulary,Derbyshire Constabulary,-1.309052,52.971142,On or near Market Place,E01019672,Erewash 003E,Violence and sexual offences,Status update unavailable,
631c336feaaba235cd1fc3164c9dd3fa564ec38d0e729ef37c3a9c529ef56cdc,2021-06,Derbyshire Constabulary,Derbyshire Constabulary,-1.309972,52.976002,On or near Pelham Street,E01019672,Erewash 003E,Violence and sexual offences,Unable to prosecute suspect,
f9a360ee626a460df196b2b49dda818488b94710ca4e579c23b5cd47609c7a03,2021-06,Derbyshire Constabulary,Derbyshire Constabulary,-1.309052,52.971142,On or near Market Place,E01019672,Erewash 003E,Violence and sexual offences,Unable to prosecute suspect,
90c9940ad3928c326a6b91bf506b80355c1e42e3b80277206635f8a56bc45a3a,2021-06,Derbyshire Constabulary,Derbyshire Constabulary,-1.309676,52.970292,On or near Shopping Area,E01019672,Erewash 003E,Violence and sexual offences,Investigation complete; no suspect identified,
dff728a14a93e9ab06824b53f79bfa4a7a74772c2ef8cf1201890e2863cddac3,2021-06,Derbyshire Constabulary,Derbyshire Constabulary,-1.311732,52.979563,On or near Ilkeston Police Station,E01019672,Erewash 003E,Violence and sexual offences,Investigation complete; no suspect identified,
d4e6b3978ede2e1f8bf9d02c5ffc9f44aaf1049bd60d28051a2dc492bfee7d30,2021-06,Derbyshire Constabulary,Derbyshire Constabulary,-1.309820,52.978096,On or near Bath Street,E01019672,Erewash 003E,Violence and sexual offences,Unable to prosecute suspect,
8c98965d4f1179a685e9a0fc5d6825c1cb42468743fa707787c64bd15d2693cf,2021-06,Derbyshire Constabulary,Derbyshire Constabulary,-1.309052,52.971142,On or near Market Place,E01019672,Erewash 003E,Violence and sexual offences,Unable to prosecute suspect,
,2021-06,Derbyshire Constabulary,Derbyshire Constabulary,-1.303294,52.968043,On or near Lime Street,E01019690,Erewash 003F,Anti-social behaviour,,
,2021-06,Derbyshire Constabulary,Derbyshire Constabulary,-1.307470,52.966701,On or near Stanton Road,E01019690,Erewash 003F,Anti-social behaviour,,
399730a2041a0a424e86931395e3f0ca05b844c03634591218458eb9b6f6b511,2021-06,Derbyshire Constabulary,Derbyshire Constabulary,-1.304558,52.967242,On or near Orchard Street,E01019690,Erewash 003F,Violence and sexual offences,Unable to prosecute suspect,
ac66e0314240d0c587e6fb167f7ace9b008fe2b6ccaab4a0eb2e23268d2f2044,2021-06,Derbyshire Constabulary,Derbyshire Constabulary,-1.304558,52.967242,On or near Orchard Street,E01019690,Erewash 003F,Violence and sexual offences,Unable to prosecute suspect,
189191a54335a096ea0c42bcc53dfadc1e96ab8f9234a0184a4a82f302c7a2dc,2021-06,Derbyshire Constabulary,Derbyshire Constabulary,-1.301918,52.968449,On or near Park Road,E01019690,Erewash 003F,Violence and sexual offences,Awaiting court outcome,
6b1df9f082cceeff06069d6034f9715e40e35683bd48cf0025d175cfb46f659a,2021-06,Derbyshire Constabulary,Derbyshire Constabulary,-1.303294,52.968043,On or near Lime Street,E01019690,Erewash 003F,Other crime,Unable to prosecute suspect,
,2021-06,Derbyshire Constabulary,Derbyshire Constabulary,-1.463838,52.968947,On or near Church Lane,E01019670,Erewash 004A,Anti-social behaviour,,
,2021-06,Derbyshire Constabulary,Derbyshire Constabulary,-1.477840,52.982062,On or near Squirrel Walk,E01019670,Erewash 004A,Anti-social behaviour,,
,2021-06,Derbyshire Constabulary,Derbyshire Constabulary,-1.459201,52.973035,On or near Park View,E01019670,Erewash 004A,Anti-social behaviour,,
,2021-06,Derbyshire Constabulary,Derbyshire Constabulary,-1.458834,52.973770,On or near Alfreton Road,E01019670,Erewash 004A,Anti-social behaviour,,
242b4ceda00b665879c4be0c5b28fc522ea9d165d81d7236d7d02bbe3d3ed08d,2021-06,Derbyshire Constabulary,Derbyshire Constabulary,-1.454927,52.981321,On or near Whittaker Lane,E01019670,Erewash 004A,Burglary,Unable to prosecute suspect,
5e7d881781c80fe643b74cf936a7b319c6d4182604f8be87283138ac8dcd4cfd,2021-06,Derbyshire Constabulary,Derbyshire Constabulary,-1.455235,52.967443,On or near Parking Area,E01019670,Erewash 004A,Drugs,Unable to prosecute suspect,
9f1e0c16106a2979c5892e33e1ed15a80aa72bb3bfd5bf1d68bef4eea892ebbf,2021-06,Derbyshire Constabulary,Derbyshire Constabulary,-1.425755,52.967394,On or near Morley Almshouses Lane,E01019671,Erewash 004B,Public order,Status update unavailable,
8707c36d86dd4060bfe4b1798a533f2d32f9f02b6545daf05a5c14a7bae7c928,2021-06,Derbyshire Constabulary,Derbyshire Constabulary,-1.419701,52.959194,On or near A608,E01019671,Erewash 004B,Violence and sexual offences,Unable to prosecute suspect,
fa6a0bc580cfbad99f4d0ac3c3fbf497a42fd067d3b4d9c8a455d0edf90636d5,2021-06,Derbyshire Constabulary,Derbyshire Constabulary,-1.461552,52.965989,On or near New Inn Lane,E01019671,Erewash 004B,Violence and sexual offences,Unable to prosecute suspect,
6fad3c8dfe42c42c95e9421ee946105ee4195454b2cc581648b297eb75d7b8ab,2021-06,Derbyshire Constabulary,Derbyshire Constabulary,-1.427352,52.980607,On or near Brackley Gate,E01019671,Erewash 004B,Violence and sexual offences,Status update unavailable,
362166a758f0accb1d8848b3511bc8c0af61fa73d4eb19da77e227822be42f31,2021-06,Derbyshire Constabulary,Derbyshire Constabulary,-1.462319,52.968967,On or near Brooks Hollow,E01019671,Erewash 004B,Violence and sexual offences,Unable to prosecute suspect,
9c4d74382765a815b55ac3344401fc0d4b0104ce2fad0937776724892db567be,2021-06,Derbyshire Constabulary,Derbyshire Constabulary,-1.425755,52.967394,On or near Morley Almshouses Lane,E01019671,Erewash 004B,Violence and sexual offences,Investigation complete; no suspect identified,
73f6a4719d17185799fd355ec13bc2c890edc7f282971856b312aa74ce4dafd2,2021-06,Derbyshire Constabulary,Derbyshire Constabulary,-1.419701,52.959194,On or near A608,E01019671,Erewash 004B,Violence and sexual offences,Unable to prosecute suspect,
,2021-06,Derbyshire Constabulary,Derbyshire Constabulary,-1.376373,52.974238,On or near Petrol Station,E01019701,Erewash 004C,Anti-social behaviour,,
372b6473a1b9feeffc08418dd10a4f6f7d6c0a9d45642ca989dcc0ff7c5359a7,2021-06,Derbyshire Constabulary,Derbyshire Constabulary,-1.386541,52.976520,On or near Park/Open Space,E01019701,Erewash 004C,Burglary,Investigation complete; no suspect identified,
3e45e3956fa8cbd798f7020ac02c7ea91b3e24d14dbd69d7317aecd268230a25,2021-06,Derbyshire Constabulary,Derbyshire Constabulary,-1.378489,52.975193,On or near The Brickyard,E01019701,Erewash 004C,Criminal damage and arson,Local resolution,
129f8814461f21366eb4e02b94016586c4f72e06a7ac1e0e80ed738765789301,2021-06,Derbyshire Constabulary,Derbyshire Constabulary,-1.376373,52.974238,On or near Petrol Station,E01019701,Erewash 004C,Criminal damage and arson,Investigation complete; no suspect identified,
44b4f6ce1a1cd2e71bf2710738ce1c56d4fd98a03fe83381909a6e30ab8ee6fd,2021-06,Derbyshire Constabulary,Derbyshire Constabulary,-1.381670,52.975560,On or near Barker Close,E01019701,Erewash 004C,Possession of weapons,Status update unavailable,
6c213caf0abb847780daaca92eb5b4a8ee06a5204d8335122bd4f5e93423330e,2021-06,Derbyshire Constabulary,Derbyshire Constabulary,-1.381670,52.975560,On or near Barker Close,E01019701,Erewash 004C,Public order,Status update unavailable,
6c213caf0abb847780daaca92eb5b4a8ee06a5204d8335122bd4f5e93423330e,2021-06,Derbyshire Constabulary,Derbyshire Constabulary,-1.376373,52.974238,On or near Petrol Station,E01019701,Erewash 004C,Public order,Status update unavailable,
f4d4f0769288e9c28aacdfd409a506678fc6095c587da8d6a1f8ae5bf8cafc71,2021-06,Derbyshire Constabulary,Derbyshire Constabulary,-1.379766,52.974418,On or near Sports/Recreation Area,E01019701,Erewash 004C,Violence and sexual offences,Unable to prosecute suspect,
3a957bedac9db4e71aeb267034c9a0b36e602e2ffe891edd8465a49483109b8a,2021-06,Derbyshire Constabulary,Derbyshire Constabulary,-1.379766,52.974418,On or near Sports/Recreation Area,E01019701,Erewash 004C,Violence and sexual offences,Unable to prosecute suspect,
13820740e2309652de5cc4ed2a0755ffdbc9d5513d5f72c29ec4b261e99c7102,2021-06,Derbyshire Constabulary,Derbyshire Constabulary,-1.376373,52.974238,On or near Petrol Station,E01019701,Erewash 004C,Violence and sexual offences,Unable to prosecute suspect,
23078fb4c25efdaa2595617e49249a3f03aad7c396d058ff28ccf6e98983153f,2021-06,Derbyshire Constabulary,Derbyshire Constabulary,-1.383246,52.974723,On or near Valley View Drive,E01019701,Erewash 004C,Violence and sexual offences,Offender given a caution,
25da894fcacef3cc6a8785f685afdf407b4041cf2bd40f6973117e151c42dfc4,2021-06,Derbyshire Constabulary,Derbyshire Constabulary,-1.374384,52.961427,On or near Hurst Drive,E01019701,Erewash 004C,Violence and sexual offences,Unable to prosecute suspect,
f4d4f0769288e9c28aacdfd409a506678fc6095c587da8d6a1f8ae5bf8cafc71,2021-06,Derbyshire Constabulary,Derbyshire Constabulary,-1.386541,52.976520,On or near Park/Open Space,E01019701,Erewash 004C,Violence and sexual offences,Status update unavailable,
3d4f5355c50d7b7fe70e5aabdfd97e60aef1700b0b9a4d90fe3574e6df9c50bf,2021-06,Derbyshire Constabulary,Derbyshire Constabulary,-1.383154,52.960277,On or near Morley Lane,E01019701,Erewash 004C,Violence and sexual offences,Unable to prosecute suspect,
477d823595924552e026d8b12c541e620712ae58a4a52278968351c1ec876b64,2021-06,Derbyshire Constabulary,Derbyshire Constabulary,-1.376424,52.960332,On or near Glebe Crescent,E01019701,Erewash 004C,Other crime,Status update unavailable,
,2021-06,Derbyshire Constabulary,Derbyshire Constabulary,-1.318493,52.971116,On or near West End Crescent,E01019673,Erewash 005A,Anti-social behaviour,,
,2021-06,Derbyshire Constabulary,Derbyshire Constabulary,-1.316818,52.970603,On or near West End Drive,E01019673,Erewash 005A,Anti-social behaviour,,
,2021-06,Derbyshire Constabulary,Derbyshire Constabulary,-1.318493,52.971116,On or near West End Crescent,E01019673,Erewash 005A,Anti-social behaviour,,
,2021-06,Derbyshire Constabulary,Derbyshire Constabulary,-1.312445,52.972169,On or near New Lawn Road,E01019673,Erewash 005A,Anti-social behaviour,,
,2021-06,Derbyshire Constabulary,Derbyshire Constabulary,-1.323710,52.966939,On or near Kniveton Park,E01019673,Erewash 005A,Anti-social behaviour,,
,2021-06,Derbyshire Constabulary,Derbyshire Constabulary,-1.315660,52.967567,On or near Charter Park,E01019673,Erewash 005A,Anti-social behaviour,,
,2021-06,Derbyshire Constabulary,Derbyshire Constabulary,-1.315660,52.967567,On or near Charter Park,E01019673,Erewash 005A,Anti-social behaviour,,
,2021-06,Derbyshire Constabulary,Derbyshire Constabulary,-1.316818,52.970603,On or near West End Drive,E01019673,Erewash 005A,Anti-social behaviour,,
87d5e4e83cc0eaec170da7057a5be1888ae2c52c84096ff5281a61a4f3e3de8c,2021-06,Derbyshire Constabulary,Derbyshire Constabulary,-1.312051,52.969820,On or near St Andrew'S Drive,E01019673,Erewash 005A,Burglary,Investigation complete; no suspect identified,
6cc1c799102ac55fd9d037f3994a0b5356bd5fca32daf16e8c91ea985fb930d5,2021-06,Derbyshire Constabulary,Derbyshire Constabulary,-1.318493,52.971116,On or near West End Crescent,E01019673,Erewash 005A,Other theft,Status update unavailable,
294f45e92cc3e427b2c0397dea9b510ff2b58c349822bb984f19e35cad136ead,2021-06,Derbyshire Constabulary,Derbyshire Constabulary,-1.315660,52.967567,On or near Charter Park,E01019673,Erewash 005A,Public order,Investigation complete; no suspect identified,
006cffeba9ed359a92dd542bec7592814535f31da9b98380a3d6199643673a67,2021-06,Derbyshire Constabulary,Derbyshire Constabulary,-1.315660,52.967567,On or near Charter Park,E01019673,Erewash 005A,Public order,Unable to prosecute suspect,
11d94ead15bfbb2c9f908d0bc4121d90a2a97fea0d5f837c3468c8e78ff01a6b,2021-06,Derbyshire Constabulary,Derbyshire Constabulary,-1.318493,52.971116,On or near West End Crescent,E01019673,Erewash 005A,Public order,Investigation complete; no suspect identified,
b5d1390d6b677876fdc53f9c68fe721f19c68b9c78f737880a514b5356a2d6bf,2021-06,Derbyshire Constabulary,Derbyshire Constabulary,-1.312445,52.972169,On or near New Lawn Road,E01019673,Erewash 005A,Violence and sexual offences,Unable to prosecute suspect,
60932613e258a754f99afe29edb1435d2a0789d9e9689bcee7fb8a622dddd620,2021-06,Derbyshire Constabulary,Derbyshire Constabulary,-1.309541,52.967531,On or near Tinker Croft,E01019673,Erewash 005A,Violence and sexual offences,Unable to prosecute suspect,
9386f92166a845afbdba78325387f6774bfca9f11cd1954215682bbaee90bfb1,2021-06,Derbyshire Constabulary,Derbyshire Constabulary,-1.318493,52.971116,On or near West End Crescent,E01019673,Erewash 005A,Violence and sexual offences,Investigation complete; no suspect identified,
81a10f9a297a9d779249fe5ed3dd0e05738ee9eb7539795c362ad21e6fd77dec,2021-06,Derbyshire Constabulary,Derbyshire Constabulary,-1.316818,52.970603,On or near West End Drive,E01019673,Erewash 005A,Violence and sexual offences,Status update unavailable,
81a10f9a297a9d779249fe5ed3dd0e05738ee9eb7539795c362ad21e6fd77dec,2021-06,Derbyshire Constabulary,Derbyshire Constabulary,-1.318493,52.971116,On or near West End Crescent,E01019673,Erewash 005A,Violence and sexual offences,Unable to prosecute suspect,
,2021-06,Derbyshire Constabulary,Derbyshire Constabulary,-1.363715,52.972166,On or near Surbiton Court,E01019702,Erewash 005B,Anti-social behaviour,,
,2021-06,Derbyshire Constabulary,Derbyshire Constabulary,-1.354991,52.974061,On or near Kiln Close,E01019702,Erewash 005B,Anti-social behaviour,,
2b9c168e7bcf56672c7588ea8ccbee0ead0c9a22d065e59e63739108dc979c71,2021-06,Derbyshire Constabulary,Derbyshire Constabulary,-1.354991,52.974061,On or near Kiln Close,E01019702,Erewash 005B,Other theft,Investigation complete; no suspect identified,
c413b0df12ebbaaecf0770aa50744f7888e2be8b52deb403ae16efb0abad02ce,2021-06,Derbyshire Constabulary,Derbyshire Constabulary,-1.364320,52.970561,On or near Elizabeth Close,E01019702,Erewash 005B,Public order,Unable to prosecute suspect,
,2021-06,Derbyshire Constabulary,Derbyshire Constabulary,-1.358510,52.966673,On or near The Village,E01019703,Erewash 005C,Anti-social behaviour,,
,2021-06,Derbyshire Constabulary,Derbyshire Constabulary,-1.368500,52.970835,On or near Jubilee Court,E01019703,Erewash 005C,Anti-social behaviour,,
,2021-06,Derbyshire Constabulary,Derbyshire Constabulary,-1.368978,52.971736,On or near Park/Open Space,E01019703,Erewash 005C,Anti-social behaviour,,
,2021-06,Derbyshire Constabulary,Derbyshire Constabulary,-1.364978,52.968326,On or near Sports/Recreation Area,E01019703,Erewash 005C,Anti-social behaviour,,
,2021-06,Derbyshire Constabulary,Derbyshire Constabulary,-1.368978,52.971736,On or near Park/Open Space,E01019703,Erewash 005C,Anti-social behaviour,,
,2021-06,Derbyshire Constabulary,Derbyshire Constabulary,-1.368978,52.971736,On or near Park/Open Space,E01019703,Erewash 005C,Anti-social behaviour,,
,2021-06,Derbyshire Constabulary,Derbyshire Constabulary,-1.359349,52.966372,On or near School Square,E01019703,Erewash 005C,Anti-social behaviour,,
,2021-06,Derbyshire Constabulary,Derbyshire Constabulary,-1.368978,52.971736,On or near Park/Open Space,E01019703,Erewash 005C,Anti-social behaviour,,
,2021-06,Derbyshire Constabulary,Derbyshire Constabulary,-1.368978,52.971736,On or near Park/Open Space,E01019703,Erewash 005C,Anti-social behaviour,,
97d9d50933ae1d4ee4beeaf623ac7f2eb90ad1d99cd3f3bcefd8d8b2ac5c81b6,2021-06,Derbyshire Constabulary,Derbyshire Constabulary,-1.364978,52.968326,On or near Sports/Recreation Area,E01019703,Erewash 005C,Burglary,Investigation complete; no suspect identified,
09f52f037b3011f3dcd7fb159666fdca7880c11bba520505f7074858cf098f07,2021-06,Derbyshire Constabulary,Derbyshire Constabulary,-1.366750,52.969315,On or near Sunninghill Close,E01019703,Erewash 005C,Burglary,Investigation complete; no suspect identified,
f38b9f0afefb0b1e1c5f178e5b8cf2de41ae4266643d35ac63b499d1fbf156bb,2021-06,Derbyshire Constabulary,Derbyshire Constabulary,-1.364978,52.968326,On or near Sports/Recreation Area,E01019703,Erewash 005C,Burglary,Status update unavailable,
2e8538d6fbbadd39fe9a7c11c04b8a108ec1a3983a9c47d8d5661580f3cdefad,2021-06,Derbyshire Constabulary,Derbyshire Constabulary,-1.364978,52.968326,On or near Sports/Recreation Area,E01019703,Erewash 005C,Criminal damage and arson,Local resolution,
293bbfcf13330e632d61b5142d5043e37eb8b9c27066e8212ff1e331073e56f6,2021-06,Derbyshire Constabulary,Derbyshire Constabulary,-1.364978,52.968326,On or near Sports/Recreation Area,E01019703,Erewash 005C,Criminal damage and arson,Investigation complete; no suspect identified,
636d71c13002b33d9336ba0d2cb0a3bafd70f028ea1a7302020a60a9dc69d727,2021-06,Derbyshire Constabulary,Derbyshire Constabulary,-1.359116,52.966011,On or near Hall Court,E01019703,Erewash 005C,Criminal damage and arson,Investigation complete; no suspect identified,
c8e1af82060b5e90d5168e24fb663389ec37b0518710b66b2632338328f54cd4,2021-06,Derbyshire Constabulary,Derbyshire Constabulary,-1.364978,52.968326,On or near Sports/Recreation Area,E01019703,Erewash 005C,Criminal damage and arson,Status update unavailable,
c43285636691ec70efb6546ae52c3143faaebfae594586bf9b750d2a45a29c1c,2021-06,Derbyshire Constabulary,Derbyshire Constabulary,-1.368978,52.971736,On or near Park/Open Space,E01019703,Erewash 005C,Other theft,Investigation complete; no suspect identified,
f9ed41775c170e948371db3d15474cf1f3bb9d784c5d3dd9bf89c4ba339abcf3,2021-06,Derbyshire Constabulary,Derbyshire Constabulary,-1.361887,52.971950,On or near Marlow Crescent,E01019703,Erewash 005C,Possession of weapons,Investigation complete; no suspect identified,
dab466132a033568f2d9d62e71c6e3458b3c2bb3047cbabc210259a55274d498,2021-06,Derbyshire Constabulary,Derbyshire Constabulary,-1.361887,52.971950,On or near Marlow Crescent,E01019703,Erewash 005C,Violence and sexual offences,Unable to prosecute suspect,
2c92c3553011dc2988283c2566cb87d9ffad25791b6d0ba0795fa56afa576d09,2021-06,Derbyshire Constabulary,Derbyshire Constabulary,-1.351859,52.945485,On or near Moor Lane,E01019704,Erewash 005D,Criminal damage and arson,Investigation complete; no suspect identified,
1581e84b8468682fdb5c844ab779c20750176e2bd58e4086b02924cd6b987840,2021-06,Derbyshire Constabulary,Derbyshire Constabulary,-1.351859,52.945485,On or near Moor Lane,E01019704,Erewash 005D,Other theft,Investigation complete; no suspect identified,
7e16f0c9dff75be0b3ca5983c76f47fb3006d52b3e13ae4838390af3414a59c0,2021-06,Derbyshire Constabulary,Derbyshire Constabulary,-1.395077,52.938998,On or near Park/Open Space,E01019704,Erewash 005D,Other theft,Investigation complete; no suspect identified,
7e32426c55adb23d4062fb752caa3bb475341716fb3f88d1c46328539f009fee,2021-06,Derbyshire Constabulary,Derbyshire Constabulary,-1.342939,52.943917,On or near Woodpecker Hill,E01019704,Erewash 005D,Public order,Unable to prosecute suspect,
a02c237d04253063c25ebbc12ba22f5faea0daaca7e892d9348217b8567b1658,2021-06,Derbyshire Constabulary,Derbyshire Constabulary,-1.342939,52.943917,On or near Woodpecker Hill,E01019704,Erewash 005D,Vehicle crime,Investigation complete; no suspect identified,
db7ba4bc42571e71b7f49b042aa95f07526b3a4ffce112ebf0e925d3c4b8b23b,2021-06,Derbyshire Constabulary,Derbyshire Constabulary,-1.342939,52.943917,On or near Woodpecker Hill,E01019704,Erewash 005D,Vehicle crime,Investigation complete; no suspect identified,
d5249042260ac5fe41c84f33fc6ef7d9cb506446cfe0cf76beb50e28faa8a959,2021-06,Derbyshire Constabulary,Derbyshire Constabulary,-1.341089,52.974578,On or near Lewcote Lane,E01019704,Erewash 005D,Violence and sexual offences,Unable to prosecute suspect,
dc5f14c2f7b4920901346500899c45a2901c5741b05fec19becf97dcbb030284,2021-06,Derbyshire Constabulary,Derbyshire Constabulary,-1.354879,52.972577,On or near Derbyshire Close,E01019704,Erewash 005D,Violence and sexual offences,Formal action is not in the public interest,
a5ac4adec983e7c050fdfd009bcb95c89a8f54e16acae11ff7a76f8c70aa78be,2021-06,Derbyshire Constabulary,Derbyshire Constabulary,-1.326361,52.969767,On or near Park/Open Space,E01019704,Erewash 005D,Violence and sexual offences,Investigation complete; no suspect identified,
,2021-06,Derbyshire Constabulary,Derbyshire Constabulary,-1.300198,52.957813,On or near Nelper Crescent,E01019658,Erewash 006A,Anti-social behaviour,,
,2021-06,Derbyshire Constabulary,Derbyshire Constabulary,-1.290728,52.959807,On or near Ilkeston Road,E01019658,Erewash 006A,Anti-social behaviour,,
,2021-06,Derbyshire Constabulary,Derbyshire Constabulary,-1.295660,52.958631,On or near Devon Street,E01019658,Erewash 006A,Anti-social behaviour,,
f3742da704d92f0fbf7bb17a6ba9ea2c1a632b94cf42adbff556cd7b407fca27,2021-06,Derbyshire Constabulary,Derbyshire Constabulary,-1.292156,52.952597,On or near Hallam Fields Road,E01019658,Erewash 006A,Drugs,Offender given a drugs possession warning,
3337ae8fb4b1260ca7ce196fbe41d294e0f210076a9b94644c1f9fb91f26d52b,2021-06,Derbyshire Constabulary,Derbyshire Constabulary,-1.296148,52.956036,On or near Noskwith Street,E01019658,Erewash 006A,Public order,Unable to prosecute suspect,
6e43bbfd2c0e9cdb0eb8797d0d6d71875545010fd4a5dca050dc77c8a558e23d,2021-06,Derbyshire Constabulary,Derbyshire Constabulary,-1.290728,52.959807,On or near Ilkeston Road,E01019658,Erewash 006A,Public order,Unable to prosecute suspect,
164e2c3d55f6074ea27f83096760e11741bdbd32eeaaaae2e37aa06353330878,2021-06,Derbyshire Constabulary,Derbyshire Constabulary,-1.302488,52.951525,On or near Griffon Road,E01019658,Erewash 006A,Public order,Unable to prosecute suspect,
ae8f9d835e97760732ce39e59af60997ba2f6146eac8a51ca50486fbb4955282,2021-06,Derbyshire Constabulary,Derbyshire Constabulary,-1.290728,52.959807,On or near Ilkeston Road,E01019658,Erewash 006A,Public order,Investigation complete; no suspect identified,
6f93dadee966ae1c9d5fec3f6acc40b29999321c39cc863861984b875dd063f6,2021-06,Derbyshire Constabulary,Derbyshire Constabulary,-1.293626,52.950969,On or near Crompton Road,E01019658,Erewash 006A,Vehicle crime,Investigation complete; no suspect identified,
2f3464f2785c060ca24a405ce3a1261f6bbdbdd5d66fdef4b2e202b04c3bb272,2021-06,Derbyshire Constabulary,Derbyshire Constabulary,-1.292156,52.952597,On or near Hallam Fields Road,E01019658,Erewash 006A,Vehicle crime,Investigation complete; no suspect identified,
d5f5d186686e95d7550d1cb7cb7e06150eee74a7679a0b57dd18460443a00ccd,2021-06,Derbyshire Constabulary,Derbyshire Constabulary,-1.292156,52.952597,On or near Hallam Fields Road,E01019658,Erewash 006A,Vehicle crime,Investigation complete; no suspect identified,
cf8b0c1d48bf502d94b908fbb6826236a8c07facec131ebc42e92f098b625351,2021-06,Derbyshire Constabulary,Derbyshire Constabulary,-1.296148,52.956036,On or near Noskwith Street,E01019658,Erewash 006A,Violence and sexual offences,Unable to prosecute suspect,
c761e5c93f725366bd353c4148ba0da072afd93672537b9adf86a0cd963d2c6b,2021-06,Derbyshire Constabulary,Derbyshire Constabulary,-1.296148,52.956036,On or near Noskwith Street,E01019658,Erewash 006A,Violence and sexual offences,Unable to prosecute suspect,
f95610e9669e6cc008eb784329af72425f150dd90a190f1fc3240c40dddb9951,2021-06,Derbyshire Constabulary,Derbyshire Constabulary,-1.296148,52.956036,On or near Noskwith Street,E01019658,Erewash 006A,Violence and sexual offences,Unable to prosecute suspect,
83d6c677d3fed3839844264d67a1a269605b128b33746c807e395243c1ded87f,2021-06,Derbyshire Constabulary,Derbyshire Constabulary,-1.296530,52.957288,On or near Corporation Road,E01019658,Erewash 006A,Violence and sexual offences,Status update unavailable,
79fa8e7a053eb871769cc0cc115843ca4960c7cd4e277beb56e7d1f69ee7205d,2021-06,Derbyshire Constabulary,Derbyshire Constabulary,-1.290728,52.959807,On or near Ilkeston Road,E01019658,Erewash 006A,Violence and sexual offences,Unable to prosecute suspect,
fa363b3a35ba4b0de4b1da9a0101e52ccfe966a5216a9f81fd64bfb811089f4d,2021-06,Derbyshire Constabulary,Derbyshire Constabulary,-1.292685,52.957580,On or near Sports/Recreation Area,E01019658,Erewash 006A,Violence and sexual offences,Local resolution,
f8164dc8ca47b82f36772285718901b3776f01d839e654e0300eb3fe5b8b8ca9,2021-06,Derbyshire Constabulary,Derbyshire Constabulary,-1.296232,52.953637,On or near Somerleyton Drive,E01019658,Erewash 006A,Violence and sexual offences,Unable to prosecute suspect,
,2021-06,Derbyshire Constabulary,Derbyshire Constabulary,-1.307774,52.956060,On or near Quarry Hill Road,E01019659,Erewash 006B,Anti-social behaviour,,
,2021-06,Derbyshire Constabulary,Derbyshire Constabulary,-1.307774,52.956060,On or near Quarry Hill Road,E01019659,Erewash 006B,Anti-social behaviour,,
3e98daf061689fd6ae67599d27c5bbb2a59b4bd3f567c627c49d987ae88867b0,2021-06,Derbyshire Constabulary,Derbyshire Constabulary,-1.307774,52.956060,On or near Quarry Hill Road,E01019659,Erewash 006B,Burglary,Investigation complete; no suspect identified,
3a7f00882d15459560c4c7a83e0e986e0a118df9b3bd89ded517fb0953b7a423,2021-06,Derbyshire Constabulary,Derbyshire Constabulary,-1.302494,52.954860,On or near Malthouse Road,E01019659,Erewash 006B,Criminal damage and arson,Investigation complete; no suspect identified,
a84ef260d382c896d8df5e2906f341eb4b961bd6bc3aef4af07e5766b0a2af97,2021-06,Derbyshire Constabulary,Derbyshire Constabulary,-1.313866,52.959574,On or near Ladywood Road,E01019659,Erewash 006B,Drugs,Status update unavailable,
8596ebdc3c1926a98070edd11ecc1cbafc45e6f55e0e2d74fe4faa29fde13876,2021-06,Derbyshire Constabulary,Derbyshire Constabulary,-1.304243,52.959967,On or near Hermitage Walk,E01019659,Erewash 006B,Other theft,Investigation complete; no suspect identified,
bcff6b48efb0f7b9f9a2715d2ed0d82570c74dad0ade45c7764f5eb9f56cc63e,2021-06,Derbyshire Constabulary,Derbyshire Constabulary,-1.302447,52.956811,On or near Longfield Lane,E01019659,Erewash 006B,Vehicle crime,Investigation complete; no suspect identified,
ed17df70610d724b76938226436df6e5030a4977d24d767675e1f2fa8cbb3d12,2021-06,Derbyshire Constabulary,Derbyshire Constabulary,-1.305857,52.959572,On or near Birdcroft Lane,E01019659,Erewash 006B,Violence and sexual offences,Unable to prosecute suspect,
b131a50956d31bd214122b224a764607166a9c0002260f5e54eba2768201c33a,2021-06,Derbyshire Constabulary,Derbyshire Constabulary,-1.302494,52.954860,On or near Malthouse Road,E01019659,Erewash 006B,Violence and sexual offences,Status update unavailable,
cc41bb39fc8417c860acf722d9fbae9941b9db25cb2fa18e99bc885b09b9366c,2021-06,Derbyshire Constabulary,Derbyshire Constabulary,-1.307774,52.956060,On or near Quarry Hill Road,E01019659,Erewash 006B,Violence and sexual offences,Unable to prosecute suspect,
76e7ebad25c2697643b7302774e48614f490e4afb40cf5ace67602cfb5c73d22,2021-06,Derbyshire Constabulary,Derbyshire Constabulary,-1.305857,52.959572,On or near Birdcroft Lane,E01019659,Erewash 006B,Violence and sexual offences,Unable to prosecute suspect,
1f656073e362ff82c014d755113eb8a99e1b10bb3d0ca1ccc517e4f7c577bd47,2021-06,Derbyshire Constabulary,Derbyshire Constabulary,-1.307774,52.956060,On or near Quarry Hill Road,E01019659,Erewash 006B,Other crime,Unable to prosecute suspect,
,2021-06,Derbyshire Constabulary,Derbyshire Constabulary,-1.308391,52.962140,On or near Appleby Close,E01019674,Erewash 006C,Anti-social behaviour,,
,2021-06,Derbyshire Constabulary,Derbyshire Constabulary,-1.308771,52.966304,On or near Belper Street,E01019674,Erewash 006C,Anti-social behaviour,,
0830ccfc2188e46e33496bc33a66115880a864880709cecbc8a4c685797ff6d7,2021-06,Derbyshire Constabulary,Derbyshire Constabulary,-1.308529,52.965620,On or near Union Road,E01019674,Erewash 006C,Criminal damage and arson,Investigation complete; no suspect identified,
,2021-06,Derbyshire Constabulary,Derbyshire Constabulary,-1.292743,52.964026,On or near Powtrell Place,E01019688,Erewash 006D,Anti-social behaviour,,
,2021-06,Derbyshire Constabulary,Derbyshire Constabulary,-1.296353,52.962708,On or near Shaw Street East,E01019688,Erewash 006D,Anti-social behaviour,,
,2021-06,Derbyshire Constabulary,Derbyshire Constabulary,-1.296353,52.962708,On or near Shaw Street East,E01019688,Erewash 006D,Anti-social behaviour,,
,2021-06,Derbyshire Constabulary,Derbyshire Constabulary,-1.292743,52.964026,On or near Powtrell Place,E01019688,Erewash 006D,Anti-social behaviour,,
,2021-06,Derbyshire Constabulary,Derbyshire Constabulary,-1.297947,52.962636,On or near Shaw Street West,E01019688,Erewash 006D,Anti-social behaviour,,
,2021-06,Derbyshire Constabulary,Derbyshire Constabulary,-1.297947,52.962636,On or near Shaw Street West,E01019688,Erewash 006D,Anti-social behaviour,,
,2021-06,Derbyshire Constabulary,Derbyshire Constabulary,-1.295592,52.961876,On or near Roberts Street,E01019688,Erewash 006D,Anti-social behaviour,,
,2021-06,Derbyshire Constabulary,Derbyshire Constabulary,-1.293983,52.964680,On or near Sycamore Drive,E01019688,Erewash 006D,Anti-social behaviour,,
,2021-06,Derbyshire Constabulary,Derbyshire Constabulary,-1.296353,52.962708,On or near Shaw Street East,E01019688,Erewash 006D,Anti-social behaviour,,
,2021-06,Derbyshire Constabulary,Derbyshire Constabulary,-1.292743,52.964026,On or near Powtrell Place,E01019688,Erewash 006D,Anti-social behaviour,,
430e96afc16b691e942ffc123153a70e5e6cecf624758ec05d867c91658113c2,2021-06,Derbyshire Constabulary,Derbyshire Constabulary,-1.293983,52.964680,On or near Sycamore Drive,E01019688,Erewash 006D,Criminal damage and arson,Unable to prosecute suspect,
d7b4d69ce7d06554a15e6c29675011e4fecb70fa2125f0ba224d13028a0e40ad,2021-06,Derbyshire Constabulary,Derbyshire Constabulary,-1.297401,52.962309,On or near French Street,E01019688,Erewash 006D,Criminal damage and arson,Unable to prosecute suspect,
0996f6b140a1fcbdc1ab1f88651a852bfd19386d0a9cbfbea79663f895714b84,2021-06,Derbyshire Constabulary,Derbyshire Constabulary,-1.296353,52.962708,On or near Shaw Street East,E01019688,Erewash 006D,Criminal damage and arson,Status update unavailable,
621513a693861554bc62dc3c4da397f9e0d364cc6d5a2e14283491c562576062,2021-06,Derbyshire Constabulary,Derbyshire Constabulary,-1.297401,52.962309,On or near French Street,E01019688,Erewash 006D,Criminal damage and arson,Investigation complete; no suspect identified,
16d53a75261db6b26fac16a420b43167fd9757a8d132d7a22e8c22c45ff8d3c5,2021-06,Derbyshire Constabulary,Derbyshire Constabulary,-1.292743,52.964026,On or near Powtrell Place,E01019688,Erewash 006D,Public order,Local resolution,
b73b7c7aa0ad7ed53bd99b0d652f028933b9956fb5119da38aa78f20ab9665d5,2021-06,Derbyshire Constabulary,Derbyshire Constabulary,-1.297917,52.963553,On or near Ashdale Road,E01019688,Erewash 006D,Public order,Unable to prosecute suspect,
35039cd242f45952e66123974e615849731d415c69c01cbd277e696b8038c05a,2021-06,Derbyshire Constabulary,Derbyshire Constabulary,-1.295592,52.961876,On or near Roberts Street,E01019688,Erewash 006D,Public order,Unable to prosecute suspect,
4ce3d84fc54d7ce9969de286188740a128f09d626e82e4638f688d3d78622351,2021-06,Derbyshire Constabulary,Derbyshire Constabulary,-1.292743,52.964026,On or near Powtrell Place,E01019688,Erewash 006D,Public order,Unable to prosecute suspect,
aea03b1fd9037d85e8e0f84f3a9ad6203c177c18ee1446a41c8493a6575be332,2021-06,Derbyshire Constabulary,Derbyshire Constabulary,-1.296353,52.962708,On or near Shaw Street East,E01019688,Erewash 006D,Public order,Unable to prosecute suspect,
8b0af640439d6e799afc5a3be9fb3fe755e1fe55f9c74e629bbce5d34da7163d,2021-06,Derbyshire Constabulary,Derbyshire Constabulary,-1.297947,52.962636,On or near Shaw Street West,E01019688,Erewash 006D,Public order,Unable to prosecute suspect,
ae030bad9e2894127a952b8a7e37d802f55f28d95cb5c7481390659783c74abf,2021-06,Derbyshire Constabulary,Derbyshire Constabulary,-1.297917,52.963553,On or near Ashdale Road,E01019688,Erewash 006D,Violence and sexual offences,Status update unavailable,
08351779f976b7f5f69632083a0acbe1045bd564c36588e5f1d0395a73f78645,2021-06,Derbyshire Constabulary,Derbyshire Constabulary,-1.297947,52.962636,On or near Shaw Street West,E01019688,Erewash 006D,Violence and sexual offences,Status update unavailable,
c3a4406562b1b1983ba253344766c133f3c3c10ac4a3158a35f1ab85295d018e,2021-06,Derbyshire Constabulary,Derbyshire Constabulary,-1.295592,52.961876,On or near Roberts Street,E01019688,Erewash 006D,Violence and sexual offences,Status update unavailable,
d60d6ea5267ff23db903f2bf1e86d713096ee5d8a5c49250c6ef66efdf8bb0e8,2021-06,Derbyshire Constabulary,Derbyshire Constabulary,-1.295592,52.961876,On or near Roberts Street,E01019688,Erewash 006D,Violence and sexual offences,Status update unavailable,
0b4d155ed1fcd02acf43f2ff217fd199a7a376c98be956b48f88caa48c5e9e96,2021-06,Derbyshire Constabulary,Derbyshire Constabulary,-1.295592,52.961876,On or near Roberts Street,E01019688,Erewash 006D,Violence and sexual offences,Status update unavailable,
b509219a472c9f63effe712485be920392b62c449423eb8a7f0f56de362c93d7,2021-06,Derbyshire Constabulary,Derbyshire Constabulary,-1.318918,52.957311,On or near Balmoral Road,E01019666,Erewash 007A,Criminal damage and arson,Offender given a caution,
094094f1828a94d153b891378f51dfd01cf797761477eb3fcfad25999f2bd7f0,2021-06,Derbyshire Constabulary,Derbyshire Constabulary,-1.323217,52.956571,On or near Henshaw Avenue,E01019666,Erewash 007A,Criminal damage and arson,Local resolution,
1dd725caa53d7562c49691bf04298f7c92f22cd6a08fd3bb2bb86d2905a8a7ad,2021-06,Derbyshire Constabulary,Derbyshire Constabulary,-1.318833,52.955126,On or near Goodwood Crescent,E01019666,Erewash 007A,Other theft,Investigation complete; no suspect identified,
5d7052d565662a7413c7963b029fd3105afc189b2d52e8dcc91fdd2ec2e903d9,2021-06,Derbyshire Constabulary,Derbyshire Constabulary,-1.316218,52.954850,On or near Windsor Crescent,E01019666,Erewash 007A,Violence and sexual offences,Unable to prosecute suspect,
5a2ecbb0e281129a7c94235de6c120aab9eaae65acbf0d98607ed54e138c5fa0,2021-06,Derbyshire Constabulary,Derbyshire Constabulary,-1.319476,52.956846,On or near Sandringham Place,E01019666,Erewash 007A,Violence and sexual offences,Status update unavailable,
5a2ecbb0e281129a7c94235de6c120aab9eaae65acbf0d98607ed54e138c5fa0,2021-06,Derbyshire Constabulary,Derbyshire Constabulary,-1.316218,52.954850,On or near Windsor Crescent,E01019666,Erewash 007A,Violence and sexual offences,Unable to prosecute suspect,
85b2305029690dc802f1a7cb3e5339a7b3c092e6e1ad8e80ad583aa29e54e32c,2021-06,Derbyshire Constabulary,Derbyshire Constabulary,-1.318653,52.954298,On or near Dallimore Road,E01019666,Erewash 007A,Other crime,Unable to prosecute suspect,
,2021-06,Derbyshire Constabulary,Derbyshire Constabulary,-1.322594,52.958356,On or near Goole Avenue,E01019667,Erewash 007B,Anti-social behaviour,,
,2021-06,Derbyshire Constabulary,Derbyshire Constabulary,-1.322594,52.958356,On or near Goole Avenue,E01019667,Erewash 007B,Anti-social behaviour,,
095fc0d17addc0df7f14b1a8ce13a718adce01e2db7a9880e508d7676589b7ae,2021-06,Derbyshire Constabulary,Derbyshire Constabulary,-1.329220,52.957261,On or near Queen Elizabeth Way,E01019667,Erewash 007B,Criminal damage and arson,Status update unavailable,
e3abfc60eb8d25ee4a70c277f286ccb90260b1244a482217803b3ff0401bddfb,2021-06,Derbyshire Constabulary,Derbyshire Constabulary,-1.329220,52.957261,On or near Queen Elizabeth Way,E01019667,Erewash 007B,Criminal damage and arson,Status update unavailable,
742e916f51aa8ee5b201751f1d669ac330489923767bc07cf7e847a1e9f6f4ec,2021-06,Derbyshire Constabulary,Derbyshire Constabulary,-1.330022,52.958327,On or near Ladywood Road,E01019667,Erewash 007B,Other theft,Investigation complete; no suspect identified,
d47b1224921df4be564ca430ce2adab59784db1d3856c53d26b2cf89d09b8d82,2021-06,Derbyshire Constabulary,Derbyshire Constabulary,-1.329114,52.958321,On or near St Norbert Drive,E01019667,Erewash 007B,Public order,Local resolution,
ce3af9ac88d0827b16a230df9d157980a2c2e94a4839eb518c3934651beb27fe,2021-06,Derbyshire Constabulary,Derbyshire Constabulary,-1.329114,52.958321,On or near St Norbert Drive,E01019667,Erewash 007B,Public order,Status update unavailable,
6bacfe2cc0f5f8fbde7a1e5d8c5f4286bdf3bbfe62331cd5c816a8e18e1541ea,2021-06,Derbyshire Constabulary,Derbyshire Constabulary,-1.329114,52.958321,On or near St Norbert Drive,E01019667,Erewash 007B,Violence and sexual offences,Local resolution,
ecc615e929b95ecb72a836ff7459cc0c5a77a0efb654cd0bc6efc781c578e1ef,2021-06,Derbyshire Constabulary,Derbyshire Constabulary,-1.329220,52.957261,On or near Queen Elizabeth Way,E01019667,Erewash 007B,Violence and sexual offences,Unable to prosecute suspect,
b3f52ee8a06549cf539056f029041828e59bfc527e9b40ab34fbdf308e404fb9,2021-06,Derbyshire Constabulary,Derbyshire Constabulary,-1.326315,52.953595,On or near Wirksworth Road,E01019667,Erewash 007B,Violence and sexual offences,Unable to prosecute suspect,
e9b46f59d953646f8dc53c6c8e21cf914d42fa7bc3e8a493c3c0dd5047f478ec,2021-06,Derbyshire Constabulary,Derbyshire Constabulary,-1.329220,52.957261,On or near Queen Elizabeth Way,E01019667,Erewash 007B,Violence and sexual offences,Status update unavailable,
99740bbac25b56f05e46fe79ee2d7758f04e3414d3b9eaf032c02d516371ffed,2021-06,Derbyshire Constabulary,Derbyshire Constabulary,-1.329220,52.957261,On or near Queen Elizabeth Way,E01019667,Erewash 007B,Violence and sexual offences,Status update unavailable,
46601505ab773b44024ea4c65bb1e2890f1f19cdc2f4760b4a044d2d9a55361d,2021-06,Derbyshire Constabulary,Derbyshire Constabulary,-1.322119,52.957293,On or near Kenilworth Drive,E01019667,Erewash 007B,Violence and sexual offences,Unable to prosecute suspect,
677145dac5011eeb9cad687500963a021d61ac66c0c654cf5fe5765c611bd09a,2021-06,Derbyshire Constabulary,Derbyshire Constabulary,-1.322594,52.958356,On or near Goole Avenue,E01019667,Erewash 007B,Violence and sexual offences,Unable to prosecute suspect,
cf7c235390c25953562790bc054d94656d215c755dbe875cd5843b5178673028,2021-06,Derbyshire Constabulary,Derbyshire Constabulary,-1.326315,52.953595,On or near Wirksworth Road,E01019667,Erewash 007B,Violence and sexual offences,Unable to prosecute suspect,
,2021-06,Derbyshire Constabulary,Derbyshire Constabulary,-1.325459,52.961744,On or near Lock Close,E01019668,Erewash 007C,Anti-social behaviour,,
,2021-06,Derbyshire Constabulary,Derbyshire Constabulary,-1.314713,52.958734,On or near Valley Road,E01019668,Erewash 007C,Anti-social behaviour,,
bfe8e822ed4bf61352b105c1d233470c1701d89b4938ce10d26edc4ef5b9331c,2021-06,Derbyshire Constabulary,Derbyshire Constabulary,-1.322251,52.961258,On or near Cherry Tree Close,E01019668,Erewash 007C,Possession of weapons,Status update unavailable,
ce3af9ac88d0827b16a230df9d157980a2c2e94a4839eb518c3934651beb27fe,2021-06,Derbyshire Constabulary,Derbyshire Constabulary,-1.324338,52.960101,On or near Oliver Road,E01019668,Erewash 007C,Public order,Local resolution,
17b35f16ecc7e65f46ddf0d9aa698e5b9a7a13243e7f6a0754b73f1952bd8cbc,2021-06,Derbyshire Constabulary,Derbyshire Constabulary,-1.322251,52.961258,On or near Cherry Tree Close,E01019668,Erewash 007C,Vehicle crime,Investigation complete; no suspect identified,
48172b89a5aae30962bba29b0c54ff0de621b25f6b8044e3e47aea47c1dd2272,2021-06,Derbyshire Constabulary,Derbyshire Constabulary,-1.319516,52.960002,On or near Belvoir Close,E01019668,Erewash 007C,Violence and sexual offences,Unable to prosecute suspect,
6ac91e3a318424e56ddd274606284a6fe6e8756eae795aa9a005f31e8c1f0764,2021-06,Derbyshire Constabulary,Derbyshire Constabulary,-1.319516,52.960002,On or near Belvoir Close,E01019668,Erewash 007C,Violence and sexual offences,Formal action is not in the public interest,
8e84fbb7ac53e95d367ba0dd41a5f7d267201b801f5a9c18f95c80a8df93a534,2021-06,Derbyshire Constabulary,Derbyshire Constabulary,-1.323095,52.962494,On or near Park/Open Space,E01019668,Erewash 007C,Violence and sexual offences,Local resolution,
5b29119540e04bbc04e376d1cf428cf65d7b807376f74eb64985521b2be3bd3f,2021-06,Derbyshire Constabulary,Derbyshire Constabulary,-1.322251,52.961258,On or near Cherry Tree Close,E01019668,Erewash 007C,Violence and sexual offences,Unable to prosecute suspect,
96d264d79cb4ee98dc2be6aae9036ba00da83adb3e697b5d01a2e2f8bea8d371,2021-06,Derbyshire Constabulary,Derbyshire Constabulary,-1.322251,52.961258,On or near Cherry Tree Close,E01019668,Erewash 007C,Violence and sexual offences,Status update unavailable,
2f107a61e46ffc6a166b20cd3c6665e481571cd8469af6f639f3baeb226c38c8,2021-06,Derbyshire Constabulary,Derbyshire Constabulary,-1.322251,52.961258,On or near Cherry Tree Close,E01019668,Erewash 007C,Violence and sexual offences,Unable to prosecute suspect,
da51c7f23be224da4394b22b41d7f66231850dd14d1d2a08b808a21bbe385dea,2021-06,Derbyshire Constabulary,Derbyshire Constabulary,-1.326112,52.958979,On or near Petrol Station,E01019669,Erewash 007D,Other theft,Unable to prosecute suspect,
20afafbc4875438adcdce93be16de7adce66539a010f0f4daba9a38e9e0c1d6b,2021-06,Derbyshire Constabulary,Derbyshire Constabulary,-1.326112,52.958979,On or near Petrol Station,E01019669,Erewash 007D,Other theft,Investigation complete; no suspect identified,
16e9dc15f68d259a8ed64258f61880e276403c0ef440ec5345f5fbcb287f4df4,2021-06,Derbyshire Constabulary,Derbyshire Constabulary,-1.326112,52.958979,On or near Petrol Station,E01019669,Erewash 007D,Other theft,Investigation complete; no suspect identified,
5b7b51b45c6c0c9ae53298a47395e2204e3640eeb162d7e3bcc948131a0c5231,2021-06,Derbyshire Constabulary,Derbyshire Constabulary,-1.329677,52.963359,On or near Abbot Road,E01019669,Erewash 007D,Public order,Unable to prosecute suspect,
b8a9b2721b010ece1d99cd8f4557d86d5914db6094c2ad2a0f76df94cc52320d,2021-06,Derbyshire Constabulary,Derbyshire Constabulary,-1.326112,52.958979,On or near Petrol Station,E01019669,Erewash 007D,Shoplifting,Investigation complete; no suspect identified,
438c2e4f676511afab4ee80094fe426b464ff311fe55887abd71b6d56e47c06e,2021-06,Derbyshire Constabulary,Derbyshire Constabulary,-1.325356,52.960700,On or near Earlham Close,E01019669,Erewash 007D,Violence and sexual offences,Unable to prosecute suspect,
7065068fc6fbbd4a800ec87d9681645c3da26edb49872f59551170bfc36a1c38,2021-06,Derbyshire Constabulary,Derbyshire Constabulary,-1.325356,52.960700,On or near Earlham Close,E01019669,Erewash 007D,Violence and sexual offences,Awaiting court outcome,
8b671489d5a5413b954e9b1ba740d416192d833e3f70870373bb36006224fd23,2021-06,Derbyshire Constabulary,Derbyshire Constabulary,-1.325356,52.960700,On or near Earlham Close,E01019669,Erewash 007D,Violence and sexual offences,Local resolution,
69fb38fdaf0de240175839e8a974c2b78b1f77158bf9c5e0cc7cba40b8023c12,2021-06,Derbyshire Constabulary,Derbyshire Constabulary,-1.325356,52.960700,On or near Earlham Close,E01019669,Erewash 007D,Violence and sexual offences,Local resolution,
d28002a1fbda931a15b506dbbb85afd1577e1bfb92d50899c454858de32d66b4,2021-06,Derbyshire Constabulary,Derbyshire Constabulary,-1.332674,52.957245,On or near Hillary Place,E01019669,Erewash 007D,Violence and sexual offences,Status update unavailable,
ffc0e95984d9120ac9436cbae44974ce06339d56b7c6fa5c08b4726f3feb230f,2021-06,Derbyshire Constabulary,Derbyshire Constabulary,-1.325356,52.960700,On or near Earlham Close,E01019669,Erewash 007D,Violence and sexual offences,Local resolution,
,2021-06,Derbyshire Constabulary,Derbyshire Constabulary,-1.309054,52.938304,On or near Church Lane,E01019656,Erewash 008A,Anti-social behaviour,,
,2021-06,Derbyshire Constabulary,Derbyshire Constabulary,-1.309054,52.938304,On or near Church Lane,E01019656,Erewash 008A,Anti-social behaviour,,
,2021-06,Derbyshire Constabulary,Derbyshire Constabulary,-1.319879,52.914077,On or near Breaston Lane,E01019656,Erewash 008A,Anti-social behaviour,,
723854708c2a5f9fd2dce5fa10e36785f2bca45940b63e74f1dcf981227c8504,2021-06,Derbyshire Constabulary,Derbyshire Constabulary,-1.307188,52.920063,On or near Sports/Recreation Area,E01019656,Erewash 008A,Criminal damage and arson,Investigation complete; no suspect identified,
3c3630997d20e844643296daa30fd8653641e41e404dbae4e41fa6201483f056,2021-06,Derbyshire Constabulary,Derbyshire Constabulary,-1.307188,52.920063,On or near Sports/Recreation Area,E01019656,Erewash 008A,Criminal damage and arson,Investigation complete; no suspect identified,
8f7ce2897d9f40a4aa8b640bafa6377e44713cf1f36bfe137ed649ba23781c0c,2021-06,Derbyshire Constabulary,Derbyshire Constabulary,-1.309054,52.938304,On or near Church Lane,E01019656,Erewash 008A,Criminal damage and arson,Investigation complete; no suspect identified,
3a183dbe27dd2e2da35a5f623a95114bd912e9e27e20616b8cd5d401961a31dc,2021-06,Derbyshire Constabulary,Derbyshire Constabulary,-1.309054,52.938304,On or near Church Lane,E01019656,Erewash 008A,Other theft,Investigation complete; no suspect identified,
02fed89b5efe7bfb8e702ba8612561af45dcb7b06b1def924f1bce1ceb0a2d82,2021-06,Derbyshire Constabulary,Derbyshire Constabulary,-1.319879,52.914077,On or near Breaston Lane,E01019656,Erewash 008A,Public order,Unable to prosecute suspect,
fb8b284a0fdd0ccc0f89f7600fed6d25eaaf579ad7735cfe833846f19e005db3,2021-06,Derbyshire Constabulary,Derbyshire Constabulary,-1.309054,52.938304,On or near Church Lane,E01019656,Erewash 008A,Public order,Investigation complete; no suspect identified,
f5a1214808a0877b016fe702ec2bc010ff986bae4b7e895e462f3c79c744a651,2021-06,Derbyshire Constabulary,Derbyshire Constabulary,-1.319879,52.914077,On or near Breaston Lane,E01019656,Erewash 008A,Violence and sexual offences,Investigation complete; no suspect identified,
e775add9f71c782df17754165f36b3ba58ccb1a085615018d7eb2bc3533659e9,2021-06,Derbyshire Constabulary,Derbyshire Constabulary,-1.319879,52.914077,On or near Breaston Lane,E01019656,Erewash 008A,Violence and sexual offences,Investigation complete; no suspect identified,
,2021-06,Derbyshire Constabulary,Derbyshire Constabulary,-1.288373,52.930945,On or near Church Drive,E01019691,Erewash 008B,Anti-social behaviour,,
,2021-06,Derbyshire Constabulary,Derbyshire Constabulary,-1.288373,52.930945,On or near Church Drive,E01019691,Erewash 008B,Anti-social behaviour,,
,2021-06,Derbyshire Constabulary,Derbyshire Constabulary,-1.288373,52.930945,On or near Church Drive,E01019691,Erewash 008B,Anti-social behaviour,,
,2021-06,Derbyshire Constabulary,Derbyshire Constabulary,-1.288373,52.930945,On or near Church Drive,E01019691,Erewash 008B,Anti-social behaviour,,
,2021-06,Derbyshire Constabulary,Derbyshire Constabulary,-1.288373,52.930945,On or near Church Drive,E01019691,Erewash 008B,Anti-social behaviour,,
c9d68e759aa9ff495720c05ffd5233f519f29b6b3239ae41b150d9e56ac23ee4,2021-06,Derbyshire Constabulary,Derbyshire Constabulary,-1.288373,52.930945,On or near Church Drive,E01019691,Erewash 008B,Criminal damage and arson,Local resolution,
af68aec39bcd5cc0f3598207b784e280a0ba0ca477b9ae3b9d79b04d937a60be,2021-06,Derbyshire Constabulary,Derbyshire Constabulary,-1.294338,52.928221,On or near Sudbury Avenue,E01019691,Erewash 008B,Public order,Unable to prosecute suspect,
661145827de453e9e589de1eb4c334774cf2d73685a643c4af8025fbce5bad9f,2021-06,Derbyshire Constabulary,Derbyshire Constabulary,-1.294338,52.928221,On or near Sudbury Avenue,E01019691,Erewash 008B,Violence and sexual offences,Unable to prosecute suspect,
ea2868e0eeea8c54c01e57848f000855058eb35420fe13e49b09bc6874b20e34,2021-06,Derbyshire Constabulary,Derbyshire Constabulary,-1.296472,52.929681,On or near Sycamore Crescent,E01019691,Erewash 008B,Violence and sexual offences,Unable to prosecute suspect,
,2021-06,Derbyshire Constabulary,Derbyshire Constabulary,-1.295739,52.925335,On or near Hillside Grove,E01019692,Erewash 008C,Anti-social behaviour,,
,2021-06,Derbyshire Constabulary,Derbyshire Constabulary,-1.286134,52.928694,On or near Lenton Street,E01019692,Erewash 008C,Anti-social behaviour,,
,2021-06,Derbyshire Constabulary,Derbyshire Constabulary,-1.291969,52.925744,On or near Sports/Recreation Area,E01019692,Erewash 008C,Anti-social behaviour,,
,2021-06,Derbyshire Constabulary,Derbyshire Constabulary,-1.295203,52.924442,On or near West Avenue,E01019692,Erewash 008C,Anti-social behaviour,,
,2021-06,Derbyshire Constabulary,Derbyshire Constabulary,-1.292091,52.924666,On or near Doncaster Avenue,E01019692,Erewash 008C,Anti-social behaviour,,
1d9fdcdfdf9f977063f688a027b34a90052938e0ca5a9bb3af82b62623d31688,2021-06,Derbyshire Constabulary,Derbyshire Constabulary,-1.293170,52.925077,On or near The Greenway,E01019692,Erewash 008C,Criminal damage and arson,Unable to prosecute suspect,
07f39435d222ae065c03b54f7442ff46e4338e32c3639f4a94bb2b29bdd9aebf,2021-06,Derbyshire Constabulary,Derbyshire Constabulary,-1.293170,52.925077,On or near The Greenway,E01019692,Erewash 008C,Criminal damage and arson,Investigation complete; no suspect identified,
c31f79cb9e32300c938659185aae0a581a2cb0e9b0d20f66f1bd68ce12a396bd,2021-06,Derbyshire Constabulary,Derbyshire Constabulary,-1.293170,52.925077,On or near The Greenway,E01019692,Erewash 008C,Criminal damage and arson,Unable to prosecute suspect,
7adceb1cc10335776a442ad05894d668abc8c63995c2ebd1defe3060c9728ea9,2021-06,Derbyshire Constabulary,Derbyshire Constabulary,-1.293170,52.925077,On or near The Greenway,E01019692,Erewash 008C,Other theft,Investigation complete; no suspect identified,
fe5ecf775c2c315e8221a41c1c5dbdecc92a8369073a7688ded136d40fb3ab64,2021-06,Derbyshire Constabulary,Derbyshire Constabulary,-1.298700,52.928022,On or near Norbury Way,E01019692,Erewash 008C,Other theft,Investigation complete; no suspect identified,
df74cb1ff5bf5cb447c790d88373a20df1f1c25f843c0b6804b6b443029008c4,2021-06,Derbyshire Constabulary,Derbyshire Constabulary,-1.290087,52.927126,On or near Kings Road,E01019692,Erewash 008C,Violence and sexual offences,Unable to prosecute suspect,
d14dbc2c44eb75d39ca8a5c43a1fa71598f2b3d6e8824a28e6da0c29c58b6358,2021-06,Derbyshire Constabulary,Derbyshire Constabulary,-1.292091,52.924666,On or near Doncaster Avenue,E01019692,Erewash 008C,Violence and sexual offences,Investigation complete; no suspect identified,
a5a330a2ea32a7e453f71dacb44d14decc91e56b634e9644dbd0d3c52cb7779d,2021-06,Derbyshire Constabulary,Derbyshire Constabulary,-1.298700,52.928022,On or near Norbury Way,E01019692,Erewash 008C,Violence and sexual offences,Unable to prosecute suspect,
e812ddd4071468e8791e9fee10210ac82547e2f2d9f8e06495458be0d4965f85,2021-06,Derbyshire Constabulary,Derbyshire Constabulary,-1.287560,52.926077,On or near Mill Lane,E01019692,Erewash 008C,Violence and sexual offences,Status update unavailable,
0fb8cc6d8cb2db31f94c4ece43f4ce918ec6d6a5bbdcd6b2debe23d9f095d2bd,2021-06,Derbyshire Constabulary,Derbyshire Constabulary,-1.286159,52.929871,On or near Moores Avenue,E01019692,Erewash 008C,Violence and sexual offences,Unable to prosecute suspect,
7290d67fb0d4262fc77d7f672e26aa244bbe58b6287410df44f569059cdafc88,2021-06,Derbyshire Constabulary,Derbyshire Constabulary,-1.286159,52.929871,On or near Moores Avenue,E01019692,Erewash 008C,Violence and sexual offences,Unable to prosecute suspect,
661145827de453e9e589de1eb4c334774cf2d73685a643c4af8025fbce5bad9f,2021-06,Derbyshire Constabulary,Derbyshire Constabulary,-1.293005,52.927872,On or near Spencer Avenue,E01019692,Erewash 008C,Violence and sexual offences,Status update unavailable,
7122ee568fa7ff25b2d1cf0442c4eac6efb03b453308dc350434f671fdb14c33,2021-06,Derbyshire Constabulary,Derbyshire Constabulary,-1.296620,52.926958,On or near Barker Avenue North,E01019692,Erewash 008C,Violence and sexual offences,Unable to prosecute suspect,
4f337d72632bf424d6b06618832fed93ac1db8838bc9ba710cb878ab85a3dd27,2021-06,Derbyshire Constabulary,Derbyshire Constabulary,-1.298700,52.928022,On or near Norbury Way,E01019692,Erewash 008C,Violence and sexual offences,Unable to prosecute suspect,
e4473cd06335a03b0bb077057d392ace7a855d126e2f0dc074b110c781bb7a85,2021-06,Derbyshire Constabulary,Derbyshire Constabulary,-1.288476,52.928267,On or near Taft Avenue,E01019692,Erewash 008C,Violence and sexual offences,Status update unavailable,
41582883b78291e494963776a516d749f48d8b0cd694f86a1e4de9978f420ad0,2021-06,Derbyshire Constabulary,Derbyshire Constabulary,-1.298700,52.928022,On or near Norbury Way,E01019692,Erewash 008C,Violence and sexual offences,Unable to prosecute suspect,
,2021-06,Derbyshire Constabulary,Derbyshire Constabulary,-1.287078,52.923737,On or near Bridge Street,E01019693,Erewash 008D,Anti-social behaviour,,
,2021-06,Derbyshire Constabulary,Derbyshire Constabulary,-1.286250,52.922528,On or near Station Road,E01019693,Erewash 008D,Anti-social behaviour,,
,2021-06,Derbyshire Constabulary,Derbyshire Constabulary,-1.297720,52.923306,On or near Melton Court,E01019693,Erewash 008D,Anti-social behaviour,,
,2021-06,Derbyshire Constabulary,Derbyshire Constabulary,-1.285240,52.923349,On or near Regent Street,E01019693,Erewash 008D,Anti-social behaviour,,
,2021-06,Derbyshire Constabulary,Derbyshire Constabulary,-1.291157,52.923537,On or near Butt Street,E01019693,Erewash 008D,Anti-social behaviour,,
,2021-06,Derbyshire Constabulary,Derbyshire Constabulary,-1.288954,52.923605,On or near Supermarket,E01019693,Erewash 008D,Anti-social behaviour,,
033beeb170734f61189901f62a70f4538cdea9dd5f04e6522ff9e14bf2eb0add,2021-06,Derbyshire Constabulary,Derbyshire Constabulary,-1.287581,52.922985,On or near Parking Area,E01019693,Erewash 008D,Criminal damage and arson,Investigation complete; no suspect identified,
28b18b384cafae02b1ef33e78e27d7a0fcd851ab9ca596ae3235f454b9b1b0e2,2021-06,Derbyshire Constabulary,Derbyshire Constabulary,-1.284368,52.923002,On or near Rutland Grove,E01019693,Erewash 008D,Criminal damage and arson,Investigation complete; no suspect identified,
fb12ef8cd08324d5d53b7283fa411a9ee1ab0d0c73ac83aeeafad3fb24443f22,2021-06,Derbyshire Constabulary,Derbyshire Constabulary,-1.286250,52.922528,On or near Station Road,E01019693,Erewash 008D,Public order,Awaiting court outcome,
019aeac7dcb5f4e9ef2164b1cb357e53d1168e9b4fcdd13ffecbec0cecd613c8,2021-06,Derbyshire Constabulary,Derbyshire Constabulary,-1.297720,52.923306,On or near Melton Court,E01019693,Erewash 008D,Public order,Unable to prosecute suspect,
7735a404c058ab1021fb3ef7bbd14b72c08c7d6d89a2a3a2c2384b40aa2187a8,2021-06,Derbyshire Constabulary,Derbyshire Constabulary,-1.298520,52.926268,On or near Goodwin Close,E01019693,Erewash 008D,Public order,Unable to prosecute suspect,
68b908950552c60943678c24de76afc959261f9bfa0ef4dd654099b3b33268f8,2021-06,Derbyshire Constabulary,Derbyshire Constabulary,-1.288954,52.923605,On or near Supermarket,E01019693,Erewash 008D,Public order,Investigation complete; no suspect identified,
336cd36fa1408b3d08a432e7e320da09f71e23320512f1f0b10ffe8c450df492,2021-06,Derbyshire Constabulary,Derbyshire Constabulary,-1.288954,52.923605,On or near Supermarket,E01019693,Erewash 008D,Shoplifting,Investigation complete; no suspect identified,
ef2a5e56fa14401cf89b8de67faf271a6e0aab6b908a18ec5b0af03f7e7d07a3,2021-06,Derbyshire Constabulary,Derbyshire Constabulary,-1.288954,52.923605,On or near Supermarket,E01019693,Erewash 008D,Shoplifting,Investigation complete; no suspect identified,
c09261dbb6c5518a43688ee0e7985d3196b282ba5655c48b36e4b62d51b5678b,2021-06,Derbyshire Constabulary,Derbyshire Constabulary,-1.288954,52.923605,On or near Supermarket,E01019693,Erewash 008D,Shoplifting,Unable to prosecute suspect,
57fbdae1597adba3163cd4da5da65747092e9c0107b2e524ad50b6b4f73bbd8e,2021-06,Derbyshire Constabulary,Derbyshire Constabulary,-1.288954,52.923605,On or near Supermarket,E01019693,Erewash 008D,Shoplifting,Investigation complete; no suspect identified,
cb4393997706083efa7510e3cbbce404194c1de7ee02b4a656f0ca8e44d745a7,2021-06,Derbyshire Constabulary,Derbyshire Constabulary,-1.288954,52.923605,On or near Supermarket,E01019693,Erewash 008D,Shoplifting,Status update unavailable,
c2d5e8809ea74d4649936f75bca1777c7e78abfcf700e238c72b1536684fdd01,2021-06,Derbyshire Constabulary,Derbyshire Constabulary,-1.288954,52.923605,On or near Supermarket,E01019693,Erewash 008D,Shoplifting,Investigation complete; no suspect identified,
788af868b3173f6b29611449d6ec58368013cb8e7ea150d5f065ad65b4f2634f,2021-06,Derbyshire Constabulary,Derbyshire Constabulary,-1.288297,52.925578,On or near Town Street,E01019693,Erewash 008D,Violence and sexual offences,Unable to prosecute suspect,
e4617431d7abdee538e0c0136d52460b90569fdb5c535e4439ae2fe1fa634320,2021-06,Derbyshire Constabulary,Derbyshire Constabulary,-1.298520,52.926268,On or near Goodwin Close,E01019693,Erewash 008D,Violence and sexual offences,Unable to prosecute suspect,
6cda0268588bdacf0c42075ed1b210d3415f9f474792305f0197d8cec2300eca,2021-06,Derbyshire Constabulary,Derbyshire Constabulary,-1.293651,52.922895,On or near Smedley'S Avenue,E01019693,Erewash 008D,Violence and sexual offences,Unable to prosecute suspect,
c1edad0eea3d186897128fe2c564d4e9774e59dc877404fa2471e1e26bc35853,2021-06,Derbyshire Constabulary,Derbyshire Constabulary,-1.287078,52.923737,On or near Bridge Street,E01019693,Erewash 008D,Violence and sexual offences,Unable to prosecute suspect,
83c7b3684b00921415c3b8c553f5ed15d0dcbc631764edfc120bff5666e77f40,2021-06,Derbyshire Constabulary,Derbyshire Constabulary,-1.287178,52.925796,On or near Brookfield Mews,E01019693,Erewash 008D,Violence and sexual offences,Investigation complete; no suspect identified,
e4473cd06335a03b0bb077057d392ace7a855d126e2f0dc074b110c781bb7a85,2021-06,Derbyshire Constabulary,Derbyshire Constabulary,-1.288297,52.925578,On or near Town Street,E01019693,Erewash 008D,Violence and sexual offences,Status update unavailable,
5ae2f508ba54947e0712a5209e7c48a7d9c717fba134a3bbd8cc2c1e33f7f458,2021-06,Derbyshire Constabulary,Derbyshire Constabulary,-1.293651,52.922895,On or near Smedley'S Avenue,E01019693,Erewash 008D,Violence and sexual offences,Unable to prosecute suspect,
,2021-06,Derbyshire Constabulary,Derbyshire Constabulary,-1.292468,52.913360,On or near Hollingworth Avenue,E01019694,Erewash 008E,Anti-social behaviour,,
8e7eb73250950e9481e53110eb78a1ebda680044c9228b6138c78a87ca4e5047,2021-06,Derbyshire Constabulary,Derbyshire Constabulary,-1.292468,52.913360,On or near Hollingworth Avenue,E01019694,Erewash 008E,Violence and sexual offences,Unable to prosecute suspect,
,2021-06,Derbyshire Constabulary,Derbyshire Constabulary,-1.292176,52.921233,On or near Hampshire Drive,E01019696,Erewash 008F,Anti-social behaviour,,
,2021-06,Derbyshire Constabulary,Derbyshire Constabulary,-1.291965,52.921420,On or near Norfolk Walk,E01019696,Erewash 008F,Anti-social behaviour,,
,2021-06,Derbyshire Constabulary,Derbyshire Constabulary,-1.303921,52.918803,On or near Cherry Tree Close,E01019696,Erewash 008F,Anti-social behaviour,,
2744f1f5b102cb4b5161ce38acc9472be61de1fbc6f59fdfcda879ba99841f1f,2021-06,Derbyshire Constabulary,Derbyshire Constabulary,-1.290169,52.922983,On or near Faircroft Avenue,E01019696,Erewash 008F,Criminal damage and arson,Unable to prosecute suspect,
432c724cf55fb824bf9a67b60571614aeea7558ba46f75eeed967fc068f13e35,2021-06,Derbyshire Constabulary,Derbyshire Constabulary,-1.297401,52.919124,On or near Charnwood Avenue,E01019696,Erewash 008F,Criminal damage and arson,Unable to prosecute suspect,
b4f2c58a370a2cc8fc978686c90cb4e5921941b38539c5700bf4ddd9c914b184,2021-06,Derbyshire Constabulary,Derbyshire Constabulary,-1.290169,52.922983,On or near Faircroft Avenue,E01019696,Erewash 008F,Public order,Unable to prosecute suspect,
2a5d4d8890f0b81a9ab1d9b9ba286be9a9c9b5b240f4e313f4524eed8f94a876,2021-06,Derbyshire Constabulary,Derbyshire Constabulary,-1.290169,52.922983,On or near Faircroft Avenue,E01019696,Erewash 008F,Violence and sexual offences,Unable to prosecute suspect,
7a255bd701917b40fb3714ff0408ef5dd27344e18bf527987b55096d0d69f8bf,2021-06,Derbyshire Constabulary,Derbyshire Constabulary,-1.290169,52.922983,On or near Faircroft Avenue,E01019696,Erewash 008F,Violence and sexual offences,Unable to prosecute suspect,
374b1481df6f6b9a8a581ce7a214a76d8e16c0e5759fe31f981e88a195baa8c4,2021-06,Derbyshire Constabulary,Derbyshire Constabulary,-1.290169,52.922983,On or near Faircroft Avenue,E01019696,Erewash 008F,Violence and sexual offences,Status update unavailable,
2d8ff7158654726810cf8a0cd221b0c6d9dd7f0d5b6a3ba53de78fcfc68a95e6,2021-06,Derbyshire Constabulary,Derbyshire Constabulary,-1.294927,52.921285,On or near Woodside Road,E01019696,Erewash 008F,Violence and sexual offences,Awaiting court outcome,
ecaf0e0c7638ff669fbe94ede707c4d941276091349c8ff82b6e9e5a4bf7b007,2021-06,Derbyshire Constabulary,Derbyshire Constabulary,-1.297401,52.919124,On or near Charnwood Avenue,E01019696,Erewash 008F,Violence and sexual offences,Unable to prosecute suspect,
53a4429ee715a579aa22dd76a6eb070019adca2741048b17c664e57bc2ea9cf0,2021-06,Derbyshire Constabulary,Derbyshire Constabulary,-1.295811,52.919034,On or near Lancaster Avenue,E01019696,Erewash 008F,Violence and sexual offences,Unable to prosecute suspect,
,2021-06,Derbyshire Constabulary,Derbyshire Constabulary,-1.372886,52.917766,On or near New Street,E01019683,Erewash 009A,Anti-social behaviour,,
,2021-06,Derbyshire Constabulary,Derbyshire Constabulary,-1.372886,52.917766,On or near New Street,E01019683,Erewash 009A,Anti-social behaviour,,
,2021-06,Derbyshire Constabulary,Derbyshire Constabulary,-1.378602,52.912196,On or near Greenway Close,E01019683,Erewash 009A,Anti-social behaviour,,
3b808d76f13898cfbd25d0d874401618baa05624768eab433e9f3d727a557e71,2021-06,Derbyshire Constabulary,Derbyshire Constabulary,-1.377871,52.912354,On or near Victoria Avenue,E01019683,Erewash 009A,Criminal damage and arson,Further investigation is not in the public interest,
67af62c556ad101bef4a03c431bc8a46c55c268e59bdf557af0c4330546fd0ef,2021-06,Derbyshire Constabulary,Derbyshire Constabulary,-1.382107,52.914605,On or near Petrol Station,E01019683,Erewash 009A,Other theft,Investigation complete; no suspect identified,
e544e21b75cadfe0f1cccaba7c11bcb72297226346768225583b9fc61e2cbb59,2021-06,Derbyshire Constabulary,Derbyshire Constabulary,-1.382107,52.914605,On or near Petrol Station,E01019683,Erewash 009A,Other theft,Investigation complete; no suspect identified,
e972c1b7487bb4143e8b790a960fbc5ed56549c7be1109023c986a8aa3d03b4c,2021-06,Derbyshire Constabulary,Derbyshire Constabulary,-1.377871,52.912354,On or near Victoria Avenue,E01019683,Erewash 009A,Shoplifting,Unable to prosecute suspect,
efcfacfa2c15976bde2a4f35f1155fa3fb3bccb4f527ca89bddc4c3d5e9ba0a1,2021-06,Derbyshire Constabulary,Derbyshire Constabulary,-1.369915,52.908303,On or near Priorway Avenue,E01019683,Erewash 009A,Violence and sexual offences,Unable to prosecute suspect,
21b1a7604c6fa13a269619473979ec27e0b74ae648570f16c2045d5b1791b1a3,2021-06,Derbyshire Constabulary,Derbyshire Constabulary,-1.370711,52.905682,On or near Priorway Gardens,E01019683,Erewash 009A,Violence and sexual offences,Unable to prosecute suspect,
8a5ad4f15ed195c1c215ce031e6c272c9a18827a09ccfec1fa2729cd8c727dd1,2021-06,Derbyshire Constabulary,Derbyshire Constabulary,-1.368755,52.907290,On or near Priors Barn Close,E01019683,Erewash 009A,Violence and sexual offences,Unable to prosecute suspect,
40d7bdfc880988879a14d2fc11b733c72c17c2b5cd1118680ea15b7f2692f935,2021-06,Derbyshire Constabulary,Derbyshire Constabulary,-1.369915,52.908303,On or near Priorway Avenue,E01019683,Erewash 009A,Violence and sexual offences,Unable to prosecute suspect,
9682f758f33b4105035a798cdf2d139b1a2a997096473ad77398fbefc0b5380a,2021-06,Derbyshire Constabulary,Derbyshire Constabulary,-1.379097,52.912972,On or near Field Close,E01019683,Erewash 009A,Violence and sexual offences,Unable to prosecute suspect,
1873959254dfb24c20e67b62b13761528ef28cdaea443a0d633c56a33c422a08,2021-06,Derbyshire Constabulary,Derbyshire Constabulary,-1.369915,52.908303,On or near Priorway Avenue,E01019683,Erewash 009A,Violence and sexual offences,Unable to prosecute suspect,
,2021-06,Derbyshire Constabulary,Derbyshire Constabulary,-1.367398,52.905503,On or near Bains Drive,E01019684,Erewash 009B,Anti-social behaviour,,
,2021-06,Derbyshire Constabulary,Derbyshire Constabulary,-1.374447,52.904407,On or near Nottingham Road,E01019684,Erewash 009B,Anti-social behaviour,,
88a326c176d85160d135bb10ebca52cd188bc1275b6afcb66e6dddfabb4900a4,2021-06,Derbyshire Constabulary,Derbyshire Constabulary,-1.372438,52.904487,On or near Bradbury Close,E01019684,Erewash 009B,Drugs,Status update unavailable,
e705758acc2261eb5d331147d308ff538404a92ac0c2f5c9a6df004daf9d9769,2021-06,Derbyshire Constabulary,Derbyshire Constabulary,-1.367398,52.905503,On or near Bains Drive,E01019684,Erewash 009B,Violence and sexual offences,Investigation complete; no suspect identified,
,2021-06,Derbyshire Constabulary,Derbyshire Constabulary,-1.378003,52.906242,On or near Belmont Drive,E01019685,Erewash 009C,Anti-social behaviour,,
265b6ee9d418c96ff5779cb78ff44493784653d6a4cb1b228bb1c4b2523fabb2,2021-06,Derbyshire Constabulary,Derbyshire Constabulary,-1.382292,52.904754,On or near Station Road,E01019685,Erewash 009C,Criminal damage and arson,Unable to prosecute suspect,
295f377ee702629cb3203173bec61d676e6462778b207314187d51a2c8947f60,2021-06,Derbyshire Constabulary,Derbyshire Constabulary,-1.380907,52.906994,On or near Supermarket,E01019685,Erewash 009C,Shoplifting,Investigation complete; no suspect identified,
16ed131ad099dc67ce391a4dd33834dfca35001131e5ad6b753022b99537ef16,2021-06,Derbyshire Constabulary,Derbyshire Constabulary,-1.378003,52.906242,On or near Belmont Drive,E01019685,Erewash 009C,Violence and sexual offences,Unable to prosecute suspect,
3ef69bec721d3e39f10cf58224b7932a3134c9e48087d50b72727b7edf8639cc,2021-06,Derbyshire Constabulary,Derbyshire Constabulary,-1.378003,52.906242,On or near Belmont Drive,E01019685,Erewash 009C,Violence and sexual offences,Unable to prosecute suspect,
7122ee568fa7ff25b2d1cf0442c4eac6efb03b453308dc350434f671fdb14c33,2021-06,Derbyshire Constabulary,Derbyshire Constabulary,-1.380963,52.908289,On or near Ladysmith Road,E01019685,Erewash 009C,Violence and sexual offences,Status update unavailable,
7361dc477e79f44d754775a4876df742642a52502713712424c7143d6d3fa073,2021-06,Derbyshire Constabulary,Derbyshire Constabulary,-1.378003,52.906242,On or near Belmont Drive,E01019685,Erewash 009C,Violence and sexual offences,Status update unavailable,
32e9c55963ffb9d05ee5eee1ef417799ba30917254d2e9a238c24ae3fa7ba9ad,2021-06,Derbyshire Constabulary,Derbyshire Constabulary,-1.380963,52.908289,On or near Ladysmith Road,E01019685,Erewash 009C,Violence and sexual offences,Status update unavailable,
c10fae5a7d61b1581feba57b0c2eb91d5529c30351cf3660bda054fcd2f01d05,2021-06,Derbyshire Constabulary,Derbyshire Constabulary,-1.378003,52.906242,On or near Belmont Drive,E01019685,Erewash 009C,Violence and sexual offences,Unable to prosecute suspect,
,2021-06,Derbyshire Constabulary,Derbyshire Constabulary,-1.372647,52.921954,On or near Petrol Station,E01019686,Erewash 009D,Anti-social behaviour,,
,2021-06,Derbyshire Constabulary,Derbyshire Constabulary,-1.370010,52.923262,On or near Windmill Close,E01019686,Erewash 009D,Anti-social behaviour,,
ddc4297b501e61eec4010dabd25418af369bc5e1936bebfe589e0822f702f493,2021-06,Derbyshire Constabulary,Derbyshire Constabulary,-1.367631,52.922170,On or near The Ridings,E01019686,Erewash 009D,Public order,Unable to prosecute suspect,
9e45a511e174bdee2cc4e838045b2bab87bbcb5028f8c6b338c4a11d7a4244e8,2021-06,Derbyshire Constabulary,Derbyshire Constabulary,-1.367631,52.922170,On or near The Ridings,E01019686,Erewash 009D,Public order,Unable to prosecute suspect,
f515cb51a5f569e0cf75102554ace9319d441440ba1c1157e8c8f7984e24cd64,2021-06,Derbyshire Constabulary,Derbyshire Constabulary,-1.374244,52.921549,On or near Sister'S Lane,E01019686,Erewash 009D,Vehicle crime,Investigation complete; no suspect identified,
faf316d3a14db1b96f1f3ef74d2f6e2018f5858c803ef644704412a4ca20edf0,2021-06,Derbyshire Constabulary,Derbyshire Constabulary,-1.371050,52.921290,On or near Pares Way,E01019686,Erewash 009D,Violence and sexual offences,Unable to prosecute suspect,
1a5095236cf298232adf9b52d504c60ef2ae112bb59acdb2020fa8fc43050fd4,2021-06,Derbyshire Constabulary,Derbyshire Constabulary,-1.370239,52.923901,On or near Oak Close,E01019686,Erewash 009D,Violence and sexual offences,Offender given a caution,
22712b88b45a9a055d577846a8e6a88f821fc65b00d199afe5d2f5cfc2f45fd2,2021-06,Derbyshire Constabulary,Derbyshire Constabulary,-1.370239,52.923901,On or near Oak Close,E01019686,Erewash 009D,Violence and sexual offences,Offender given a caution,
,2021-06,Derbyshire Constabulary,Derbyshire Constabulary,-1.372316,52.910886,On or near Derwent Avenue,E01019687,Erewash 009E,Anti-social behaviour,,
,2021-06,Derbyshire Constabulary,Derbyshire Constabulary,-1.372316,52.910886,On or near Derwent Avenue,E01019687,Erewash 009E,Anti-social behaviour,,
,2021-06,Derbyshire Constabulary,Derbyshire Constabulary,-1.372316,52.910886,On or near Derwent Avenue,E01019687,Erewash 009E,Anti-social behaviour,,
e6c810b89696aafdfde207f451bd5ac65e472c64e4e8c026c87ae8d9c7933ec9,2021-06,Derbyshire Constabulary,Derbyshire Constabulary,-1.373057,52.910018,On or near Hermitage Avenue,E01019687,Erewash 009E,Criminal damage and arson,Investigation complete; no suspect identified,
76f42ac3626788598c7456c6667bec73a3c6b63afa713f33689026b2e368ec5a,2021-06,Derbyshire Constabulary,Derbyshire Constabulary,-1.373057,52.910018,On or near Hermitage Avenue,E01019687,Erewash 009E,Criminal damage and arson,Investigation complete; no suspect identified,
b32b3d1cc61827dea242391a2f1449c0ae74fef99076cd3b05355b1b11864d0c,2021-06,Derbyshire Constabulary,Derbyshire Constabulary,-1.370955,52.909378,On or near Woodland Avenue,E01019687,Erewash 009E,Criminal damage and arson,Local resolution,
d7c9e1ab50d618e5867d1e70dafc83c86a09f3ab57683e28c42ec71b9e71f96f,2021-06,Derbyshire Constabulary,Derbyshire Constabulary,-1.374990,52.911107,On or near Fairfield Avenue,E01019687,Erewash 009E,Criminal damage and arson,Unable to prosecute suspect,
c57d3dc8bcba12f682058d0a1fbf29f873872f02b95a6bba1497dc2a9cf33c10,2021-06,Derbyshire Constabulary,Derbyshire Constabulary,-1.372316,52.910886,On or near Derwent Avenue,E01019687,Erewash 009E,Criminal damage and arson,Unable to prosecute suspect,
2812983a50ff2102e0e79bb71100aa5500dd1db31739251a1e9cdb1d6ebf7242,2021-06,Derbyshire Constabulary,Derbyshire Constabulary,-1.374990,52.911107,On or near Fairfield Avenue,E01019687,Erewash 009E,Public order,Unable to prosecute suspect,
b820f20d7e984041f071c07c3cb41375326d62f3cc124305dd9201a7be0695df,2021-06,Derbyshire Constabulary,Derbyshire Constabulary,-1.377382,52.910194,On or near Deans Drive,E01019687,Erewash 009E,Violence and sexual offences,Unable to prosecute suspect,
6a3475fbd979810f29851d0cb98c07fa65122883f3307739a33bf0929e172d25,2021-06,Derbyshire Constabulary,Derbyshire Constabulary,-1.370955,52.909378,On or near Woodland Avenue,E01019687,Erewash 009E,Violence and sexual offences,Unable to prosecute suspect,
9c1ed031c705e948560ea2c2fc6d62c0e3d964ca717757694940aa61eae71b18,2021-06,Derbyshire Constabulary,Derbyshire Constabulary,-1.372316,52.910886,On or near Derwent Avenue,E01019687,Erewash 009E,Violence and sexual offences,Unable to prosecute suspect,
5d601eae75e7fe150c94f95c35dba16c17c0b8bb324eba209f6abe98a9ffad1c,2021-06,Derbyshire Constabulary,Derbyshire Constabulary,-1.370955,52.909378,On or near Woodland Avenue,E01019687,Erewash 009E,Violence and sexual offences,Further investigation is not in the public interest,
3c246e68abcf3d8f5bea8b6036287688a12df503f46037b7f5d3eabaf952c33f,2021-06,Derbyshire Constabulary,Derbyshire Constabulary,-1.372316,52.910886,On or near Derwent Avenue,E01019687,Erewash 009E,Violence and sexual offences,Unable to prosecute suspect,
2a40b6e694d50403b650e716319cb66a574b65f5197966fd253f0a2887b4a9a4,2021-06,Derbyshire Constabulary,Derbyshire Constabulary,-1.375646,52.910958,On or near Hawthorne Avenue,E01019687,Erewash 009E,Violence and sexual offences,Unable to prosecute suspect,
df93ec53e8e5bea2608e0ad7968241dca30b24b1a506ece0fc2790b3556ebdeb,2021-06,Derbyshire Constabulary,Derbyshire Constabulary,-1.373057,52.910018,On or near Hermitage Avenue,E01019687,Erewash 009E,Other crime,Formal action is not in the public interest,
,2021-06,Derbyshire Constabulary,Derbyshire Constabulary,-1.287196,52.911099,On or near Bursar Way,E01019648,Erewash 010A,Anti-social behaviour,,
,2021-06,Derbyshire Constabulary,Derbyshire Constabulary,-1.285409,52.910396,On or near Willoughby Avenue,E01019648,Erewash 010A,Anti-social behaviour,,
71b49b58ced94c45c0a04a2d13754742f4f4493c99ff33a667fe27811da3bdcc,2021-06,Derbyshire Constabulary,Derbyshire Constabulary,-1.285409,52.910396,On or near Willoughby Avenue,E01019648,Erewash 010A,Violence and sexual offences,Unable to prosecute suspect,
76fe8efc3bed83db1690afd9b889bc0bccd49eb2ab0a5b2a5d61536a121ef5fd,2021-06,Derbyshire Constabulary,Derbyshire Constabulary,-1.285409,52.910396,On or near Willoughby Avenue,E01019648,Erewash 010A,Violence and sexual offences,Unable to prosecute suspect,
,2021-06,Derbyshire Constabulary,Derbyshire Constabulary,-1.282251,52.907096,On or near Wellington Street,E01019649,Erewash 010B,Anti-social behaviour,,
30067aa38e2ba51a12145108e47d94423db78e804176c2161cce3147f6883a03,2021-06,Derbyshire Constabulary,Derbyshire Constabulary,-1.280486,52.906851,On or near Bennett Street,E01019649,Erewash 010B,Criminal damage and arson,Investigation complete; no suspect identified,
3a2a7bfdaeed36ed43c10bdc3902737c3d21d357d281e59f700b99552a4e9020,2021-06,Derbyshire Constabulary,Derbyshire Constabulary,-1.281881,52.905215,On or near Canal Street,E01019649,Erewash 010B,Criminal damage and arson,Investigation complete; no suspect identified,
f0c1219e06c34ae1affe11c25fe8bfb69fb2af719045c9d57b8440a264e4f0c9,2021-06,Derbyshire Constabulary,Derbyshire Constabulary,-1.280486,52.906851,On or near Bennett Street,E01019649,Erewash 010B,Criminal damage and arson,Investigation complete; no suspect identified,
17031a8487d1b8b004a45ab31e094de48fdebaa323b2efd33e54fe337a81045f,2021-06,Derbyshire Constabulary,Derbyshire Constabulary,-1.280486,52.906851,On or near Bennett Street,E01019649,Erewash 010B,Criminal damage and arson,Investigation complete; no suspect identified,
89ca416507acea7aa87a0bcd769478ec86f16211328a8060e0c807f34096b8a3,2021-06,Derbyshire Constabulary,Derbyshire Constabulary,-1.280486,52.906851,On or near Bennett Street,E01019649,Erewash 010B,Criminal damage and arson,Investigation complete; no suspect identified,
3c139c5be33b268e6e295d32957d1268059c962940b96c21026b69737962e659,2021-06,Derbyshire Constabulary,Derbyshire Constabulary,-1.283587,52.908119,On or near Spinney Road,E01019649,Erewash 010B,Criminal damage and arson,Investigation complete; no suspect identified,
d29486f498ef4c5728a10bb968dde119c81b1128273f269ab3ed341347c0b5c4,2021-06,Derbyshire Constabulary,Derbyshire Constabulary,-1.280486,52.906851,On or near Bennett Street,E01019649,Erewash 010B,Criminal damage and arson,Investigation complete; no suspect identified,
7fb34643618883d20cb7b262cdd12da000583a99a4debb6a143f0496a86173f2,2021-06,Derbyshire Constabulary,Derbyshire Constabulary,-1.280486,52.906851,On or near Bennett Street,E01019649,Erewash 010B,Criminal damage and arson,Investigation complete; no suspect identified,
55cd1d8409bc6d71fc6d6d1d1b3231bb9c857282d9dcdbbe2321092ebd87904a,2021-06,Derbyshire Constabulary,Derbyshire Constabulary,-1.280486,52.906851,On or near Bennett Street,E01019649,Erewash 010B,Criminal damage and arson,Investigation complete; no suspect identified,
38cda424a64894e4b65481a720a04c1e1c460de9b08576c35910efdeb653643f,2021-06,Derbyshire Constabulary,Derbyshire Constabulary,-1.280486,52.906851,On or near Bennett Street,E01019649,Erewash 010B,Criminal damage and arson,Investigation complete; no suspect identified,
f855f1caf1b24c75261c3cfc1ed463f8eb08b6cb9101ae463d65073044cde609,2021-06,Derbyshire Constabulary,Derbyshire Constabulary,-1.281881,52.905215,On or near Canal Street,E01019649,Erewash 010B,Other theft,Awaiting court outcome,
c282cf90ccc0aed03fca4ac5f9356490a543d52c256829e24fc5a334d40e1770,2021-06,Derbyshire Constabulary,Derbyshire Constabulary,-1.278196,52.903250,On or near Granville Avenue,E01019649,Erewash 010B,Public order,Unable to prosecute suspect,
4b04618b821dd8c4c1e8081bbcec522edfeb3751cde354efb4ff6edf685f31ac,2021-06,Derbyshire Constabulary,Derbyshire Constabulary,-1.280486,52.906851,On or near Bennett Street,E01019649,Erewash 010B,Vehicle crime,Investigation complete; no suspect identified,
40613d9d218538066db2d4f9645bfd8afc78f2f9d6422ca75484cedc6002937c,2021-06,Derbyshire Constabulary,Derbyshire Constabulary,-1.282438,52.906620,On or near Cavendish Road,E01019649,Erewash 010B,Violence and sexual offences,Status update unavailable,
db3df3e9ee3fea7ffa329c8dda60ed3271e8d959ea604cdd0a4357aeba4dfdd1,2021-06,Derbyshire Constabulary,Derbyshire Constabulary,-1.280016,52.902884,On or near Shakespeare Street,E01019649,Erewash 010B,Violence and sexual offences,Unable to prosecute suspect,
c4a6541f13b05cc6eea687675f275b0649d2dd048c0bc3db6671a705b081053d,2021-06,Derbyshire Constabulary,Derbyshire Constabulary,-1.280016,52.902884,On or near Shakespeare Street,E01019649,Erewash 010B,Violence and sexual offences,Investigation complete; no suspect identified,
38d68f0366004079aa6c0eeb2a0759caf40f691e7da7c1af7b17cb2f094a7cf4,2021-06,Derbyshire Constabulary,Derbyshire Constabulary,-1.282438,52.906620,On or near Cavendish Road,E01019649,Erewash 010B,Violence and sexual offences,Unable to prosecute suspect,
,2021-06,Derbyshire Constabulary,Derbyshire Constabulary,-1.296772,52.908414,On or near Longmoor Road,E01019650,Erewash 010C,Anti-social behaviour,,
,2021-06,Derbyshire Constabulary,Derbyshire Constabulary,-1.300162,52.906555,On or near Longmoor Lane,E01019650,Erewash 010C,Anti-social behaviour,,
,2021-06,Derbyshire Constabulary,Derbyshire Constabulary,-1.297374,52.909811,On or near Bostock'S Lane,E01019650,Erewash 010C,Anti-social behaviour,,
,2021-06,Derbyshire Constabulary,Derbyshire Constabulary,-1.292685,52.907374,On or near Thirlmere Road,E01019650,Erewash 010C,Anti-social behaviour,,
,2021-06,Derbyshire Constabulary,Derbyshire Constabulary,-1.294763,52.909409,On or near Longmoor Road,E01019650,Erewash 010C,Anti-social behaviour,,
03948b3e7dcde964f63d7dff3fd0be27cc11f6b834bf8844cfdeb9a74df3f52a,2021-06,Derbyshire Constabulary,Derbyshire Constabulary,-1.292685,52.907374,On or near Thirlmere Road,E01019650,Erewash 010C,Other theft,Unable to prosecute suspect,
0697c9bbf77610824373ecfae367dc91d6f374639d98d8a6c5bb1ec8bd3bdbc3,2021-06,Derbyshire Constabulary,Derbyshire Constabulary,-1.296724,52.907685,On or near Buttermere Close,E01019650,Erewash 010C,Other theft,Unable to prosecute suspect,
8171aad4b3e87e8cce1a2fd89e3be2c16756059a453e5a60e91c4f726cac1e76,2021-06,Derbyshire Constabulary,Derbyshire Constabulary,-1.297374,52.909811,On or near Bostock'S Lane,E01019650,Erewash 010C,Other theft,Investigation complete; no suspect identified,
0c39682479087033bb941fbbc66d4c9472f1b02c3453f36b6a7a45b65427019f,2021-06,Derbyshire Constabulary,Derbyshire Constabulary,-1.297374,52.909811,On or near Bostock'S Lane,E01019650,Erewash 010C,Other theft,Unable to prosecute suspect,
fb4ac036b0b1ef5e0b810dd206ce048e1233f6c27ddbc86297071ac1e641b0a2,2021-06,Derbyshire Constabulary,Derbyshire Constabulary,-1.293975,52.908478,On or near Keswick Court,E01019650,Erewash 010C,Other theft,Investigation complete; no suspect identified,
1536a2945fe5ff61bf8b3853b79a702f37abbd547e82f31f03ffe937baf30854,2021-06,Derbyshire Constabulary,Derbyshire Constabulary,-1.292685,52.907374,On or near Thirlmere Road,E01019650,Erewash 010C,Public order,Unable to prosecute suspect,
9f57d9c5d3d19dbbe6768ac646a790b76210852b5d00370a8d00025b80e9af53,2021-06,Derbyshire Constabulary,Derbyshire Constabulary,-1.292685,52.907374,On or near Thirlmere Road,E01019650,Erewash 010C,Public order,Awaiting court outcome,
98623e0bc41840855031cab384aeefbbffed6c80994dc15583e23a1254f1b365,2021-06,Derbyshire Constabulary,Derbyshire Constabulary,-1.295708,52.907059,On or near Coniston Road,E01019650,Erewash 010C,Vehicle crime,Investigation complete; no suspect identified,
1f2aad31f7194d1ce4b8c238b548ccf4e9ba9ca899ceb8e278bf47499cdfe95a,2021-06,Derbyshire Constabulary,Derbyshire Constabulary,-1.293975,52.908478,On or near Keswick Court,E01019650,Erewash 010C,Violence and sexual offences,Unable to prosecute suspect,
85d4f93c8bbda037748ecfb375ff2e9128f2ce427de8c6aae02cebfca39e4499,2021-06,Derbyshire Constabulary,Derbyshire Constabulary,-1.291730,52.905705,On or near Briar Gate,E01019650,Erewash 010C,Violence and sexual offences,Unable to prosecute suspect,
c8d30b7fac7c472aa3aff72de1d1b939712d636267c3de69205d39ced23a1317,2021-06,Derbyshire Constabulary,Derbyshire Constabulary,-1.296724,52.907685,On or near Buttermere Close,E01019650,Erewash 010C,Violence and sexual offences,Status update unavailable,
e2752463b6089712139fdaaef49cab6d94d8f9fc814508ae862d30ad51ddf09e,2021-06,Derbyshire Constabulary,Derbyshire Constabulary,-1.295708,52.907059,On or near Coniston Road,E01019650,Erewash 010C,Violence and sexual offences,Status update unavailable,
e3fc230cd869b88911d8b5096e60c783969c8743c7fc99441e4f4e51e3f06848,2021-06,Derbyshire Constabulary,Derbyshire Constabulary,-1.295708,52.907059,On or near Coniston Road,E01019650,Erewash 010C,Violence and sexual offences,Unable to prosecute suspect,
033633ae9f12fa3d4b8c97671c3e2ec21f50e4bcafc64f60a213f5fb471ea122,2021-06,Derbyshire Constabulary,Derbyshire Constabulary,-1.291730,52.905705,On or near Briar Gate,E01019650,Erewash 010C,Violence and sexual offences,Unable to prosecute suspect,
3bca15bd249804d30d51f7ed372a2a788b708a27f46e06ea39b47c73f291c538,2021-06,Derbyshire Constabulary,Derbyshire Constabulary,-1.297018,52.905107,On or near Petersham Road,E01019650,Erewash 010C,Violence and sexual offences,Unable to prosecute suspect,
592ea591a11edf149e0fb882f82374471c8881b7d202a2078135fbcccb76dd32,2021-06,Derbyshire Constabulary,Derbyshire Constabulary,-1.292685,52.907374,On or near Thirlmere Road,E01019650,Erewash 010C,Violence and sexual offences,Unable to prosecute suspect,
20d2cd64a42f02856e833e2606f89a31e134b50999ddc93af0c3c041b7b7792c,2021-06,Derbyshire Constabulary,Derbyshire Constabulary,-1.292685,52.907374,On or near Thirlmere Road,E01019650,Erewash 010C,Violence and sexual offences,Awaiting court outcome,
ea66e462db99ebe9c8cf9b4807b4d3ab4247df280215a3765f0b62135d6c5fc6,2021-06,Derbyshire Constabulary,Derbyshire Constabulary,-1.296772,52.908414,On or near Longmoor Road,E01019650,Erewash 010C,Violence and sexual offences,Unable to prosecute suspect,
2980bbe60363e0fa132764da5e75f204db801c8da270ea7283d2695083d6276f,2021-06,Derbyshire Constabulary,Derbyshire Constabulary,-1.294763,52.909409,On or near Longmoor Road,E01019650,Erewash 010C,Violence and sexual offences,Status update unavailable,
2aaf1e45d3f2acf239b8626ad7119fb9b8520ae457ae4a00771b957719af7428,2021-06,Derbyshire Constabulary,Derbyshire Constabulary,-1.293975,52.908478,On or near Keswick Court,E01019650,Erewash 010C,Other crime,Status update unavailable,
4c399b733485936d1c1beccd2864ed1cb340416970bf443320ae807963c94f7b,2021-06,Derbyshire Constabulary,Derbyshire Constabulary,-1.292685,52.907374,On or near Thirlmere Road,E01019650,Erewash 010C,Other crime,Unable to prosecute suspect,
14ac559312b171dab5773058842eafaae73bf6f200ea5db17c1ccd0edff4fb8b,2021-06,Derbyshire Constabulary,Derbyshire Constabulary,-1.297374,52.909811,On or near Bostock'S Lane,E01019650,Erewash 010C,Other crime,Status update unavailable,
,2021-06,Derbyshire Constabulary,Derbyshire Constabulary,-1.291883,52.909131,On or near Spridgeon Close,E01019651,Erewash 010D,Anti-social behaviour,,
,2021-06,Derbyshire Constabulary,Derbyshire Constabulary,-1.290058,52.911583,On or near Milford Avenue,E01019651,Erewash 010D,Anti-social behaviour,,
,2021-06,Derbyshire Constabulary,Derbyshire Constabulary,-1.287692,52.906265,On or near Curzon Street,E01019651,Erewash 010D,Anti-social behaviour,,
36f0638a99dec12ccabda8ec49932e5e3a9c501861f2bb7b63778dab39b2b533,2021-06,Derbyshire Constabulary,Derbyshire Constabulary,-1.288283,52.903761,On or near Douglas Road,E01019651,Erewash 010D,Burglary,Investigation complete; no suspect identified,
0810917fabdbea96e0d16b51b0668b5f53e7828b3eb9bc30e0e15923e96c010d,2021-06,Derbyshire Constabulary,Derbyshire Constabulary,-1.290798,52.909089,On or near Rydal Avenue,E01019651,Erewash 010D,Criminal damage and arson,Investigation complete; no suspect identified,
ad016cd9a093594b2fb5afc6d98be903c7a4ee04d5fba9b374a1e30a0c98c6b2,2021-06,Derbyshire Constabulary,Derbyshire Constabulary,-1.289089,52.909941,On or near Ravensdale Avenue,E01019651,Erewash 010D,Violence and sexual offences,Unable to prosecute suspect,
ce60a6eaf3d8c8994035756bb9ee49cc2909a35e3a75018699fb826340395bba,2021-06,Derbyshire Constabulary,Derbyshire Constabulary,-1.289522,52.907121,On or near Kirkstone Court,E01019651,Erewash 010D,Violence and sexual offences,Unable to prosecute suspect,
36be5de1d289698207a5986b6c0b7b11ee5262670e7dbb1299ba6d79c91a4a53,2021-06,Derbyshire Constabulary,Derbyshire Constabulary,-1.295060,52.918571,On or near Mountfield Avenue,E01019695,Erewash 010E,Drugs,Awaiting court outcome,
e6f64e2383e626da8a5d63b97d400e8013e3fb98f366d0be226fb8638f932258,2021-06,Derbyshire Constabulary,Derbyshire Constabulary,-1.295060,52.918571,On or near Mountfield Avenue,E01019695,Erewash 010E,Drugs,Awaiting court outcome,
3f8953279ad8b582a0830e5dac5fd8fbd43e4ab45f3603cd028c8b2c0f864683,2021-06,Derbyshire Constabulary,Derbyshire Constabulary,-1.295060,52.918571,On or near Mountfield Avenue,E01019695,Erewash 010E,Public order,Unable to prosecute suspect,
1c552a5e4abc47cbf3bd82a2dc1902ac76146c1a4edae939c2fecbd54b67f6a6,2021-06,Derbyshire Constabulary,Derbyshire Constabulary,-1.293422,52.916907,On or near Blenhiem Court,E01019695,Erewash 010E,Violence and sexual offences,Unable to prosecute suspect,
2b859f2d4a646623214560fc24c5d3404e0457917dee29ec8f8b4f79689717d5,2021-06,Derbyshire Constabulary,Derbyshire Constabulary,-1.301705,52.898465,On or near Petrol Station,E01019641,Erewash 011A,Other theft,Further investigation is not in the public interest,
d8a408387174a95a611ee314edac5326c8228a61169dc2e6232e6408357f852f,2021-06,Derbyshire Constabulary,Derbyshire Constabulary,-1.301705,52.898465,On or near Petrol Station,E01019641,Erewash 011A,Vehicle crime,Investigation complete; no suspect identified,
,2021-06,Derbyshire Constabulary,Derbyshire Constabulary,-1.293460,52.904484,On or near Bracken Road,E01019652,Erewash 011B,Anti-social behaviour,,
16a0d4029bdff6bc9dc55938a1f121035001c54c0e0a0d287755b1df3b0b5217,2021-06,Derbyshire Constabulary,Derbyshire Constabulary,-1.283286,52.903875,On or near Humber Road,E01019652,Erewash 011B,Burglary,Investigation complete; no suspect identified,
074e39a90400985c94453fd9c553b0da9ceac05e2a9ec6a62097e04be702bcb8,2021-06,Derbyshire Constabulary,Derbyshire Constabulary,-1.283073,52.904179,On or near Supermarket,E01019652,Erewash 011B,Criminal damage and arson,Investigation complete; no suspect identified,
088fe40762b021694e9c148307dd58d0b2f31e8b40dfe083d5c292f30a4f33a3,2021-06,Derbyshire Constabulary,Derbyshire Constabulary,-1.293460,52.904484,On or near Bracken Road,E01019652,Erewash 011B,Violence and sexual offences,Unable to prosecute suspect,
,2021-06,Derbyshire Constabulary,Derbyshire Constabulary,-1.294706,52.900077,On or near Cotswold Close,E01019653,Erewash 011C,Anti-social behaviour,,
,2021-06,Derbyshire Constabulary,Derbyshire Constabulary,-1.294706,52.900077,On or near Cotswold Close,E01019653,Erewash 011C,Anti-social behaviour,,
6fa4725cdfca95c9c088c858c8ba676a5e803a2e9a59bf13d6b117dfac62d508,2021-06,Derbyshire Constabulary,Derbyshire Constabulary,-1.297895,52.902407,On or near Cuillin Close,E01019653,Erewash 011C,Bicycle theft,Investigation complete; no suspect identified,
62697b5eb529c571ce92cc3928e611c3192a77f836aebb890d1fb339e0a8b00a,2021-06,Derbyshire Constabulary,Derbyshire Constabulary,-1.288218,52.901387,On or near Rose Court,E01019653,Erewash 011C,Vehicle crime,Unable to prosecute suspect,
c29dd5e4d815e6f42904d0262578b001a9324b09e8cde0cd9b14e37e44f963cf,2021-06,Derbyshire Constabulary,Derbyshire Constabulary,-1.286843,52.900021,On or near Westhorpe Drive,E01019653,Erewash 011C,Violence and sexual offences,Investigation complete; no suspect identified,
5cc8b6beff235050fd2261bd410a5137e462e2060d8307d0b8bb9bf05e68024f,2021-06,Derbyshire Constabulary,Derbyshire Constabulary,-1.291657,52.900176,On or near Derby Road,E01019653,Erewash 011C,Violence and sexual offences,Unable to prosecute suspect,
,2021-06,Derbyshire Constabulary,Derbyshire Constabulary,-1.299443,52.889345,On or near Tynedale Close,E01019707,Erewash 011D,Anti-social behaviour,,
6d9e8fcf2f1abdd5244f0f16f00377337036319d8a1e5eb3434b9b89f1f2a9ea,2021-06,Derbyshire Constabulary,Derbyshire Constabulary,-1.297712,52.889784,On or near Calderdale Drive,E01019707,Erewash 011D,Public order,Unable to prosecute suspect,
,2021-06,Derbyshire Constabulary,Derbyshire Constabulary,-1.288441,52.890484,On or near Hooley Close,E01019708,Erewash 011E,Anti-social behaviour,,
,2021-06,Derbyshire Constabulary,Derbyshire Constabulary,-1.288441,52.890484,On or near Hooley Close,E01019708,Erewash 011E,Anti-social behaviour,,
,2021-06,Derbyshire Constabulary,Derbyshire Constabulary,-1.290714,52.892386,On or near Supermarket,E01019708,Erewash 011E,Anti-social behaviour,,
c792e226e1ebbf152f58dd68811f7854092f14dc35d7101a6d3a1602bb832d69,2021-06,Derbyshire Constabulary,Derbyshire Constabulary,-1.290714,52.892386,On or near Supermarket,E01019708,Erewash 011E,Public order,Awaiting court outcome,
90848f23ee229a0b680c40140c1fa3936c7e364121b03851fb7a3eb660f48230,2021-06,Derbyshire Constabulary,Derbyshire Constabulary,-1.290714,52.892386,On or near Supermarket,E01019708,Erewash 011E,Shoplifting,Status update unavailable,
7f54eda96dfe98364115d13665a06610b390ce687086dff7ce31b4974fe0f8e1,2021-06,Derbyshire Constabulary,Derbyshire Constabulary,-1.296403,52.895386,On or near Crown Close,E01019708,Erewash 011E,Violence and sexual offences,Awaiting court outcome,
9b4f55db2ffdcb66f062a01b35bd4f06c100de3b9d9b8a48ab9d746d1c2ce0cf,2021-06,Derbyshire Constabulary,Derbyshire Constabulary,-1.291621,52.892355,On or near Cooke Close,E01019708,Erewash 011E,Violence and sexual offences,Unable to prosecute suspect,
,2021-06,Derbyshire Constabulary,Derbyshire Constabulary,-1.277227,52.900745,On or near Derby Road,E01019647,Erewash 012A,Anti-social behaviour,,
,2021-06,Derbyshire Constabulary,Derbyshire Constabulary,-1.275843,52.899919,On or near Further/Higher Educational Building,E01019647,Erewash 012A,Anti-social behaviour,,
,2021-06,Derbyshire Constabulary,Derbyshire Constabulary,-1.271857,52.897387,On or near Supermarket,E01019647,Erewash 012A,Anti-social behaviour,,
,2021-06,Derbyshire Constabulary,Derbyshire Constabulary,-1.279941,52.901157,On or near The Pingle,E01019647,Erewash 012A,Anti-social behaviour,,
,2021-06,Derbyshire Constabulary,Derbyshire Constabulary,-1.271857,52.897387,On or near Supermarket,E01019647,Erewash 012A,Anti-social behaviour,,
,2021-06,Derbyshire Constabulary,Derbyshire Constabulary,-1.281740,52.901141,On or near Elm Avenue,E01019647,Erewash 012A,Anti-social behaviour,,
,2021-06,Derbyshire Constabulary,Derbyshire Constabulary,-1.272683,52.895126,On or near Tamworth Road,E01019647,Erewash 012A,Anti-social behaviour,,
,2021-06,Derbyshire Constabulary,Derbyshire Constabulary,-1.273556,52.896273,On or near Broad Street,E01019647,Erewash 012A,Anti-social behaviour,,
,2021-06,Derbyshire Constabulary,Derbyshire Constabulary,-1.277799,52.899410,On or near Lime Terrace,E01019647,Erewash 012A,Anti-social behaviour,,
,2021-06,Derbyshire Constabulary,Derbyshire Constabulary,-1.274304,52.899514,On or near Fletcher Street,E01019647,Erewash 012A,Anti-social behaviour,,
,2021-06,Derbyshire Constabulary,Derbyshire Constabulary,-1.272683,52.895126,On or near Tamworth Road,E01019647,Erewash 012A,Anti-social behaviour,,
,2021-06,Derbyshire Constabulary,Derbyshire Constabulary,-1.271857,52.897387,On or near Supermarket,E01019647,Erewash 012A,Anti-social behaviour,,
,2021-06,Derbyshire Constabulary,Derbyshire Constabulary,-1.275762,52.899469,On or near Leopold Street,E01019647,Erewash 012A,Anti-social behaviour,,
,2021-06,Derbyshire Constabulary,Derbyshire Constabulary,-1.277829,52.904803,On or near Britannia Road,E01019647,Erewash 012A,Anti-social behaviour,,
,2021-06,Derbyshire Constabulary,Derbyshire Constabulary,-1.275589,52.893769,On or near Parking Area,E01019647,Erewash 012A,Anti-social behaviour,,
06293c399c9b329568aaa8170eca2cd175918a9d574664fbf5bceb3680488875,2021-06,Derbyshire Constabulary,Derbyshire Constabulary,-1.273082,52.898805,On or near Regent Street,E01019647,Erewash 012A,Bicycle theft,Investigation complete; no suspect identified,
bf1bb7b070eaa42645eead8425d01e27e223f68c8697c9588295e6c5489f3a5e,2021-06,Derbyshire Constabulary,Derbyshire Constabulary,-1.273082,52.898805,On or near Regent Street,E01019647,Erewash 012A,Bicycle theft,Investigation complete; no suspect identified,
09c7a82a79c55bc2bb2359b997b3c7ea2d83334ac9f63880b0047d17e1dceca9,2021-06,Derbyshire Constabulary,Derbyshire Constabulary,-1.273082,52.898805,On or near Regent Street,E01019647,Erewash 012A,Bicycle theft,Investigation complete; no suspect identified,
475a0371ec4cafc2a1314bfe178f6de52b4b42c098f90128996357498199f12d,2021-06,Derbyshire Constabulary,Derbyshire Constabulary,-1.273082,52.898805,On or near Regent Street,E01019647,Erewash 012A,Bicycle theft,Investigation complete; no suspect identified,
080eeeead5ce220ddff1bc0639fa8064dfa8159b0e9cc5c49f11e64023f89c9f,2021-06,Derbyshire Constabulary,Derbyshire Constabulary,-1.273655,52.898306,On or near Lawrence Street,E01019647,Erewash 012A,Burglary,Unable to prosecute suspect,
6daef0e5c09072b38728e4cb8dcfeead503b5416174269f95ff8ea1ed13e8a1c,2021-06,Derbyshire Constabulary,Derbyshire Constabulary,-1.277227,52.900745,On or near Derby Road,E01019647,Erewash 012A,Criminal damage and arson,Investigation complete; no suspect identified,
0c8917476277e9986b3601fd5837aa4fb238f6aa66acca5f398755838a4c293a,2021-06,Derbyshire Constabulary,Derbyshire Constabulary,-1.277227,52.900745,On or near Derby Road,E01019647,Erewash 012A,Criminal damage and arson,Investigation complete; no suspect identified,
7fa03e7cc495de1c0e8c93a6f52ffd73997c402ac6995973d0db73522b2c927d,2021-06,Derbyshire Constabulary,Derbyshire Constabulary,-1.277227,52.900745,On or near Derby Road,E01019647,Erewash 012A,Criminal damage and arson,Investigation complete; no suspect identified,
3f3f9791365e5d0051ec0fdac9c766e49fe37ef60a1f9b9b0638eaef429bb36d,2021-06,Derbyshire Constabulary,Derbyshire Constabulary,-1.274304,52.899514,On or near Fletcher Street,E01019647,Erewash 012A,Criminal damage and arson,Investigation complete; no suspect identified,
3c98f744e2bb4a8e931be7faa42dadb7bb88b35d6f158127d6ac72c950ef37fe,2021-06,Derbyshire Constabulary,Derbyshire Constabulary,-1.277227,52.900745,On or near Derby Road,E01019647,Erewash 012A,Criminal damage and arson,Investigation complete; no suspect identified,
b4280a3adbf980fba81da817268da57a138c51d9e7f1ee0d35974952dc5d301d,2021-06,Derbyshire Constabulary,Derbyshire Constabulary,-1.275973,52.902841,On or near Bridge Street,E01019647,Erewash 012A,Criminal damage and arson,Unable to prosecute suspect,
2d30ee4daff851874b7c4d13ab8bf394039d34c259f399f27abf22faa86cc0e5,2021-06,Derbyshire Constabulary,Derbyshire Constabulary,-1.277829,52.904803,On or near Britannia Road,E01019647,Erewash 012A,Criminal damage and arson,Investigation complete; no suspect identified,
944007a279b18785740d319dd23827a558999a132234cad5162c58c12f6b8562,2021-06,Derbyshire Constabulary,Derbyshire Constabulary,-1.277829,52.904803,On or near Britannia Road,E01019647,Erewash 012A,Criminal damage and arson,Investigation complete; no suspect identified,
197b91c2c3eda51dcec7f7c2a4bf877c28e7e9d79c62ad32a31d97bd6b6afd88,2021-06,Derbyshire Constabulary,Derbyshire Constabulary,-1.277829,52.904803,On or near Britannia Road,E01019647,Erewash 012A,Criminal damage and arson,Investigation complete; no suspect identified,
06df13cb857d6d3b789c323203bdb71f6077d3fb1fc54fe499e4fe5ed61ea79d,2021-06,Derbyshire Constabulary,Derbyshire Constabulary,-1.273082,52.898805,On or near Regent Street,E01019647,Erewash 012A,Other theft,Investigation complete; no suspect identified,
753ee3341f7f7cb4ffa3fa03a1828a9fcd5accc7e5995593b6e24d8245d54038,2021-06,Derbyshire Constabulary,Derbyshire Constabulary,-1.272683,52.895126,On or near Tamworth Road,E01019647,Erewash 012A,Other theft,Investigation complete; no suspect identified,
0156f04b11a850db673d98de88f55b9387db59c6b0b7cbe808bf1090bc824358,2021-06,Derbyshire Constabulary,Derbyshire Constabulary,-1.273082,52.898805,On or near Regent Street,E01019647,Erewash 012A,Other theft,Investigation complete; no suspect identified,
1cb71eba534225d6905012dc0bbe635fd7656143a303af19cc772b4b90be296c,2021-06,Derbyshire Constabulary,Derbyshire Constabulary,-1.273082,52.898805,On or near Regent Street,E01019647,Erewash 012A,Other theft,Investigation complete; no suspect identified,
d200bda1736ed26a4b1ea3401bca3f58a2aeb36753c8ba59e7be3712d745291e,2021-06,Derbyshire Constabulary,Derbyshire Constabulary,-1.274304,52.899514,On or near Fletcher Street,E01019647,Erewash 012A,Other theft,Investigation complete; no suspect identified,
55eae9eea52919ee3986a964a6b8cf77a5ef3e3f36770d2b0a14804aa555226e,2021-06,Derbyshire Constabulary,Derbyshire Constabulary,-1.273655,52.898306,On or near Lawrence Street,E01019647,Erewash 012A,Other theft,Unable to prosecute suspect,
0936fd4456a680f3317c7fd4ac04c1e6d17a60b2846c873cc7a5cc779ad0a686,2021-06,Derbyshire Constabulary,Derbyshire Constabulary,-1.277227,52.900745,On or near Derby Road,E01019647,Erewash 012A,Possession of weapons,Investigation complete; no suspect identified,
f4d4d6981de4a75c4d35a145283da956de66005fde17b6e46268543df7703ec4,2021-06,Derbyshire Constabulary,Derbyshire Constabulary,-1.272924,52.899353,On or near Oxford Street,E01019647,Erewash 012A,Public order,Unable to prosecute suspect,
7ed98c12ef0b8793ecbf26c5450d08c8fb6aba5231ca2e02f79bf311ca7f08a5,2021-06,Derbyshire Constabulary,Derbyshire Constabulary,-1.277799,52.899410,On or near Lime Terrace,E01019647,Erewash 012A,Public order,Unable to prosecute suspect,
26c622c4cf2f2af65a02ea2ce6c28f4150149a6fa4bb3257ad4ab363e76967c7,2021-06,Derbyshire Constabulary,Derbyshire Constabulary,-1.271857,52.897387,On or near Supermarket,E01019647,Erewash 012A,Public order,Investigation complete; no suspect identified,
78a47b3883642bb113347945321509b0e509bbd86855cd04e38a18b448b900e4,2021-06,Derbyshire Constabulary,Derbyshire Constabulary,-1.281740,52.901141,On or near Elm Avenue,E01019647,Erewash 012A,Public order,Investigation complete; no suspect identified,
c85d4e38c05be24f6ee1979402b47707d8cea9a7fffda43756f3d5c062a366a7,2021-06,Derbyshire Constabulary,Derbyshire Constabulary,-1.279941,52.901157,On or near The Pingle,E01019647,Erewash 012A,Public order,Unable to prosecute suspect,
00f2aeaaaac5827015eed1255c5b87d0b7178a5e156cea9975bc0f12e5e694ff,2021-06,Derbyshire Constabulary,Derbyshire Constabulary,-1.273556,52.896273,On or near Broad Street,E01019647,Erewash 012A,Public order,Investigation complete; no suspect identified,
33d25819e642a0a8fca016b4b73d21412251a743d98a43f790e4f8b8d1f844ac,2021-06,Derbyshire Constabulary,Derbyshire Constabulary,-1.271857,52.897387,On or near Supermarket,E01019647,Erewash 012A,Public order,Offender given penalty notice,
529d442457d8fec62c0b75193c4e63be72356dbc45772345cf15145dabf6e54a,2021-06,Derbyshire Constabulary,Derbyshire Constabulary,-1.271857,52.897387,On or near Supermarket,E01019647,Erewash 012A,Public order,Unable to prosecute suspect,
2e0f108d1cbbb90406d6c36b0b4740790c129796a1eaa10c87ab9a209f5f6a70,2021-06,Derbyshire Constabulary,Derbyshire Constabulary,-1.271857,52.897387,On or near Supermarket,E01019647,Erewash 012A,Shoplifting,Local resolution,
847255be9412c98d0deb6f91e6e06bfa69c138309f40411de634fef14d5b5c74,2021-06,Derbyshire Constabulary,Derbyshire Constabulary,-1.271857,52.897387,On or near Supermarket,E01019647,Erewash 012A,Shoplifting,Investigation complete; no suspect identified,
f8297fe9d7bd2a5c1627f00969fec2ad4f2c88f1b3fc5f8fe4efdb5485418313,2021-06,Derbyshire Constabulary,Derbyshire Constabulary,-1.278589,52.900232,On or near Prince Street,E01019647,Erewash 012A,Violence and sexual offences,Investigation complete; no suspect identified,
1a8a13c822713cdf54ee127685fcb34343667c24f075f14a4ceaee650ce463e4,2021-06,Derbyshire Constabulary,Derbyshire Constabulary,-1.273286,52.897260,On or near Albert Road,E01019647,Erewash 012A,Violence and sexual offences,Further investigation is not in the public interest,
ffee55955fee048f32bcfba4db5f797f9331146e0a411d136e0090ee081dd277,2021-06,Derbyshire Constabulary,Derbyshire Constabulary,-1.273556,52.896273,On or near Broad Street,E01019647,Erewash 012A,Violence and sexual offences,Unable to prosecute suspect,
5faff047522e6e5d5d3f9108902f4b7d89e5434d6d102de25167fd85a75cf2df,2021-06,Derbyshire Constabulary,Derbyshire Constabulary,-1.275973,52.902841,On or near Bridge Street,E01019647,Erewash 012A,Violence and sexual offences,Unable to prosecute suspect,
65a4ed0ead747e80a9b658a744fdad8a9d7017fadcf3188c10874cf9c28d98f2,2021-06,Derbyshire Constabulary,Derbyshire Constabulary,-1.277829,52.904803,On or near Britannia Road,E01019647,Erewash 012A,Violence and sexual offences,Status update unavailable,
2132d328386479265c88d26481d1444e15f975fbf2051adfc8a12e2f48005544,2021-06,Derbyshire Constabulary,Derbyshire Constabulary,-1.272924,52.899353,On or near Oxford Street,E01019647,Erewash 012A,Violence and sexual offences,Unable to prosecute suspect,
cb782139e6991ac48562b2a8d1dc42cfe84e66c6539eced296278df0c1788213,2021-06,Derbyshire Constabulary,Derbyshire Constabulary,-1.271857,52.897387,On or near Supermarket,E01019647,Erewash 012A,Violence and sexual offences,Unable to prosecute suspect,
b00c5f18dd2898f2e0987c0017e1d135589ed79ccb63dec4b552b09db6150419,2021-06,Derbyshire Constabulary,Derbyshire Constabulary,-1.271857,52.897387,On or near Supermarket,E01019647,Erewash 012A,Violence and sexual offences,Status update unavailable,
0cbda387a8fba4d3aba5a060f590a32b2890f7b767ebe5eb1395756ab90b2dac,2021-06,Derbyshire Constabulary,Derbyshire Constabulary,-1.277829,52.904803,On or near Britannia Road,E01019647,Erewash 012A,Violence and sexual offences,Status update unavailable,
ed65adb3279b0a3ed07a2262bb74878fb782691bf8600512f3f324497c37eaa1,2021-06,Derbyshire Constabulary,Derbyshire Constabulary,-1.273655,52.898306,On or near Lawrence Street,E01019647,Erewash 012A,Violence and sexual offences,Unable to prosecute suspect,
e889910806711fe97c80c2f3610ba65b5e93cc01d68f85dec6ae4faa1229aa08,2021-06,Derbyshire Constabulary,Derbyshire Constabulary,-1.275843,52.899919,On or near Further/Higher Educational Building,E01019647,Erewash 012A,Violence and sexual offences,Unable to prosecute suspect,
fd04884bbf9a9c5452cf3c3f54583f5752c3c6201c98ec946154ecd6cbe0b867,2021-06,Derbyshire Constabulary,Derbyshire Constabulary,-1.276527,52.901712,On or near Hamilton Road,E01019647,Erewash 012A,Violence and sexual offences,Awaiting court outcome,
d0b0baebc2449fa342fe5857f67bb04b393227a5de08df6e275dfef2c65a297d,2021-06,Derbyshire Constabulary,Derbyshire Constabulary,-1.277829,52.904803,On or near Britannia Road,E01019647,Erewash 012A,Violence and sexual offences,Unable to prosecute suspect,
7b29c3291cbf743149edd7beebc3f779970904149d42ff997713ccbdf08970ea,2021-06,Derbyshire Constabulary,Derbyshire Constabulary,-1.273556,52.896273,On or near Broad Street,E01019647,Erewash 012A,Violence and sexual offences,Investigation complete; no suspect identified,
bb7f857b5ac6773ca110bfa4c0c86681cde4d03ecc5f9ae75421b6dd54a24cf2,2021-06,Derbyshire Constabulary,Derbyshire Constabulary,-1.275973,52.902841,On or near Bridge Street,E01019647,Erewash 012A,Violence and sexual offences,Unable to prosecute suspect,
,2021-06,Derbyshire Constabulary,Derbyshire Constabulary,-1.274042,52.893822,On or near Kirkewhite Avenue,E01019675,Erewash 012B,Anti-social behaviour,,
,2021-06,Derbyshire Constabulary,Derbyshire Constabulary,-1.267131,52.889393,On or near Acton Grove,E01019675,Erewash 012B,Anti-social behaviour,,
10141290edf58256e50c2c6dfedd8b6c5c3d0ffc3af35ce48cc6b61f65d955c6,2021-06,Derbyshire Constabulary,Derbyshire Constabulary,-1.270913,52.894315,On or near Lower Brook Street,E01019675,Erewash 012B,Criminal damage and arson,Investigation complete; no suspect identified,
93c6dc5d5803bad91a491d08898ac022df1efbeb97d3083839737907621437ac,2021-06,Derbyshire Constabulary,Derbyshire Constabulary,-1.273262,52.887165,On or near Victory Close,E01019675,Erewash 012B,Public order,Investigation complete; no suspect identified,
55491bf088d928a4ddec2723694943983e1e89cbc4a9ef70d64c49a129a4f91e,2021-06,Derbyshire Constabulary,Derbyshire Constabulary,-1.270913,52.894315,On or near Lower Brook Street,E01019675,Erewash 012B,Violence and sexual offences,Status update unavailable,
97687d20adee8fa83a5f420846ef440747a6da079e6c374be326d51c7598abbb,2021-06,Derbyshire Constabulary,Derbyshire Constabulary,-1.269671,52.892995,On or near Mitchell Street,E01019675,Erewash 012B,Violence and sexual offences,Investigation complete; no suspect identified,
dcf6af89e18735134a4f8b170eb72e8080ffd851ae6d9cd1a064104f73395907,2021-06,Derbyshire Constabulary,Derbyshire Constabulary,-1.273262,52.887165,On or near Victory Close,E01019675,Erewash 012B,Violence and sexual offences,Awaiting court outcome,
0baf1f5a2ed664156ceb2ebc0fae2d708003bbb2f719c7bb18b55a8410258bad,2021-06,Derbyshire Constabulary,Derbyshire Constabulary,-1.270913,52.894315,On or near Lower Brook Street,E01019675,Erewash 012B,Violence and sexual offences,Status update unavailable,
6179c63bd73a07b09f49c725b20f07c7d17a2868657a54f3fe3b2977ec0a29b7,2021-06,Derbyshire Constabulary,Derbyshire Constabulary,-1.270913,52.894315,On or near Lower Brook Street,E01019675,Erewash 012B,Violence and sexual offences,Investigation complete; no suspect identified,
0206e1d47e3d842203ff268c4a45d3e8e3da204bb54bcf87e8b0e99f4756d1c3,2021-06,Derbyshire Constabulary,Derbyshire Constabulary,-1.269671,52.892995,On or near Mitchell Street,E01019675,Erewash 012B,Violence and sexual offences,Investigation complete; no suspect identified,
,2021-06,Derbyshire Constabulary,Derbyshire Constabulary,-1.271199,52.901158,On or near Midland Street,E01019679,Erewash 012C,Anti-social behaviour,,
,2021-06,Derbyshire Constabulary,Derbyshire Constabulary,-1.263552,52.903242,On or near Florence Avenue,E01019679,Erewash 012C,Anti-social behaviour,,
,2021-06,Derbyshire Constabulary,Derbyshire Constabulary,-1.266007,52.902250,On or near Mayfield Grove,E01019679,Erewash 012C,Anti-social behaviour,,
,2021-06,Derbyshire Constabulary,Derbyshire Constabulary,-1.266007,52.902250,On or near Mayfield Grove,E01019679,Erewash 012C,Anti-social behaviour,,
,2021-06,Derbyshire Constabulary,Derbyshire Constabulary,-1.266007,52.902250,On or near Mayfield Grove,E01019679,Erewash 012C,Anti-social behaviour,,
,2021-06,Derbyshire Constabulary,Derbyshire Constabulary,-1.274195,52.904260,On or near Willow Avenue,E01019679,Erewash 012C,Anti-social behaviour,,
7b59d18675122575a33b7d00bfedf7c7c9c24cc8df243975011d977e3f3349c8,2021-06,Derbyshire Constabulary,Derbyshire Constabulary,-1.265560,52.901447,On or near Beech Avenue,E01019679,Erewash 012C,Criminal damage and arson,Unable to prosecute suspect,
b1f8b429a74fe291778d28b82c1b480a7340957cf23acc17bd73a0ee0e411624,2021-06,Derbyshire Constabulary,Derbyshire Constabulary,-1.263552,52.903242,On or near Florence Avenue,E01019679,Erewash 012C,Criminal damage and arson,Unable to prosecute suspect,
956a6445a7db2e29227af601448276562cc52677ebab8552ae08f96e081b6060,2021-06,Derbyshire Constabulary,Derbyshire Constabulary,-1.266007,52.902250,On or near Mayfield Grove,E01019679,Erewash 012C,Criminal damage and arson,Investigation complete; no suspect identified,
c9fbf345d152e46b334e739ddfd83f4491a5444f864e340a102a25ace1f53441,2021-06,Derbyshire Constabulary,Derbyshire Constabulary,-1.271199,52.901158,On or near Midland Street,E01019679,Erewash 012C,Public order,Unable to prosecute suspect,
7599b2f39034d71586044f519c3f24e8498b78199b7db5a79f90dfc6d6134447,2021-06,Derbyshire Constabulary,Derbyshire Constabulary,-1.271199,52.901158,On or near Midland Street,E01019679,Erewash 012C,Public order,Unable to prosecute suspect,
2225f517b4f1e8a6e24e1812a0190495baf20598eb94dfe22e5e2441dd253173,2021-06,Derbyshire Constabulary,Derbyshire Constabulary,-1.274343,52.901663,On or near Walton Street,E01019679,Erewash 012C,Public order,Unable to prosecute suspect,
8abc5b3299875d8b646854b563a6ada844ed57666fdbbb96d3fadfef2b699a54,2021-06,Derbyshire Constabulary,Derbyshire Constabulary,-1.271199,52.901158,On or near Midland Street,E01019679,Erewash 012C,Shoplifting,Investigation complete; no suspect identified,
4dc607d442f50e646641372779b589975cd885575c81e032bf5f28a904b1a3fb,2021-06,Derbyshire Constabulary,Derbyshire Constabulary,-1.271199,52.901158,On or near Midland Street,E01019679,Erewash 012C,Shoplifting,Investigation complete; no suspect identified,
c9b5fd9fa54685701d36f8dc5ef0b5563129fc8852b60bc534346f343c5cd588,2021-06,Derbyshire Constabulary,Derbyshire Constabulary,-1.271199,52.901158,On or near Midland Street,E01019679,Erewash 012C,Shoplifting,Awaiting court outcome,
846a2bfb9cec989565f025a1aad4d1b26f9216f91978a9881115aedcec1f15d4,2021-06,Derbyshire Constabulary,Derbyshire Constabulary,-1.271199,52.901158,On or near Midland Street,E01019679,Erewash 012C,Shoplifting,Investigation complete; no suspect identified,
c85b18102ef3325b719004da816d8ea4140d34e77d92c01cf1adcb699a590655,2021-06,Derbyshire Constabulary,Derbyshire Constabulary,-1.266007,52.902250,On or near Mayfield Grove,E01019679,Erewash 012C,Vehicle crime,Investigation complete; no suspect identified,
502a6d7ba98fa4acee13335a07eeac0f3208c8c388f099800a1ca80c1258b9e3,2021-06,Derbyshire Constabulary,Derbyshire Constabulary,-1.274195,52.904260,On or near Willow Avenue,E01019679,Erewash 012C,Vehicle crime,Investigation complete; no suspect identified,
9d537362cbb2945dddb8737c4f3f44dd83d7311256d193b724dea899db8a7636,2021-06,Derbyshire Constabulary,Derbyshire Constabulary,-1.274466,52.903183,On or near Dale Avenue,E01019679,Erewash 012C,Vehicle crime,Investigation complete; no suspect identified,
8b5c94acb8fc9704efddd49993dfd89ef8b8bf35a47291f6d9a6d824b2a58821,2021-06,Derbyshire Constabulary,Derbyshire Constabulary,-1.273351,52.900479,On or near Parking Area,E01019679,Erewash 012C,Violence and sexual offences,Unable to prosecute suspect,
a0c750b591d05539478198eb1b8b05fd1ad90a537fc7a7fcd297d5428be3afea,2021-06,Derbyshire Constabulary,Derbyshire Constabulary,-1.272732,52.902867,On or near Olive Avenue,E01019679,Erewash 012C,Violence and sexual offences,Unable to prosecute suspect,
bc20be3e597db73a39ec7bef2f3d18bbec7bc1a7ccf455b82eaa6be7b2912b11,2021-06,Derbyshire Constabulary,Derbyshire Constabulary,-1.271847,52.900659,On or near Parking Area,E01019679,Erewash 012C,Violence and sexual offences,Awaiting court outcome,
f6aaf3d3a5edf0e6b3eae686d6b26c56fc3cec46a57aabae524d27f851b0917e,2021-06,Derbyshire Constabulary,Derbyshire Constabulary,-1.274466,52.903183,On or near Dale Avenue,E01019679,Erewash 012C,Violence and sexual offences,Unable to prosecute suspect,
ae7361237d2ee79cbeaca1dc61dbe5d40ea32f29a1b2d61592cf456499923199,2021-06,Derbyshire Constabulary,Derbyshire Constabulary,-1.274466,52.903183,On or near Dale Avenue,E01019679,Erewash 012C,Violence and sexual offences,Unable to prosecute suspect,
,2021-06,Derbyshire Constabulary,Derbyshire Constabulary,-1.269751,52.896214,On or near Claye Street,E01019682,Erewash 012D,Anti-social behaviour,,
,2021-06,Derbyshire Constabulary,Derbyshire Constabulary,-1.269751,52.896214,On or near Claye Street,E01019682,Erewash 012D,Anti-social behaviour,,
,2021-06,Derbyshire Constabulary,Derbyshire Constabulary,-1.269751,52.896214,On or near Claye Street,E01019682,Erewash 012D,Anti-social behaviour,,
,2021-06,Derbyshire Constabulary,Derbyshire Constabulary,-1.268041,52.898882,On or near Supermarket,E01019682,Erewash 012D,Anti-social behaviour,,
,2021-06,Derbyshire Constabulary,Derbyshire Constabulary,-1.268041,52.898882,On or near Supermarket,E01019682,Erewash 012D,Anti-social behaviour,,
,2021-06,Derbyshire Constabulary,Derbyshire Constabulary,-1.269380,52.895286,On or near Orchard Street,E01019682,Erewash 012D,Anti-social behaviour,,
,2021-06,Derbyshire Constabulary,Derbyshire Constabulary,-1.272004,52.896623,On or near Tamworth Road,E01019682,Erewash 012D,Anti-social behaviour,,
,2021-06,Derbyshire Constabulary,Derbyshire Constabulary,-1.270993,52.895727,On or near Northcote Street,E01019682,Erewash 012D,Anti-social behaviour,,
,2021-06,Derbyshire Constabulary,Derbyshire Constabulary,-1.269046,52.897504,On or near New Street,E01019682,Erewash 012D,Anti-social behaviour,,
,2021-06,Derbyshire Constabulary,Derbyshire Constabulary,-1.264575,52.897297,On or near East Street,E01019682,Erewash 012D,Anti-social behaviour,,
,2021-06,Derbyshire Constabulary,Derbyshire Constabulary,-1.270993,52.895727,On or near Northcote Street,E01019682,Erewash 012D,Anti-social behaviour,,
,2021-06,Derbyshire Constabulary,Derbyshire Constabulary,-1.270993,52.895727,On or near Northcote Street,E01019682,Erewash 012D,Anti-social behaviour,,
,2021-06,Derbyshire Constabulary,Derbyshire Constabulary,-1.269046,52.897504,On or near New Street,E01019682,Erewash 012D,Anti-social behaviour,,
,2021-06,Derbyshire Constabulary,Derbyshire Constabulary,-1.268041,52.898882,On or near Supermarket,E01019682,Erewash 012D,Anti-social behaviour,,
,2021-06,Derbyshire Constabulary,Derbyshire Constabulary,-1.267908,52.897947,On or near Peel Street,E01019682,Erewash 012D,Anti-social behaviour,,
,2021-06,Derbyshire Constabulary,Derbyshire Constabulary,-1.268041,52.898882,On or near Supermarket,E01019682,Erewash 012D,Anti-social behaviour,,
,2021-06,Derbyshire Constabulary,Derbyshire Constabulary,-1.269046,52.897504,On or near New Street,E01019682,Erewash 012D,Anti-social behaviour,,
,2021-06,Derbyshire Constabulary,Derbyshire Constabulary,-1.265326,52.899423,On or near Conway Road,E01019682,Erewash 012D,Anti-social behaviour,,
,2021-06,Derbyshire Constabulary,Derbyshire Constabulary,-1.270993,52.895727,On or near Northcote Street,E01019682,Erewash 012D,Anti-social behaviour,,
,2021-06,Derbyshire Constabulary,Derbyshire Constabulary,-1.267381,52.895714,On or near Bank Street,E01019682,Erewash 012D,Anti-social behaviour,,
,2021-06,Derbyshire Constabulary,Derbyshire Constabulary,-1.272004,52.896623,On or near Tamworth Road,E01019682,Erewash 012D,Anti-social behaviour,,
,2021-06,Derbyshire Constabulary,Derbyshire Constabulary,-1.268041,52.898882,On or near Supermarket,E01019682,Erewash 012D,Anti-social behaviour,,
49e104bf526db88723e7b840e0ff968735c50039dd56d13f102e68d50804b068,2021-06,Derbyshire Constabulary,Derbyshire Constabulary,-1.268569,52.897573,On or near Parking Area,E01019682,Erewash 012D,Bicycle theft,Investigation complete; no suspect identified,
52e311cb3de604de25003533e4cce73146c47dc7afb1661d93257b75ff8e3841,2021-06,Derbyshire Constabulary,Derbyshire Constabulary,-1.268041,52.898882,On or near Supermarket,E01019682,Erewash 012D,Criminal damage and arson,Investigation complete; no suspect identified,
ecb38e27e07324ea02f4e52e0ca6c043c8c5b96c24d53854c154ac624575c399,2021-06,Derbyshire Constabulary,Derbyshire Constabulary,-1.268041,52.898882,On or near Supermarket,E01019682,Erewash 012D,Criminal damage and arson,Investigation complete; no suspect identified,
64b6de9a3c059f2094b079e3ffa8edd808252c031ffaf015a13257cd5d6474a9,2021-06,Derbyshire Constabulary,Derbyshire Constabulary,-1.268569,52.897573,On or near Parking Area,E01019682,Erewash 012D,Criminal damage and arson,Local resolution,
5dcfe1a0c54a25301d861a45bc3d542dcd892643e397dbc07259d8408dfb9967,2021-06,Derbyshire Constabulary,Derbyshire Constabulary,-1.269380,52.895286,On or near Orchard Street,E01019682,Erewash 012D,Criminal damage and arson,Unable to prosecute suspect,
9c5c9daf85bbbda83fea5f5df7dd5b9a4d9aa60d3d96bd246dc8c2124735b13b,2021-06,Derbyshire Constabulary,Derbyshire Constabulary,-1.264575,52.897297,On or near East Street,E01019682,Erewash 012D,Other theft,Unable to prosecute suspect,
e1941c231f5816059c14fd39abaea417e12c32b192f84decb5ad7d75592a7c57,2021-06,Derbyshire Constabulary,Derbyshire Constabulary,-1.269046,52.897504,On or near New Street,E01019682,Erewash 012D,Other theft,Investigation complete; no suspect identified,
4cb026e814588609eeba7e1c9bc9f8828b773e8c182ca2cd659607e8935f8c9a,2021-06,Derbyshire Constabulary,Derbyshire Constabulary,-1.268041,52.898882,On or near Supermarket,E01019682,Erewash 012D,Other theft,Investigation complete; no suspect identified,
34bb99d270d5aa89b46bf5a034d7e7c5c15dae0d59e30890387080ec32dc0199,2021-06,Derbyshire Constabulary,Derbyshire Constabulary,-1.269046,52.897504,On or near New Street,E01019682,Erewash 012D,Other theft,Investigation complete; no suspect identified,
1e4db627d0b3d91940811272885b524f7283c2bd0576abe9c39d4d66586215a9,2021-06,Derbyshire Constabulary,Derbyshire Constabulary,-1.264575,52.897297,On or near East Street,E01019682,Erewash 012D,Other theft,Unable to prosecute suspect,
55f2ff0f3f6d20b9a8d8de65650b199b5d38b65c9d89919f98065c9bc66e8c79,2021-06,Derbyshire Constabulary,Derbyshire Constabulary,-1.269046,52.897504,On or near New Street,E01019682,Erewash 012D,Other theft,Investigation complete; no suspect identified,
965c10f95351867b3538d0cf980ede53104f001cca9e9aac5385c1d943e1f06c,2021-06,Derbyshire Constabulary,Derbyshire Constabulary,-1.272341,52.895097,On or near Lower Brook Street,E01019682,Erewash 012D,Other theft,Investigation complete; no suspect identified,
f7efcacfcec0c4a9c3ce71e18994fa6228bef3c812d4f55019a379e2a1e3b943,2021-06,Derbyshire Constabulary,Derbyshire Constabulary,-1.270293,52.894950,On or near Stanley Street,E01019682,Erewash 012D,Other theft,Investigation complete; no suspect identified,
9b21b9c00bc23f0bbcf2c0232a48868cd480f5eb26f9bf0236c6e012f606b332,2021-06,Derbyshire Constabulary,Derbyshire Constabulary,-1.264575,52.897297,On or near East Street,E01019682,Erewash 012D,Public order,Unable to prosecute suspect,
3ed082cf21b37e9cb8bc3707f53aab581aeb9945851dea21a0260cadbb0253f1,2021-06,Derbyshire Constabulary,Derbyshire Constabulary,-1.268041,52.898882,On or near Supermarket,E01019682,Erewash 012D,Public order,Investigation complete; no suspect identified,
6127bfd82d1569412633c2db12358c35a44e2cb5d9acb6c7d0c6daf9a0291105,2021-06,Derbyshire Constabulary,Derbyshire Constabulary,-1.269579,52.898478,On or near Petrol Station,E01019682,Erewash 012D,Public order,Investigation complete; no suspect identified,
8e4a25f3f16f748b0e738eb3aa551bcfcf7232ea84296e532175142fc476a260,2021-06,Derbyshire Constabulary,Derbyshire Constabulary,-1.270606,52.899285,On or near Shopping Area,E01019682,Erewash 012D,Public order,Unable to prosecute suspect,
f27a41f224acbe3c27e5cbd30557293b69a94b5b6255ff76234f8268b829a18e,2021-06,Derbyshire Constabulary,Derbyshire Constabulary,-1.269380,52.895286,On or near Orchard Street,E01019682,Erewash 012D,Public order,Unable to prosecute suspect,
3f616961a1c3ab7fb1b8264cb8c34bd032257200eab72b2d7b520e3cb7e59121,2021-06,Derbyshire Constabulary,Derbyshire Constabulary,-1.268070,52.896312,On or near Howitt Street,E01019682,Erewash 012D,Shoplifting,Investigation complete; no suspect identified,
1c6b6da1e9698e4d1400746a31bb80215db549a7309e76291914f6bca4d1fd90,2021-06,Derbyshire Constabulary,Derbyshire Constabulary,-1.270606,52.899285,On or near Shopping Area,E01019682,Erewash 012D,Shoplifting,Investigation complete; no suspect identified,
c567a61e4a8c805eaec797e07b586e01b81288e8c9e54a73c294ca32b7ff59b3,2021-06,Derbyshire Constabulary,Derbyshire Constabulary,-1.268070,52.896312,On or near Howitt Street,E01019682,Erewash 012D,Shoplifting,Awaiting court outcome,
c6d33199b4d248e6d2c9338efaa192ae6fbc4b57ede897b41547f6cdb0ff9c7a,2021-06,Derbyshire Constabulary,Derbyshire Constabulary,-1.267908,52.897947,On or near Peel Street,E01019682,Erewash 012D,Shoplifting,Investigation complete; no suspect identified,
37443b2ba61f5358c320ed1c131eff6a8a5c957c2a2336a27ce147f113987904,2021-06,Derbyshire Constabulary,Derbyshire Constabulary,-1.268162,52.897013,On or near Brown'S Road,E01019682,Erewash 012D,Shoplifting,Investigation complete; no suspect identified,
6e87734811efde0b182233f01a90a394072eb5df89257fff79405c63b6c5664e,2021-06,Derbyshire Constabulary,Derbyshire Constabulary,-1.267908,52.897947,On or near Peel Street,E01019682,Erewash 012D,Shoplifting,Investigation complete; no suspect identified,
5a2c33830b16817b3c172dd8674c8a9d1e0866a5eae0617c7b6b95d0f514d155,2021-06,Derbyshire Constabulary,Derbyshire Constabulary,-1.270711,52.896615,On or near Parking Area,E01019682,Erewash 012D,Shoplifting,Formal action is not in the public interest,
cf447a37215d67ae07adda626fdd4eb5cd805654cbbbeeb9aba3905b4cac9549,2021-06,Derbyshire Constabulary,Derbyshire Constabulary,-1.267381,52.895714,On or near Bank Street,E01019682,Erewash 012D,Shoplifting,Awaiting court outcome,
a0575ab50d5d1323f72f2d99b187572dc5f6ab6f11ff3aa60ae0bd70d2f150cd,2021-06,Derbyshire Constabulary,Derbyshire Constabulary,-1.269751,52.896214,On or near Claye Street,E01019682,Erewash 012D,Shoplifting,Unable to prosecute suspect,
7153f2df9a4b993555e6f58ee166347d2d3594f208e82baf5e15a4a406f1bc63,2021-06,Derbyshire Constabulary,Derbyshire Constabulary,-1.269046,52.897504,On or near New Street,E01019682,Erewash 012D,Shoplifting,Awaiting court outcome,
70f7503cdaad3bc6d52f39a8fc48b8860922be7a197c2b6a34640881fed412f0,2021-06,Derbyshire Constabulary,Derbyshire Constabulary,-1.272004,52.896623,On or near Tamworth Road,E01019682,Erewash 012D,Shoplifting,Investigation complete; no suspect identified,
f825131fd9ddc208cbd3cf9d6b9a81c45fb5177e3b6b6661976977c796ca8083,2021-06,Derbyshire Constabulary,Derbyshire Constabulary,-1.267171,52.896737,On or near High Street,E01019682,Erewash 012D,Shoplifting,Investigation complete; no suspect identified,
8c27ae5f00c8de62803c8232557878f1d88f31c732cb259bf230c2e364091a57,2021-06,Derbyshire Constabulary,Derbyshire Constabulary,-1.270711,52.896615,On or near Parking Area,E01019682,Erewash 012D,Shoplifting,Unable to prosecute suspect,
3531a77c90bf91a15852397440c49bb7aeee73b2772b3c77f6a8e7736e331677,2021-06,Derbyshire Constabulary,Derbyshire Constabulary,-1.268041,52.898882,On or near Supermarket,E01019682,Erewash 012D,Shoplifting,Investigation complete; no suspect identified,
898086ebba44de306256e6e957e7614e108e81fa6e3abe7aff7ef6e1b6417345,2021-06,Derbyshire Constabulary,Derbyshire Constabulary,-1.268041,52.898882,On or near Supermarket,E01019682,Erewash 012D,Shoplifting,Investigation complete; no suspect identified,
097a37a2ec3ccda043dc281a248b8676caef12a71aebf748e687a1918bf94c9c,2021-06,Derbyshire Constabulary,Derbyshire Constabulary,-1.268070,52.896312,On or near Howitt Street,E01019682,Erewash 012D,Shoplifting,Awaiting court outcome,
b788a771f1accf278f134d3ce8108dfd6c4d25cee4f7b9c108a23b52b5004499,2021-06,Derbyshire Constabulary,Derbyshire Constabulary,-1.268041,52.898882,On or near Supermarket,E01019682,Erewash 012D,Shoplifting,Investigation complete; no suspect identified,
1ff651587e2a9c073d5c9137f937a6d4d5e74c341b0be45654fd5675a765cd40,2021-06,Derbyshire Constabulary,Derbyshire Constabulary,-1.268041,52.898882,On or near Supermarket,E01019682,Erewash 012D,Shoplifting,Investigation complete; no suspect identified,
16d796d11633910bba78c1f01040d96e6ea181a36918da41cdfc4374a5ca3bba,2021-06,Derbyshire Constabulary,Derbyshire Constabulary,-1.267908,52.897947,On or near Peel Street,E01019682,Erewash 012D,Shoplifting,Investigation complete; no suspect identified,
2ee12981a9c5d07dfc4ddd54fc4b8addb4006c107297861574bc49b346a5fa47,2021-06,Derbyshire Constabulary,Derbyshire Constabulary,-1.268041,52.898882,On or near Supermarket,E01019682,Erewash 012D,Shoplifting,Awaiting court outcome,
8408fe6d7695955f044548d2915dd61ce7a432236ccb9a1e1ca12af876429f49,2021-06,Derbyshire Constabulary,Derbyshire Constabulary,-1.268041,52.898882,On or near Supermarket,E01019682,Erewash 012D,Shoplifting,Investigation complete; no suspect identified,
ef36ce3b292c7b2fc9dee95a37488cb5d93872d3108a353b4c58d5a2aea3c6ce,2021-06,Derbyshire Constabulary,Derbyshire Constabulary,-1.269579,52.898478,On or near Petrol Station,E01019682,Erewash 012D,Shoplifting,Investigation complete; no suspect identified,
8b7492ffad1559369ce778f452854102172a8a1cc78c0d2176b4769c0a1df729,2021-06,Derbyshire Constabulary,Derbyshire Constabulary,-1.269751,52.896214,On or near Claye Street,E01019682,Erewash 012D,Shoplifting,Investigation complete; no suspect identified,
bf2bd02dedbb5733816855ec39890c24cb5ac1f44d08fc4a6349e9525dc84d4f,2021-06,Derbyshire Constabulary,Derbyshire Constabulary,-1.268070,52.896312,On or near Howitt Street,E01019682,Erewash 012D,Shoplifting,Awaiting court outcome,
cb040eb26967e2de84215ebc692a9033d1ba3d7c7a957ec72f8c17361216cb39,2021-06,Derbyshire Constabulary,Derbyshire Constabulary,-1.268070,52.896312,On or near Howitt Street,E01019682,Erewash 012D,Theft from the person,Investigation complete; no suspect identified,
01ac4d418235a6e0739e2c843a8e8ed47447d6a676b94bf28aaa2329d2c193ba,2021-06,Derbyshire Constabulary,Derbyshire Constabulary,-1.272004,52.896623,On or near Tamworth Road,E01019682,Erewash 012D,Theft from the person,Investigation complete; no suspect identified,
b6d71b3457fb14dd53a8bfbea207b7a6a280c4f4de2e5a1d5e483af5a2367d26,2021-06,Derbyshire Constabulary,Derbyshire Constabulary,-1.270711,52.896615,On or near Parking Area,E01019682,Erewash 012D,Vehicle crime,Status update unavailable,
b6d71b3457fb14dd53a8bfbea207b7a6a280c4f4de2e5a1d5e483af5a2367d26,2021-06,Derbyshire Constabulary,Derbyshire Constabulary,-1.272004,52.896623,On or near Tamworth Road,E01019682,Erewash 012D,Vehicle crime,Unable to prosecute suspect,
7bf146ad3afe4606fd2c4d5a160e02bb998a71835c1ff4fed51b2acd54cb8f23,2021-06,Derbyshire Constabulary,Derbyshire Constabulary,-1.268569,52.897573,On or near Parking Area,E01019682,Erewash 012D,Violence and sexual offences,Unable to prosecute suspect,
9344330818b4476c1d4f4585cbb66d83ecd76baf34bbd203722d480ef0a2746a,2021-06,Derbyshire Constabulary,Derbyshire Constabulary,-1.268569,52.897573,On or near Parking Area,E01019682,Erewash 012D,Violence and sexual offences,Investigation complete; no suspect identified,
2332aa1ded9e7c61f82b44d20df9827decf77a68f7404de6beae6502edcf4642,2021-06,Derbyshire Constabulary,Derbyshire Constabulary,-1.269380,52.895286,On or near Orchard Street,E01019682,Erewash 012D,Violence and sexual offences,Unable to prosecute suspect,
6050b13c63578d8557d5a2458ad2a4db1c4f7e73366f5fd19961eb3c95acca24,2021-06,Derbyshire Constabulary,Derbyshire Constabulary,-1.267381,52.895714,On or near Bank Street,E01019682,Erewash 012D,Violence and sexual offences,Unable to prosecute suspect,
2b1b1862a51704759ed0eb65a9f6ab7ebe76db7ffdd51b4c8d64e18da8ccca21,2021-06,Derbyshire Constabulary,Derbyshire Constabulary,-1.269380,52.895286,On or near Orchard Street,E01019682,Erewash 012D,Violence and sexual offences,Unable to prosecute suspect,
3cec0aa605c487b9a24e2eecd20669858460c614c113d955318c4cfe66badf43,2021-06,Derbyshire Constabulary,Derbyshire Constabulary,-1.269380,52.895286,On or near Orchard Street,E01019682,Erewash 012D,Violence and sexual offences,Unable to prosecute suspect,
3ce131b528e4a29e2ed15ed5e75d31d4af0cf4d176b8fa46b368e335c743b31e,2021-06,Derbyshire Constabulary,Derbyshire Constabulary,-1.269380,52.895286,On or near Orchard Street,E01019682,Erewash 012D,Violence and sexual offences,Unable to prosecute suspect,
87d4c11fab4ad6be27fc6e16007c59305f023eeef498afe8fc58b6394c5d60f8,2021-06,Derbyshire Constabulary,Derbyshire Constabulary,-1.269579,52.898478,On or near Petrol Station,E01019682,Erewash 012D,Violence and sexual offences,Investigation complete; no suspect identified,
7c1e092892a7a719b7efdbe010ea05d49bc57e3a66e13f994460cac19b63a8da,2021-06,Derbyshire Constabulary,Derbyshire Constabulary,-1.268041,52.898882,On or near Supermarket,E01019682,Erewash 012D,Violence and sexual offences,Unable to prosecute suspect,
f321226d44a0316991cf187fb14b0496f74f33452bdf8f45216113b8a1150f09,2021-06,Derbyshire Constabulary,Derbyshire Constabulary,-1.269899,52.898912,On or near Parking Area,E01019682,Erewash 012D,Violence and sexual offences,Investigation complete; no suspect identified,
fe3c589d8bed5fde5c2a61b605c848a09e93dae6eddf109474e83f631b316b7a,2021-06,Derbyshire Constabulary,Derbyshire Constabulary,-1.270606,52.899285,On or near Shopping Area,E01019682,Erewash 012D,Violence and sexual offences,Investigation complete; no suspect identified,
52fa4d78a2f1d7560a88b11980b1ffd33860301024d60ffe9acdc27afb5faefa,2021-06,Derbyshire Constabulary,Derbyshire Constabulary,-1.264575,52.897297,On or near East Street,E01019682,Erewash 012D,Violence and sexual offences,Unable to prosecute suspect,
81b05e7399da3a8dcb4ef064b6bb76421c2514b207012466b2192d73d418c6c5,2021-06,Derbyshire Constabulary,Derbyshire Constabulary,-1.268070,52.896312,On or near Howitt Street,E01019682,Erewash 012D,Violence and sexual offences,Unable to prosecute suspect,
b2197798044b12722300aed93332c270874134bd1cd7fa33a25bb1817655291f,2021-06,Derbyshire Constabulary,Derbyshire Constabulary,-1.333553,52.897101,On or near Stevenson Avenue,E01019642,Erewash 013A,Drugs,Status update unavailable,
2a2eafcc6f23d00717c7514c35a7b77bdbad26b30fdeaf1f52a19ddd626f8049,2021-06,Derbyshire Constabulary,Derbyshire Constabulary,-1.333553,52.897101,On or near Stevenson Avenue,E01019642,Erewash 013A,Possession of weapons,Unable to prosecute suspect,
154e7aa391a86e9fc236149d0afccefb2ee80bf6d9e284286b93db0c66b6c134,2021-06,Derbyshire Constabulary,Derbyshire Constabulary,-1.320963,52.911296,On or near Sports/Recreation Area,E01019642,Erewash 013A,Violence and sexual offences,Status update unavailable,
0410e0fdd128db6888e86a59143c84b280f44cd0ee1944706a3c9fd44f16afaf,2021-06,Derbyshire Constabulary,Derbyshire Constabulary,-1.329647,52.896891,On or near Festival Avenue,E01019642,Erewash 013A,Violence and sexual offences,Unable to prosecute suspect,
8e7eb73250950e9481e53110eb78a1ebda680044c9228b6138c78a87ca4e5047,2021-06,Derbyshire Constabulary,Derbyshire Constabulary,-1.330297,52.897137,On or near Hind Avenue,E01019642,Erewash 013A,Violence and sexual offences,Status update unavailable,
d99c4d9eb2612921f1456f70b7a498cee759a95458028ca93c33dda08fa829cf,2021-06,Derbyshire Constabulary,Derbyshire Constabulary,-1.329647,52.896891,On or near Festival Avenue,E01019642,Erewash 013A,Violence and sexual offences,Unable to prosecute suspect,
0d80ed41e423046d1eaa8afb997d4cdc2a8c8fd5b0947aabe34e4dd938c37f34,2021-06,Derbyshire Constabulary,Derbyshire Constabulary,-1.308817,52.898039,On or near Wilsthorpe Road,E01019643,Erewash 013B,Criminal damage and arson,Investigation complete; no suspect identified,
ab9f263e64c8d9b8e22a0274113055982a2e2b36134d69e6655bf003711ef908,2021-06,Derbyshire Constabulary,Derbyshire Constabulary,-1.309690,52.897352,On or near Orchard Close,E01019643,Erewash 013B,Other theft,Investigation complete; no suspect identified,
62f92806cd55fc576ad0030b505f35c8067aaf094a4d46bf46e2d004f44f11d9,2021-06,Derbyshire Constabulary,Derbyshire Constabulary,-1.318158,52.897688,On or near Blind Lane,E01019643,Erewash 013B,Public order,Unable to prosecute suspect,
,2021-06,Derbyshire Constabulary,Derbyshire Constabulary,-1.345342,52.896106,On or near Gertrude Road,E01019654,Erewash 013C,Anti-social behaviour,,
,2021-06,Derbyshire Constabulary,Derbyshire Constabulary,-1.345342,52.896106,On or near Gertrude Road,E01019654,Erewash 013C,Anti-social behaviour,,
,2021-06,Derbyshire Constabulary,Derbyshire Constabulary,-1.348333,52.894891,On or near Thoresby Crescent,E01019654,Erewash 013C,Anti-social behaviour,,
,2021-06,Derbyshire Constabulary,Derbyshire Constabulary,-1.348333,52.894891,On or near Thoresby Crescent,E01019654,Erewash 013C,Anti-social behaviour,,
,2021-06,Derbyshire Constabulary,Derbyshire Constabulary,-1.343012,52.895815,On or near Meadow Close,E01019654,Erewash 013C,Anti-social behaviour,,
,2021-06,Derbyshire Constabulary,Derbyshire Constabulary,-1.343706,52.893158,On or near Holly Close,E01019654,Erewash 013C,Anti-social behaviour,,
,2021-06,Derbyshire Constabulary,Derbyshire Constabulary,-1.359698,52.903358,On or near Gypsy Lane,E01019654,Erewash 013C,Anti-social behaviour,,
,2021-06,Derbyshire Constabulary,Derbyshire Constabulary,-1.344816,52.895456,On or near New Street,E01019654,Erewash 013C,Anti-social behaviour,,
61ce8412b562501267cc3e1976f9622a42e9c9227e964deb31ec85b1b67dc64b,2021-06,Derbyshire Constabulary,Derbyshire Constabulary,-1.343012,52.895815,On or near Meadow Close,E01019654,Erewash 013C,Burglary,Investigation complete; no suspect identified,
3e10587b6d379f8e6eec632619938336bea5e25aad7880ed2e17fd01243e6cbc,2021-06,Derbyshire Constabulary,Derbyshire Constabulary,-1.346051,52.894402,On or near St Mary'S Avenue,E01019654,Erewash 013C,Public order,Unable to prosecute suspect,
49cd1d60113387a606272564940468eea5857a86670958843c401fbe5a3dabd3,2021-06,Derbyshire Constabulary,Derbyshire Constabulary,-1.343706,52.893158,On or near Holly Close,E01019654,Erewash 013C,Public order,Investigation complete; no suspect identified,
e5571485d604d18f77aa7fcdc097906fe4eb0ed4868add2fbabee4d0290e0b17,2021-06,Derbyshire Constabulary,Derbyshire Constabulary,-1.344440,52.896730,On or near Sports/Recreation Area,E01019654,Erewash 013C,Violence and sexual offences,Investigation complete; no suspect identified,
,2021-06,Derbyshire Constabulary,Derbyshire Constabulary,-1.333966,52.895387,On or near Draycott Road,E01019655,Erewash 013D,Anti-social behaviour,,
,2021-06,Derbyshire Constabulary,Derbyshire Constabulary,-1.332257,52.881794,On or near Park/Open Space,E01019655,Erewash 013D,Anti-social behaviour,,
,2021-06,Derbyshire Constabulary,Derbyshire Constabulary,-1.341721,52.894702,On or near Victoria Road,E01019655,Erewash 013D,Anti-social behaviour,,
253236b8d47de218a73d9f95d99d5247755e523b004c21c361253c306fe2b2e5,2021-06,Derbyshire Constabulary,Derbyshire Constabulary,-1.336945,52.895979,On or near Villa Street,E01019655,Erewash 013D,Other theft,Investigation complete; no suspect identified,
5ed59625db8b7ff8dcca97fe6ceecf4bd865cbdac879e1d6bbf9e4139d2b9174,2021-06,Derbyshire Constabulary,Derbyshire Constabulary,-1.336582,52.895383,On or near Harrington Street,E01019655,Erewash 013D,Public order,Unable to prosecute suspect,
7c9fd65d9bb4099f94e52a2749045668ebb0e7485585b4215e7daf7525bd6ee9,2021-06,Derbyshire Constabulary,Derbyshire Constabulary,-1.333966,52.895387,On or near Draycott Road,E01019655,Erewash 013D,Public order,Unable to prosecute suspect,
4984df4d331d575e28eb52a061853d655bbd285d24d0475b8cf2ef6a41419034,2021-06,Derbyshire Constabulary,Derbyshire Constabulary,-1.336463,52.893432,On or near Millhouse Court,E01019655,Erewash 013D,Vehicle crime,Investigation complete; no suspect identified,
e7c462fe840b3485816938a91da577c134dba4b5955f30eb0972766548131d48,2021-06,Derbyshire Constabulary,Derbyshire Constabulary,-1.336934,52.894720,On or near Station Road,E01019655,Erewash 013D,Violence and sexual offences,Awaiting court outcome,
e9db7600cdf2e22746ae2ab69a21d47118a85e273e4f039bb6165fef9986cc15,2021-06,Derbyshire Constabulary,Derbyshire Constabulary,-1.336582,52.895383,On or near Harrington Street,E01019655,Erewash 013D,Violence and sexual offences,Unable to prosecute suspect,
5c85a63a3994dbd263074d35ea6f1e25365a3149c4bf6852ae40d91b1a6347d1,2021-06,Derbyshire Constabulary,Derbyshire Constabulary,-1.341420,52.895950,On or near Wallis Close,E01019655,Erewash 013D,Violence and sexual offences,Unable to prosecute suspect,
,2021-06,Derbyshire Constabulary,Derbyshire Constabulary,-1.273567,52.891140,On or near Oakley'S Road West,E01019676,Erewash 014A,Anti-social behaviour,,
,2021-06,Derbyshire Constabulary,Derbyshire Constabulary,-1.275151,52.889766,On or near Fair Lea Close,E01019676,Erewash 014A,Anti-social behaviour,,
,2021-06,Derbyshire Constabulary,Derbyshire Constabulary,-1.278530,52.890353,On or near Tamworth Road,E01019676,Erewash 014A,Anti-social behaviour,,
,2021-06,Derbyshire Constabulary,Derbyshire Constabulary,-1.273567,52.891140,On or near Oakley'S Road West,E01019676,Erewash 014A,Anti-social behaviour,,
,2021-06,Derbyshire Constabulary,Derbyshire Constabulary,-1.274497,52.893277,On or near St John'S Street,E01019676,Erewash 014A,Anti-social behaviour,,
,2021-06,Derbyshire Constabulary,Derbyshire Constabulary,-1.278530,52.890353,On or near Tamworth Road,E01019676,Erewash 014A,Anti-social behaviour,,
90596d5a3e5eb4ac995b61a16ccae8c654a1b64383a4bb867627e79d48168653,2021-06,Derbyshire Constabulary,Derbyshire Constabulary,-1.275595,52.892537,On or near Friar Street,E01019676,Erewash 014A,Burglary,Investigation complete; no suspect identified,
b8b799a59b2e147999e1a2b05089981be15b795a40d0ad9b4d1edf1ecf935d97,2021-06,Derbyshire Constabulary,Derbyshire Constabulary,-1.276203,52.890833,On or near Abbott Street,E01019676,Erewash 014A,Burglary,Investigation complete; no suspect identified,
f77aea478155f0ed85bc0daff5e99c935e08d5961230261a7ee7d6083b9ed55f,2021-06,Derbyshire Constabulary,Derbyshire Constabulary,-1.275038,52.892938,On or near Clumber Street,E01019676,Erewash 014A,Drugs,Status update unavailable,
ffd54d87a0258d252622e7b35d4168db7391391ae61441189576f98c8eeacf9b,2021-06,Derbyshire Constabulary,Derbyshire Constabulary,-1.273343,52.892973,On or near Kirton Avenue,E01019676,Erewash 014A,Public order,Unable to prosecute suspect,
d9564de5648ee4f6a78ca3733da525961c9cf2b6d6a24a740a205958bf65d1b7,2021-06,Derbyshire Constabulary,Derbyshire Constabulary,-1.275038,52.892938,On or near Clumber Street,E01019676,Erewash 014A,Public order,Investigation complete; no suspect identified,
2fb0025fc1456ff65b648abbba9c4d81212d666225a682c801a8bac20c3ff11f,2021-06,Derbyshire Constabulary,Derbyshire Constabulary,-1.275038,52.892938,On or near Clumber Street,E01019676,Erewash 014A,Theft from the person,Unable to prosecute suspect,
ae0ce23510018b2e5e0acae05c7569eba9b9ef5e6f0b55b0200b6f79ce45c66f,2021-06,Derbyshire Constabulary,Derbyshire Constabulary,-1.272022,52.889306,On or near Collingwood Road,E01019676,Erewash 014A,Violence and sexual offences,Unable to prosecute suspect,
bca06e5dfd93e5a495d9e3a69934a73c66b77574e5970d06202d6fca772c3092,2021-06,Derbyshire Constabulary,Derbyshire Constabulary,-1.275038,52.892938,On or near Clumber Street,E01019676,Erewash 014A,Violence and sexual offences,Status update unavailable,
22a0fc502261cfa2497454435d4ad02f30a74d585add607d23726a93c1b88671,2021-06,Derbyshire Constabulary,Derbyshire Constabulary,-1.275038,52.892938,On or near Clumber Street,E01019676,Erewash 014A,Violence and sexual offences,Unable to prosecute suspect,
,2021-06,Derbyshire Constabulary,Derbyshire Constabulary,-1.285868,52.885138,On or near Tamworth Road,E01019677,Erewash 014B,Anti-social behaviour,,
,2021-06,Derbyshire Constabulary,Derbyshire Constabulary,-1.274705,52.887938,On or near Cornwallis Close,E01019677,Erewash 014B,Anti-social behaviour,,
,2021-06,Derbyshire Constabulary,Derbyshire Constabulary,-1.285868,52.885138,On or near Tamworth Road,E01019677,Erewash 014B,Anti-social behaviour,,
,2021-06,Derbyshire Constabulary,Derbyshire Constabulary,-1.274705,52.887938,On or near Cornwallis Close,E01019677,Erewash 014B,Anti-social behaviour,,
7bbfffb840a951debe0368fd6cf3fc72368b8b5351f8a2b230c296ad0641c43c,2021-06,Derbyshire Constabulary,Derbyshire Constabulary,-1.285868,52.885138,On or near Tamworth Road,E01019677,Erewash 014B,Drugs,Unable to prosecute suspect,
954cc56e7386fb115525f012e7a34fbb573f8f5670e100d87be3af590c3a1f9b,2021-06,Derbyshire Constabulary,Derbyshire Constabulary,-1.281403,52.888239,On or near Petrol Station,E01019677,Erewash 014B,Other theft,Investigation complete; no suspect identified,
43e22b6fc50c85aa692262fdbbabd3d90d51686e016e7c8ffbecf3fe5092dc0b,2021-06,Derbyshire Constabulary,Derbyshire Constabulary,-1.281403,52.888239,On or near Petrol Station,E01019677,Erewash 014B,Other theft,Investigation complete; no suspect identified,
3f4378412479a1b3b17052846481d43b39b8ea10eba0b63806544e205d8e0f5b,2021-06,Derbyshire Constabulary,Derbyshire Constabulary,-1.285868,52.885138,On or near Tamworth Road,E01019677,Erewash 014B,Public order,Awaiting court outcome,
553340ccd63bb8564fb7f1413cacc1582f966b73db44ee6a70c8d78d7ebc949f,2021-06,Derbyshire Constabulary,Derbyshire Constabulary,-1.285868,52.885138,On or near Tamworth Road,E01019677,Erewash 014B,Shoplifting,Investigation complete; no suspect identified,
b736ac59b13eaf137b6af71a2fb5c20b5de0ead8b47fb0f3cdb62ac783e2f56b,2021-06,Derbyshire Constabulary,Derbyshire Constabulary,-1.285868,52.885138,On or near Tamworth Road,E01019677,Erewash 014B,Shoplifting,Investigation complete; no suspect identified,
f3dc3a6fad6e197cbec0650787c5298f6a91580ef2e02e8f7f4a76d7d105c1ac,2021-06,Derbyshire Constabulary,Derbyshire Constabulary,-1.285868,52.885138,On or near Tamworth Road,E01019677,Erewash 014B,Shoplifting,Investigation complete; no suspect identified,
16a9b4cc8b1656eaa0e62427074b88a908b4c4d920421606f59de81bdeb7e3a0,2021-06,Derbyshire Constabulary,Derbyshire Constabulary,-1.285868,52.885138,On or near Tamworth Road,E01019677,Erewash 014B,Shoplifting,Investigation complete; no suspect identified,
26f15c20b937cd9f102a56a1088aa9d0c2b0911233f593a43771b1d7461cce33,2021-06,Derbyshire Constabulary,Derbyshire Constabulary,-1.285868,52.885138,On or near Tamworth Road,E01019677,Erewash 014B,Shoplifting,Investigation complete; no suspect identified,
7ca3be53556c23e1f89499a64d5802956c930915d18fe2d2b96a6d03af291e80,2021-06,Derbyshire Constabulary,Derbyshire Constabulary,-1.285868,52.885138,On or near Tamworth Road,E01019677,Erewash 014B,Shoplifting,Investigation complete; no suspect identified,
d8e61dbc16dc06251788e1d98591d3ac697192a00fba1e04b35125e96fdaaa76,2021-06,Derbyshire Constabulary,Derbyshire Constabulary,-1.285868,52.885138,On or near Tamworth Road,E01019677,Erewash 014B,Shoplifting,Investigation complete; no suspect identified,
46b94b7436cad6e724ac25c9c85b4a84233e95e97db946dda358d7b3fd6c52a9,2021-06,Derbyshire Constabulary,Derbyshire Constabulary,-1.285868,52.885138,On or near Tamworth Road,E01019677,Erewash 014B,Shoplifting,Investigation complete; no suspect identified,
ec9225ff78d2cc0d8ff48b5f4c8fef608cec5b9ae969b5715e4129abfe5f7ccc,2021-06,Derbyshire Constabulary,Derbyshire Constabulary,-1.285868,52.885138,On or near Tamworth Road,E01019677,Erewash 014B,Shoplifting,Investigation complete; no suspect identified,
066f143979244ac7cfc7acf2bf8af30a116e85599713d74a10fb99cc7f715986,2021-06,Derbyshire Constabulary,Derbyshire Constabulary,-1.282581,52.886197,On or near Cedar Avenue,E01019677,Erewash 014B,Violence and sexual offences,Unable to prosecute suspect,
4e13fe2da7f1a4f829eb3dacbb03f91a2a1367324b6611e27a4ba3cacc897c44,2021-06,Derbyshire Constabulary,Derbyshire Constabulary,-1.274705,52.887938,On or near Cornwallis Close,E01019677,Erewash 014B,Violence and sexual offences,Unable to prosecute suspect,
666990b3fca8dff7111295ea720cee78085e1566d0a03503c91cdff303755ea7,2021-06,Derbyshire Constabulary,Derbyshire Constabulary,-1.285868,52.885138,On or near Tamworth Road,E01019677,Erewash 014B,Violence and sexual offences,Unable to prosecute suspect,
a3a1061410e1caefc9cbcf153a1e6a332d178441277cfe2e849511f727359d69,2021-06,Derbyshire Constabulary,Derbyshire Constabulary,-1.274705,52.887938,On or near Cornwallis Close,E01019677,Erewash 014B,Violence and sexual offences,Unable to prosecute suspect,
1b70fba77e9cd921ab10f67957153f6cd7ef9508ab91d6cfca3f55341d0a51e7,2021-06,Derbyshire Constabulary,Derbyshire Constabulary,-1.285868,52.885138,On or near Tamworth Road,E01019677,Erewash 014B,Violence and sexual offences,Local resolution,
,2021-06,Derbyshire Constabulary,Derbyshire Constabulary,-1.272451,52.884095,On or near Farm Close,E01019678,Erewash 014C,Anti-social behaviour,,
,2021-06,Derbyshire Constabulary,Derbyshire Constabulary,-1.273418,52.886726,On or near Vanguard Road,E01019678,Erewash 014C,Anti-social behaviour,,
,2021-06,Derbyshire Constabulary,Derbyshire Constabulary,-1.271739,52.884944,On or near Bakewell Road,E01019678,Erewash 014C,Anti-social behaviour,,
,2021-06,Derbyshire Constabulary,Derbyshire Constabulary,-1.273418,52.886726,On or near Vanguard Road,E01019678,Erewash 014C,Anti-social behaviour,,
,2021-06,Derbyshire Constabulary,Derbyshire Constabulary,-1.264567,52.893332,On or near Main Street,E01019678,Erewash 014C,Anti-social behaviour,,
0070b87ef75d13156df485d31c50826e53c198a543a189bc0d8d381159d24254,2021-06,Derbyshire Constabulary,Derbyshire Constabulary,-1.269043,52.883534,On or near Maldon Close,E01019678,Erewash 014C,Other theft,Investigation complete; no suspect identified,
3dc1833146ce3515e7a0090e0c75e52a807301adbd0750560f355dba71a5dd5e,2021-06,Derbyshire Constabulary,Derbyshire Constabulary,-1.267475,52.883111,On or near Ludford Close,E01019678,Erewash 014C,Other theft,Investigation complete; no suspect identified,
6a30a6fefbe945d7eb307c9cd188a86b743b09f2c1ee732cf2aa157ac11631e7,2021-06,Derbyshire Constabulary,Derbyshire Constabulary,-1.269043,52.883534,On or near Maldon Close,E01019678,Erewash 014C,Violence and sexual offences,Unable to prosecute suspect,
0d2ae7a50d27f102eca22ac4a63ee1094a68a7fa08e076691681a79dada88a26,2021-06,Derbyshire Constabulary,Derbyshire Constabulary,-1.269043,52.883534,On or near Maldon Close,E01019678,Erewash 014C,Violence and sexual offences,Status update unavailable,
5c1ceddf26137ed735c4d3452c5947279191e9c1530f578e24364e18b686d35e,2021-06,Derbyshire Constabulary,Derbyshire Constabulary,-1.273418,52.886726,On or near Vanguard Road,E01019678,Erewash 014C,Violence and sexual offences,Unable to prosecute suspect,
,2021-06,Derbyshire Constabulary,Derbyshire Constabulary,-1.260892,52.897912,On or near Station Road,E01019680,Erewash 014D,Anti-social behaviour,,
,2021-06,Derbyshire Constabulary,Derbyshire Constabulary,-1.260892,52.897912,On or near Station Road,E01019680,Erewash 014D,Anti-social behaviour,,
,2021-06,Derbyshire Constabulary,Derbyshire Constabulary,-1.258395,52.899659,On or near Grange Road,E01019680,Erewash 014D,Anti-social behaviour,,
,2021-06,Derbyshire Constabulary,Derbyshire Constabulary,-1.259373,52.899835,On or near Grange Drive,E01019680,Erewash 014D,Anti-social behaviour,,
a24c05310f9d055bb4d40f55b6b26284aac4d3183aa1c28182feb6b502f45d8c,2021-06,Derbyshire Constabulary,Derbyshire Constabulary,-1.260999,52.901284,On or near Cleveland Avenue,E01019680,Erewash 014D,Criminal damage and arson,Unable to prosecute suspect,
b78ca0f5210e20fb0307111a8ab69cd2c00164fc0be8523ba2b9d32247ac6ee1,2021-06,Derbyshire Constabulary,Derbyshire Constabulary,-1.263956,52.897805,On or near Conway Street,E01019680,Erewash 014D,Public order,Unable to prosecute suspect,
99cc01d1d8b56687ebc7b070da45b68ffad85c0c82d65ad4bd1acc30eb477830,2021-06,Derbyshire Constabulary,Derbyshire Constabulary,-1.259373,52.899835,On or near Grange Drive,E01019680,Erewash 014D,Violence and sexual offences,Unable to prosecute suspect,
,2021-06,Derbyshire Constabulary,Derbyshire Constabulary,-1.257120,52.889007,On or near Owen Avenue,E01019681,Erewash 014E,Anti-social behaviour,,
,2021-06,Derbyshire Constabulary,Derbyshire Constabulary,-1.257120,52.889007,On or near Owen Avenue,E01019681,Erewash 014E,Anti-social behaviour,,
,2021-06,Derbyshire Constabulary,Derbyshire Constabulary,-1.252022,52.881226,On or near Park/Open Space,E01019681,Erewash 014E,Anti-social behaviour,,
,2021-06,Derbyshire Constabulary,Derbyshire Constabulary,-1.252022,52.881226,On or near Park/Open Space,E01019681,Erewash 014E,Anti-social behaviour,,
,2021-06,Derbyshire Constabulary,Derbyshire Constabulary,-1.256579,52.894595,On or near Armitage Drive,E01019681,Erewash 014E,Anti-social behaviour,,
22c36fee6acff8e6889210b08686420a7ecb6b99530e391bf0ef00323e34e881,2021-06,Derbyshire Constabulary,Derbyshire Constabulary,-1.252022,52.881226,On or near Park/Open Space,E01019681,Erewash 014E,Public order,Investigation complete; no suspect identified,
5f2dfa66b19e3675ec752a9dbf7989ba84c483187007c991d3f38b8a511c861d,2021-06,Derbyshire Constabulary,Derbyshire Constabulary,-1.252952,52.885070,On or near Pasture Lane,E01019681,Erewash 014E,Vehicle crime,Investigation complete; no suspect identified,
bcb3b9ce2e616a370081d69a9d4ff9903e1fc4ab8233d907fdbe9124de63cea5,2021-06,Derbyshire Constabulary,Derbyshire Constabulary,-1.252022,52.881226,On or near Park/Open Space,E01019681,Erewash 014E,Vehicle crime,Investigation complete; no suspect identified,
4ebaed08ba10d1e9b5b28715704d7d1a6de972063fa2a8daa2f4d4afce09afbd,2021-06,Derbyshire Constabulary,Derbyshire Constabulary,-1.262427,52.894227,On or near Phyllis Grove,E01019681,Erewash 014E,Vehicle crime,Investigation complete; no suspect identified,
,2021-06,Derbyshire Constabulary,Derbyshire Constabulary,-1.273982,52.876076,On or near Trent Lock,E01019698,Erewash 014F,Anti-social behaviour,,
,2021-06,Derbyshire Constabulary,Derbyshire Constabulary,-1.283051,52.883862,On or near Austen Avenue,E01019698,Erewash 014F,Anti-social behaviour,,
461670f3babfe052d58d481b85ff59e4c8d10d44a8a946a097765c81c57703bd,2021-06,Derbyshire Constabulary,Derbyshire Constabulary,-1.287702,52.883881,On or near Supermarket,E01019698,Erewash 014F,Shoplifting,Investigation complete; no suspect identified,
7bcae07cbb80a453899bed2e724f66afe2ea1edf3bce768f20f3378e95dc1b46,2021-06,Derbyshire Constabulary,Derbyshire Constabulary,-1.287702,52.883881,On or near Supermarket,E01019698,Erewash 014F,Shoplifting,Awaiting court outcome,
f907b6593fc1a904662948fef8dac2aeadc894d9a8df7b62e1d348d62780b7f3,2021-06,Derbyshire Constabulary,Derbyshire Constabulary,-1.287702,52.883881,On or near Supermarket,E01019698,Erewash 014F,Shoplifting,Unable to prosecute suspect,
3c6720be6248ce5dc7d15ee0d191629095d5c1247ca9b926465edf63732dac6d,2021-06,Derbyshire Constabulary,Derbyshire Constabulary,-1.287702,52.883881,On or near Supermarket,E01019698,Erewash 014F,Shoplifting,Investigation complete; no suspect identified,
aecdd4123f29bb9870c2f92959c685213f88459fa2995c1a44883f1fd30d1103,2021-06,Derbyshire Constabulary,Derbyshire Constabulary,-1.287702,52.883881,On or near Supermarket,E01019698,Erewash 014F,Shoplifting,Investigation complete; no suspect identified,
9860b99c46dd98f1d4458d8f32539ed4bd7917d12da8ffcef3531763def4cdb2,2021-06,Derbyshire Constabulary,Derbyshire Constabulary,-1.280450,52.883856,On or near Lakeside Crescent,E01019698,Erewash 014F,Violence and sexual offences,Status update unavailable,
db6b36778bad14ef113d1cd97c56954a757668f2d09956ed0d037dbf90e508c0,2021-06,Derbyshire Constabulary,Derbyshire Constabulary,-1.280450,52.883856,On or near Lakeside Crescent,E01019698,Erewash 014F,Violence and sexual offences,Unable to prosecute suspect,
7242d9e30f740d0339aebe0da0a544e16fd574dac1a149c903df5437bed25f31,2021-06,Derbyshire Constabulary,Derbyshire Constabulary,-1.280450,52.883856,On or near Lakeside Crescent,E01019698,Erewash 014F,Violence and sexual offences,Unable to prosecute suspect,
,2021-06,Derbyshire Constabulary,Derbyshire Constabulary,-1.306970,52.881478,On or near Haddon Way,E01019697,Erewash 015A,Anti-social behaviour,,
,2021-06,Derbyshire Constabulary,Derbyshire Constabulary,-1.306970,52.881478,On or near Haddon Way,E01019697,Erewash 015A,Anti-social behaviour,,
,2021-06,Derbyshire Constabulary,Derbyshire Constabulary,-1.303928,52.880319,On or near Wilne Road,E01019697,Erewash 015A,Anti-social behaviour,,
,2021-06,Derbyshire Constabulary,Derbyshire Constabulary,-1.306970,52.881478,On or near Haddon Way,E01019697,Erewash 015A,Anti-social behaviour,,
,2021-06,Derbyshire Constabulary,Derbyshire Constabulary,-1.306970,52.881478,On or near Haddon Way,E01019697,Erewash 015A,Anti-social behaviour,,
,2021-06,Derbyshire Constabulary,Derbyshire Constabulary,-1.306970,52.881478,On or near Haddon Way,E01019697,Erewash 015A,Anti-social behaviour,,
,2021-06,Derbyshire Constabulary,Derbyshire Constabulary,-1.303928,52.880319,On or near Wilne Road,E01019697,Erewash 015A,Anti-social behaviour,,
,2021-06,Derbyshire Constabulary,Derbyshire Constabulary,-1.308342,52.883086,On or near Sports/Recreation Area,E01019697,Erewash 015A,Anti-social behaviour,,
947cb04eab445b60ea4d2a74e4f12714538bb2fb041533a4fc43c6c9e56b7174,2021-06,Derbyshire Constabulary,Derbyshire Constabulary,-1.300236,52.878895,On or near Wren Court,E01019697,Erewash 015A,Burglary,Investigation complete; no suspect identified,
b663472b2e7b4af3dec596e5ce4381c3462a415c265ac2e59e764a732565ea5f,2021-06,Derbyshire Constabulary,Derbyshire Constabulary,-1.303035,52.880395,On or near Wilne Close,E01019697,Erewash 015A,Burglary,Investigation complete; no suspect identified,
34739dfbcf92aa3d6ec4645e5421e585e52659e39e7f5e8bf44a89983ed9f28d,2021-06,Derbyshire Constabulary,Derbyshire Constabulary,-1.303928,52.880319,On or near Wilne Road,E01019697,Erewash 015A,Criminal damage and arson,Investigation complete; no suspect identified,
95699b59ad978cf73a758ac4c33f89eae86d83a5dc214e258bd8d9ccc384c055,2021-06,Derbyshire Constabulary,Derbyshire Constabulary,-1.303928,52.880319,On or near Wilne Road,E01019697,Erewash 015A,Criminal damage and arson,Investigation complete; no suspect identified,
359cb920d7c1b2e0286670d96c0a9939e5811ab7902d4cecc088a6a765eadf0a,2021-06,Derbyshire Constabulary,Derbyshire Constabulary,-1.302781,52.882317,On or near Ladylea Road,E01019697,Erewash 015A,Criminal damage and arson,Investigation complete; no suspect identified,
0543fc7600beeeaa3ca8a4b71008c89b8be7963c0927e434b45733b4fe069af6,2021-06,Derbyshire Constabulary,Derbyshire Constabulary,-1.306970,52.881478,On or near Haddon Way,E01019697,Erewash 015A,Other theft,Investigation complete; no suspect identified,
05317c36d409835283717d8191d9dad98b5fa80f5ae254912fb8caa59d2e1d2e,2021-06,Derbyshire Constabulary,Derbyshire Constabulary,-1.300236,52.878895,On or near Wren Court,E01019697,Erewash 015A,Other theft,Investigation complete; no suspect identified,
9694aee5b950dcd80c60149ce985fd9fa2b3c193504f236281412aa9d7eef1f2,2021-06,Derbyshire Constabulary,Derbyshire Constabulary,-1.306800,52.882817,On or near Hilton Close,E01019697,Erewash 015A,Violence and sexual offences,Unable to prosecute suspect,
ff656433bf51413a1e22d5362555bcb0f37f625298b1e154f9ce7ce1505c9ec6,2021-06,Derbyshire Constabulary,Derbyshire Constabulary,-1.301825,52.881718,On or near Clifford Close,E01019697,Erewash 015A,Violence and sexual offences,Unable to prosecute suspect,
,2021-06,Derbyshire Constabulary,Derbyshire Constabulary,-1.302295,52.883941,On or near Diamond Close,E01019699,Erewash 015B,Anti-social behaviour,,
,2021-06,Derbyshire Constabulary,Derbyshire Constabulary,-1.298711,52.885925,On or near Baslow Close,E01019699,Erewash 015B,Anti-social behaviour,,
,2021-06,Derbyshire Constabulary,Derbyshire Constabulary,-1.302369,52.884885,On or near Beresford Road,E01019699,Erewash 015B,Anti-social behaviour,,
,2021-06,Derbyshire Constabulary,Derbyshire Constabulary,-1.302369,52.884885,On or near Beresford Road,E01019699,Erewash 015B,Anti-social behaviour,,
,2021-06,Derbyshire Constabulary,Derbyshire Constabulary,-1.304593,52.884269,On or near Peveril Crescent,E01019699,Erewash 015B,Anti-social behaviour,,
,2021-06,Derbyshire Constabulary,Derbyshire Constabulary,-1.302369,52.884885,On or near Beresford Road,E01019699,Erewash 015B,Anti-social behaviour,,
,2021-06,Derbyshire Constabulary,Derbyshire Constabulary,-1.302369,52.884885,On or near Beresford Road,E01019699,Erewash 015B,Anti-social behaviour,,
,2021-06,Derbyshire Constabulary,Derbyshire Constabulary,-1.308714,52.884914,On or near Sawley Road,E01019699,Erewash 015B,Anti-social behaviour,,
26071e1d8bce12b260069deea8858e2544cd179327c9abede03f8a7a7e3afea3,2021-06,Derbyshire Constabulary,Derbyshire Constabulary,-1.301063,52.883835,On or near Kedleston Close,E01019699,Erewash 015B,Burglary,Investigation complete; no suspect identified,
c3bb46b05c8735ca072e0a1e8859a908fba9abd910c2f1961b752ba0c77e9fe4,2021-06,Derbyshire Constabulary,Derbyshire Constabulary,-1.299653,52.884636,On or near Duffield Close,E01019699,Erewash 015B,Criminal damage and arson,Investigation complete; no suspect identified,
54a1a9ed49696b9e1bebf26ad09a1906155910cd938ec3604abdc430ac5f99e1,2021-06,Derbyshire Constabulary,Derbyshire Constabulary,-1.303998,52.885201,On or near Hathersage Avenue,E01019699,Erewash 015B,Criminal damage and arson,Awaiting court outcome,
073ac575b8f8934303b44a9fc0dd898e941577654b90e0ec8ae4b68926b8a7e7,2021-06,Derbyshire Constabulary,Derbyshire Constabulary,-1.303998,52.885201,On or near Hathersage Avenue,E01019699,Erewash 015B,Other theft,Investigation complete; no suspect identified,
d436ee2e9e5434700051dc0d3c9bcd9a92802aaeaee8ee69d4aca9db70e92245,2021-06,Derbyshire Constabulary,Derbyshire Constabulary,-1.303480,52.886034,On or near Osmaston Close,E01019699,Erewash 015B,Other theft,Investigation complete; no suspect identified,
066b1b57936558eb57de3f3648664d2a662109e2f7ad8c27ad7336ed577c822c,2021-06,Derbyshire Constabulary,Derbyshire Constabulary,-1.303998,52.885201,On or near Hathersage Avenue,E01019699,Erewash 015B,Possession of weapons,Awaiting court outcome,
066b1b57936558eb57de3f3648664d2a662109e2f7ad8c27ad7336ed577c822c,2021-06,Derbyshire Constabulary,Derbyshire Constabulary,-1.302369,52.884885,On or near Beresford Road,E01019699,Erewash 015B,Possession of weapons,Status update unavailable,
aecc230de114183f41b06e35d7afcbbf985eaac936309be732c8dd6f6848ed26,2021-06,Derbyshire Constabulary,Derbyshire Constabulary,-1.303998,52.885201,On or near Hathersage Avenue,E01019699,Erewash 015B,Public order,Unable to prosecute suspect,
1139175d8a210f340b99e31c3f2eedb6f98747c7f6ad995d4226b08aa4dabd85,2021-06,Derbyshire Constabulary,Derbyshire Constabulary,-1.302295,52.883941,On or near Diamond Close,E01019699,Erewash 015B,Public order,Unable to prosecute suspect,
9f5a05abb32e737c6b8ccffca1767a2ec83f67b7609c42c1b345e82597876a6c,2021-06,Derbyshire Constabulary,Derbyshire Constabulary,-1.296355,52.884589,On or near Darley Drive,E01019699,Erewash 015B,Violence and sexual offences,Unable to prosecute suspect,
c8081986b6dfa7ada2feb96d954de6a6c9ccab9079d61a8a33385a57e99fb09c,2021-06,Derbyshire Constabulary,Derbyshire Constabulary,-1.303480,52.886034,On or near Osmaston Close,E01019699,Erewash 015B,Violence and sexual offences,Status update unavailable,
55759664c9654f557e654fc77ec3464ec18ab8033c73a9cf3d9d2f84ef8ff1d4,2021-06,Derbyshire Constabulary,Derbyshire Constabulary,-1.299908,52.885437,On or near Rowsley Avenue,E01019699,Erewash 015B,Violence and sexual offences,Unable to prosecute suspect,
0ec803676b599ab3b5cef71b5f8e66677e4996c3a0d08b62369527fd29e8f133,2021-06,Derbyshire Constabulary,Derbyshire Constabulary,-1.296355,52.884589,On or near Darley Drive,E01019699,Erewash 015B,Violence and sexual offences,Unable to prosecute suspect,
86ba04514b46ec93f2c8450d102750f5c3df7bfb2cc1a8643775c1892d76370a,2021-06,Derbyshire Constabulary,Derbyshire Constabulary,-1.303998,52.885201,On or near Hathersage Avenue,E01019699,Erewash 015B,Violence and sexual offences,Awaiting court outcome,
55bce30fb4af0e1beb3583205fa96473ddb26f5b5e9a5074483105f653c2f08e,2021-06,Derbyshire Constabulary,Derbyshire Constabulary,-1.302295,52.883941,On or near Diamond Close,E01019699,Erewash 015B,Violence and sexual offences,Unable to prosecute suspect,
99b2a4131d3266dbf5d92789fe35cf76bab9af70e68ac2dd7ceb635567470973,2021-06,Derbyshire Constabulary,Derbyshire Constabulary,-1.303998,52.885201,On or near Hathersage Avenue,E01019699,Erewash 015B,Violence and sexual offences,Unable to prosecute suspect,
0f749594694aaf34d23b1e692e5e22b1de1c21fd4593982d7f455643fb9c2d4f,2021-06,Derbyshire Constabulary,Derbyshire Constabulary,-1.303998,52.885201,On or near Hathersage Avenue,E01019699,Erewash 015B,Violence and sexual offences,Unable to prosecute suspect,
c8e11e9a4605e5ed32f6d7e958737ec488abb456bef3415cb6fff2293a142ab8,2021-06,Derbyshire Constabulary,Derbyshire Constabulary,-1.302369,52.884885,On or near Beresford Road,E01019699,Erewash 015B,Violence and sexual offences,Unable to prosecute suspect,
49245078a0c59194ad7de9cdfbc3bb537e32b9d199c9a1e2412c750e2aa004e5,2021-06,Derbyshire Constabulary,Derbyshire Constabulary,-1.303998,52.885201,On or near Hathersage Avenue,E01019699,Erewash 015B,Other crime,Unable to prosecute suspect,
,2021-06,Derbyshire Constabulary,Derbyshire Constabulary,-1.296381,52.882926,On or near Grosvenor Avenue,E01019700,Erewash 015C,Anti-social behaviour,,
,2021-06,Derbyshire Constabulary,Derbyshire Constabulary,-1.294787,52.883187,On or near Rufford Road,E01019700,Erewash 015C,Anti-social behaviour,,
,2021-06,Derbyshire Constabulary,Derbyshire Constabulary,-1.296611,52.881579,On or near Clarke Drive,E01019700,Erewash 015C,Anti-social behaviour,,
,2021-06,Derbyshire Constabulary,Derbyshire Constabulary,-1.298847,52.880226,On or near Arnold Crescent,E01019700,Erewash 015C,Anti-social behaviour,,
,2021-06,Derbyshire Constabulary,Derbyshire Constabulary,-1.300176,52.877978,On or near River View,E01019700,Erewash 015C,Anti-social behaviour,,
,2021-06,Derbyshire Constabulary,Derbyshire Constabulary,-1.289966,52.883553,On or near Harrington Street,E01019700,Erewash 015C,Anti-social behaviour,,
af3963cb94d63db1769d062a33f8f31382a87df1138a76492761cdb0cd63bdc0,2021-06,Derbyshire Constabulary,Derbyshire Constabulary,-1.294787,52.883187,On or near Rufford Road,E01019700,Erewash 015C,Criminal damage and arson,Status update unavailable,
ae3a3229f03fc12b22253f76c4c8c278052dd8cf88e3cb424ae2e08afa01d1f0,2021-06,Derbyshire Constabulary,Derbyshire Constabulary,-1.298847,52.880226,On or near Arnold Crescent,E01019700,Erewash 015C,Other theft,Investigation complete; no suspect identified,
9e7b76049c870a63402a2ad665c3fb9ec4fb1f4c1cc13a1fb68c5e97baeb3f8c,2021-06,Derbyshire Constabulary,Derbyshire Constabulary,-1.298479,52.881887,On or near Supermarket,E01019700,Erewash 015C,Public order,Status update unavailable,
c26c99c06ee253b88b30b69629612b3cf85cd61f3c58cbebbb3080351454b697,2021-06,Derbyshire Constabulary,Derbyshire Constabulary,-1.298479,52.881887,On or near Supermarket,E01019700,Erewash 015C,Public order,Unable to prosecute suspect,
730524c4e3417409cd362dda3c72c9565a27bbec5aecbb8dc258c32f64bcb78b,2021-06,Derbyshire Constabulary,Derbyshire Constabulary,-1.296381,52.882926,On or near Grosvenor Avenue,E01019700,Erewash 015C,Public order,Unable to prosecute suspect,
90b857c4fb117cf911867787727f13ae198652807efbe7e88616e497c7e96f89,2021-06,Derbyshire Constabulary,Derbyshire Constabulary,-1.298479,52.881887,On or near Supermarket,E01019700,Erewash 015C,Shoplifting,Awaiting court outcome,
e0d066aec66a715af08aabd2c716c1ce0af12a7f209db226abeeb38f687a5aa3,2021-06,Derbyshire Constabulary,Derbyshire Constabulary,-1.296611,52.881579,On or near Clarke Drive,E01019700,Erewash 015C,Shoplifting,Investigation complete; no suspect identified,
d35786a0acd4364c739b06896909d48fe8df8da79481ec216b0b346bcf2b7f02,2021-06,Derbyshire Constabulary,Derbyshire Constabulary,-1.296611,52.881579,On or near Clarke Drive,E01019700,Erewash 015C,Shoplifting,Investigation complete; no suspect identified,
7a762077ab7773f92518db117510d1d419622136a041ffc898cfa82f04b4d199,2021-06,Derbyshire Constabulary,Derbyshire Constabulary,-1.298479,52.881887,On or near Supermarket,E01019700,Erewash 015C,Shoplifting,Investigation complete; no suspect identified,
ff08c010391a6913ba472bfafc7d3302d417c92d29216727267077de89aa7dc4,2021-06,Derbyshire Constabulary,Derbyshire Constabulary,-1.298479,52.881887,On or near Supermarket,E01019700,Erewash 015C,Shoplifting,Awaiting court outcome,
5bec1ebc32cf59b8ed212275e6094c256ddce94f09c195008d4e5621aa688afc,2021-06,Derbyshire Constabulary,Derbyshire Constabulary,-1.298479,52.881887,On or near Supermarket,E01019700,Erewash 015C,Shoplifting,Status update unavailable,
afa3899e16ea2a05a5d1edbc3113f9d42bbfbfe93bb283083afc73476e70a7bb,2021-06,Derbyshire Constabulary,Derbyshire Constabulary,-1.298479,52.881887,On or near Supermarket,E01019700,Erewash 015C,Shoplifting,Investigation complete; no suspect identified,
2be4572754196a6df9a81b552b640389e6077ec6be2ba1280b02668c82ac3667,2021-06,Derbyshire Constabulary,Derbyshire Constabulary,-1.298479,52.881887,On or near Supermarket,E01019700,Erewash 015C,Shoplifting,Investigation complete; no suspect identified,
3a14082ed800aea4270e8f9ababf9df412f44a76df8caaefc4a86b68984db38d,2021-06,Derbyshire Constabulary,Derbyshire Constabulary,-1.298479,52.881887,On or near Supermarket,E01019700,Erewash 015C,Shoplifting,Status update unavailable,
d6f7d56937ddd462033efc206c3921ce680ea453e6a00f39612e0ad5f2e867ed,2021-06,Derbyshire Constabulary,Derbyshire Constabulary,-1.298479,52.881887,On or near Supermarket,E01019700,Erewash 015C,Shoplifting,Investigation complete; no suspect identified,
82aab89dec2bd1cc03d1f3273ade2e42998d4c8ce03baf6427c5595537ec227c,2021-06,Derbyshire Constabulary,Derbyshire Constabulary,-1.296611,52.881579,On or near Clarke Drive,E01019700,Erewash 015C,Shoplifting,Investigation complete; no suspect identified,
d6891a5b8e3cc8ec7b6ad8fe221874c1270afef7862fdbbdbea2117829d99d58,2021-06,Derbyshire Constabulary,Derbyshire Constabulary,-1.298479,52.881887,On or near Supermarket,E01019700,Erewash 015C,Shoplifting,Status update unavailable,
5e6ec59485a591aef83ae440bb60218b61ad48cdd1e8fd0aa7761267b12c7cb6,2021-06,Derbyshire Constabulary,Derbyshire Constabulary,-1.298479,52.881887,On or near Supermarket,E01019700,Erewash 015C,Shoplifting,Unable to prosecute suspect,
214c9a24af65fc9569e851310c5a4eba0bc02cee1ef74f7ff2732a713342e425,2021-06,Derbyshire Constabulary,Derbyshire Constabulary,-1.298479,52.881887,On or near Supermarket,E01019700,Erewash 015C,Shoplifting,Investigation complete; no suspect identified,
0293de1d98b4790babc42ecca14d801764d418e8ac968670f3dc94924a2f399e,2021-06,Derbyshire Constabulary,Derbyshire Constabulary,-1.296611,52.881579,On or near Clarke Drive,E01019700,Erewash 015C,Shoplifting,Formal action is not in the public interest,
522ee3bb3f91265aa1d04c0f6abb02f6e2b6b89399573d5d0b3244816973a93b,2021-06,Derbyshire Constabulary,Derbyshire Constabulary,-1.296381,52.882926,On or near Grosvenor Avenue,E01019700,Erewash 015C,Violence and sexual offences,Unable to prosecute suspect,
f6ed5ad35cac958dac42ac604a796a36c3475e5adb7f77c7ad141517ab55e884,2021-06,Derbyshire Constabulary,Derbyshire Constabulary,-1.296381,52.882926,On or near Grosvenor Avenue,E01019700,Erewash 015C,Violence and sexual offences,Unable to prosecute suspect,
6c2e7f31bea3da3c31e6d72fe733010594109718937c57cc43d4186297969e0e,2021-06,Derbyshire Constabulary,Derbyshire Constabulary,-1.288142,52.879677,On or near Spire View,E01019700,Erewash 015C,Violence and sexual offences,Unable to prosecute suspect,
7655825a695b2dcae0c081c69128d084f09a0c905cb6b7520121413493fb8bb6,2021-06,Derbyshire Constabulary,Derbyshire Constabulary,-1.288142,52.879677,On or near Spire View,E01019700,Erewash 015C,Violence and sexual offences,Unable to prosecute suspect,
1cf0dad711348b64256dbe370c9b5e584a262f2f76266478580a8ee584159bcb,2021-06,Derbyshire Constabulary,Derbyshire Constabulary,-1.292636,52.884783,On or near Mannion Crescent,E01019700,Erewash 015C,Violence and sexual offences,Investigation complete; no suspect identified,
ad33544a3a0358f5930588a677ece3af57de2eee29bb590861048dd1eec56e98,2021-06,Derbyshire Constabulary,Derbyshire Constabulary,-1.292378,52.882372,On or near Shaftesbury Avenue,E01019700,Erewash 015C,Violence and sexual offences,Unable to prosecute suspect,
296033c03e2c55b074b5b63f107de14e8dac22e857c9ce04c15b721d74e64ef0,2021-06,Derbyshire Constabulary,Derbyshire Constabulary,-1.294787,52.883187,On or near Rufford Road,E01019700,Erewash 015C,Other crime,Status update unavailable,
,2021-06,Derbyshire Constabulary,Derbyshire Constabulary,-1.291063,52.890131,On or near Dovedale Court,E01019705,Erewash 015D,Anti-social behaviour,,
,2021-06,Derbyshire Constabulary,Derbyshire Constabulary,-1.291063,52.890131,On or near Dovedale Court,E01019705,Erewash 015D,Anti-social behaviour,,
,2021-06,Derbyshire Constabulary,Derbyshire Constabulary,-1.285090,52.887264,On or near Birchwood Avenue,E01019705,Erewash 015D,Anti-social behaviour,,
,2021-06,Derbyshire Constabulary,Derbyshire Constabulary,-1.289971,52.887788,On or near Carlton Road,E01019705,Erewash 015D,Anti-social behaviour,,
,2021-06,Derbyshire Constabulary,Derbyshire Constabulary,-1.291063,52.890131,On or near Dovedale Court,E01019705,Erewash 015D,Anti-social behaviour,,
8bdf24ef26edb61e5d5226b3fec2b7bc0c24ee575ff6d4074933fa6aadc67c31,2021-06,Derbyshire Constabulary,Derbyshire Constabulary,-1.286593,52.888064,On or near Berkeley Avenue,E01019705,Erewash 015D,Burglary,Investigation complete; no suspect identified,
4c0c830c90f238abacb7acff3a4a4b82c6a6f1624b2fef0025b29ea7be0f63c8,2021-06,Derbyshire Constabulary,Derbyshire Constabulary,-1.287462,52.886730,On or near Petrol Station,E01019705,Erewash 015D,Other theft,Unable to prosecute suspect,
e2258083cfbd212e526e391de8464b3d8739fe1a610e32425dc311a9d8cc7534,2021-06,Derbyshire Constabulary,Derbyshire Constabulary,-1.285273,52.889719,On or near Hawthorne Avenue,E01019705,Erewash 015D,Public order,Investigation complete; no suspect identified,
508ad9b43ad9671ac06512e2c5f7270a743d563d47dc54165ea1fb95185150f7,2021-06,Derbyshire Constabulary,Derbyshire Constabulary,-1.285273,52.889719,On or near Hawthorne Avenue,E01019705,Erewash 015D,Public order,Unable to prosecute suspect,
285230ffd34be9d63689b8a015c9bd8835bf0dfae7d4d7b1290c7981f130004f,2021-06,Derbyshire Constabulary,Derbyshire Constabulary,-1.283430,52.887011,On or near Tamworth Road,E01019705,Erewash 015D,Shoplifting,Investigation complete; no suspect identified,
812f1c42a4c6d0fb618d3aea7dd5b14b5f01842c0e8acbc52e58173b82916402,2021-06,Derbyshire Constabulary,Derbyshire Constabulary,-1.283430,52.887011,On or near Tamworth Road,E01019705,Erewash 015D,Shoplifting,Investigation complete; no suspect identified,
c1e6769efa5c457b125fafef68e1d0b822799717bbfc3559e4747781129d9995,2021-06,Derbyshire Constabulary,Derbyshire Constabulary,-1.287462,52.886730,On or near Petrol Station,E01019705,Erewash 015D,Shoplifting,Investigation complete; no suspect identified,
eb9e8106d286568a7ac135adbc1a50fd995f52a7fa96c1b52c7a27081a2c117b,2021-06,Derbyshire Constabulary,Derbyshire Constabulary,-1.292482,52.887865,On or near Kirkdale Road,E01019705,Erewash 015D,Violence and sexual offences,Unable to prosecute suspect,
5e8d9a0fd7dd15cc1c0ba62d7feded25c835419e17748de364056c2313ab6395,2021-06,Derbyshire Constabulary,Derbyshire Constabulary,-1.287537,52.885786,On or near Bramley Road,E01019705,Erewash 015D,Violence and sexual offences,Unable to prosecute suspect,
69e955a74cfc6482d31307a6521d68e31b4d4f6c358868301a7c8f12ed50f154,2021-06,Derbyshire Constabulary,Derbyshire Constabulary,-1.287537,52.885786,On or near Bramley Road,E01019705,Erewash 015D,Violence and sexual offences,Unable to prosecute suspect,
b008209902f21f39e1713d55b08405c6569091aa4392b90eba7051949c0ed49a,2021-06,Derbyshire Constabulary,Derbyshire Constabulary,-1.289286,52.886075,On or near Widdowson Road,E01019705,Erewash 015D,Violence and sexual offences,Unable to prosecute suspect,
d2f038b09935539977f45cc11ce664b3353f0943bb61af98466a069ccd9145a8,2021-06,Derbyshire Constabulary,Derbyshire Constabulary,-1.285273,52.889719,On or near Hawthorne Avenue,E01019705,Erewash 015D,Violence and sexual offences,Awaiting court outcome,
2c92376139338f5c4339210e0396854f1df9380531773d62f5fdc044b9efa0c5,2021-06,Derbyshire Constabulary,Derbyshire Constabulary,-1.294697,52.888733,On or near Bransdale Close,E01019705,Erewash 015D,Violence and sexual offences,Unable to prosecute suspect,
5efb012e490ede04da542aee6038536a23f3183c50d8e9719b5e021208d4f392,2021-06,Derbyshire Constabulary,Derbyshire Constabulary,-1.292926,52.886124,On or near Elgar Drive,E01019705,Erewash 015D,Violence and sexual offences,Further investigation is not in the public interest,
0af83e7720fe8c49299db472a2db564ad037350168386816c6df5786e698596e,2021-06,Derbyshire Constabulary,Derbyshire Constabulary,-1.289286,52.886075,On or near Widdowson Road,E01019705,Erewash 015D,Violence and sexual offences,Unable to prosecute suspect,
2bb5563414bb95317f8a219e156d045c2b65a266e4de6fa42c6f5679b60db8ca,2021-06,Derbyshire Constabulary,Derbyshire Constabulary,-1.285273,52.889719,On or near Hawthorne Avenue,E01019705,Erewash 015D,Violence and sexual offences,Unable to prosecute suspect,
349aba89babd6eb6f3472262579fba198178b5c1975883e4fda97111fd099be3,2021-06,Derbyshire Constabulary,Derbyshire Constabulary,-1.285273,52.889719,On or near Hawthorne Avenue,E01019705,Erewash 015D,Other crime,Status update unavailable,
,2021-06,Derbyshire Constabulary,Derbyshire Constabulary,-1.295882,52.886259,On or near Farndale Close,E01019706,Erewash 015E,Anti-social behaviour,,
,2021-06,Derbyshire Constabulary,Derbyshire Constabulary,-1.295882,52.886259,On or near Farndale Close,E01019706,Erewash 015E,Anti-social behaviour,,
,2021-06,Derbyshire Constabulary,Derbyshire Constabulary,-1.297753,52.888202,On or near Peakdale Close,E01019706,Erewash 015E,Anti-social behaviour,,
,2021-06,Derbyshire Constabulary,Derbyshire Constabulary,-1.294074,52.890527,On or near Dovedale Avenue,E01019706,Erewash 015E,Anti-social behaviour,,
,2021-06,Derbyshire Constabulary,Derbyshire Constabulary,-1.295882,52.886259,On or near Farndale Close,E01019706,Erewash 015E,Anti-social behaviour,,
,2021-06,Derbyshire Constabulary,Derbyshire Constabulary,-1.295882,52.886259,On or near Farndale Close,E01019706,Erewash 015E,Anti-social behaviour,,
a4a4c8fd569579ad9d5d9ffc1a2732b74e66ec7a57595a0189e1d28b5b7f98a4,2021-06,Derbyshire Constabulary,Derbyshire Constabulary,-1.293157,52.890225,On or near Sterndale Road,E01019706,Erewash 015E,Drugs,Unable to prosecute suspect,
c5afcac76f6060e9172405b8a1f04637b5d7ee7a9365666a6ce32c0dd3d0bb9f,2021-06,Derbyshire Constabulary,Derbyshire Constabulary,-1.294074,52.890527,On or near Dovedale Avenue,E01019706,Erewash 015E,Public order,Unable to prosecute suspect,
909a940b9d9f860701287c36da818db642d103efdf01c80ddbbf8b77b9e976d1,2021-06,Derbyshire Constabulary,Derbyshire Constabulary,-1.294074,52.890527,On or near Dovedale Avenue,E01019706,Erewash 015E,Public order,Unable to prosecute suspect,
ce7a201097ebba3b20245cbb957b88fde18174dcec89654db364cac6254611ff,2021-06,Derbyshire Constabulary,Derbyshire Constabulary,-1.294074,52.890527,On or near Dovedale Avenue,E01019706,Erewash 015E,Violence and sexual offences,Unable to prosecute suspect,
,2021-06,Derbyshire Constabulary,Derbyshire Constabulary,-1.283277,52.889096,On or near Myrtle Avenue,E01019709,Erewash 015F,Anti-social behaviour,,
,2021-06,Derbyshire Constabulary,Derbyshire Constabulary,-1.287280,52.892419,On or near Thoresby Road,E01019709,Erewash 015F,Anti-social behaviour,,
,2021-06,Derbyshire Constabulary,Derbyshire Constabulary,-1.287280,52.892419,On or near Thoresby Road,E01019709,Erewash 015F,Anti-social behaviour,,
,2021-06,Derbyshire Constabulary,Derbyshire Constabulary,-1.289591,52.891084,On or near Wilsthorpe Road,E01019709,Erewash 015F,Anti-social behaviour,,
,2021-06,Derbyshire Constabulary,Derbyshire Constabulary,-1.287280,52.892419,On or near Thoresby Road,E01019709,Erewash 015F,Anti-social behaviour,,
,2021-06,Derbyshire Constabulary,Derbyshire Constabulary,-1.281766,52.890552,On or near Sawmand Close,E01019709,Erewash 015F,Anti-social behaviour,,
,2021-06,Derbyshire Constabulary,Derbyshire Constabulary,-1.287280,52.892419,On or near Thoresby Road,E01019709,Erewash 015F,Anti-social behaviour,,
,2021-06,Derbyshire Constabulary,Derbyshire Constabulary,-1.285375,52.891625,On or near Laurel Crescent,E01019709,Erewash 015F,Anti-social behaviour,,
,2021-06,Derbyshire Constabulary,Derbyshire Constabulary,-1.287280,52.892419,On or near Thoresby Road,E01019709,Erewash 015F,Anti-social behaviour,,
20169e7d5ee89ea18fb641847211ea9fc49174c82570bab232ec88adc3c8b165,2021-06,Derbyshire Constabulary,Derbyshire Constabulary,-1.281055,52.889514,On or near Clarence Road,E01019709,Erewash 015F,Other theft,Status update unavailable,
7ed98c12ef0b8793ecbf26c5450d08c8fb6aba5231ca2e02f79bf311ca7f08a5,2021-06,Derbyshire Constabulary,Derbyshire Constabulary,-1.287280,52.892419,On or near Thoresby Road,E01019709,Erewash 015F,Public order,Status update unavailable,
bf45f6a4e67373d5af6e8b869d49f80263cf98695ae2b3f9697dd2dc1fccb507,2021-06,Derbyshire Constabulary,Derbyshire Constabulary,-1.281766,52.890552,On or near Sawmand Close,E01019709,Erewash 015F,Public order,Unable to prosecute suspect,
7aeb0bbfb1517a3fd9439a4e1182ff74a7aad3d128eb31f5355ad0725b0faca7,2021-06,Derbyshire Constabulary,Derbyshire Constabulary,-1.278422,52.893282,On or near Sports/Recreation Area,E01019709,Erewash 015F,Public order,Investigation complete; no suspect identified,
01c51e847c0d7101e7c848bd214e73986543c96b1e572d14be969ea11cd4ef8b,2021-06,Derbyshire Constabulary,Derbyshire Constabulary,-1.282131,52.889161,On or near Cockleys,E01019709,Erewash 015F,Violence and sexual offences,Unable to prosecute suspect,
,2021-06,Derbyshire Constabulary,Derbyshire Constabulary,-1.320783,52.982734,On or near Ilford Close,E01019638,Erewash 016A,Anti-social behaviour,,
,2021-06,Derbyshire Constabulary,Derbyshire Constabulary,-1.322586,52.986448,On or near Audley Close,E01019638,Erewash 016A,Anti-social behaviour,,
,2021-06,Derbyshire Constabulary,Derbyshire Constabulary,-1.320691,52.985727,On or near Newstead Road North,E01019638,Erewash 016A,Anti-social behaviour,,
bed489450708da4c471781e6e4374d7194b2b06e261daac21344cf92270cd36c,2021-06,Derbyshire Constabulary,Derbyshire Constabulary,-1.322586,52.986448,On or near Audley Close,E01019638,Erewash 016A,Public order,Unable to prosecute suspect,
9e09b9e3953c6cdb710b1421a2101fd2e005003bd6f33ae88653f153447ffe63,2021-06,Derbyshire Constabulary,Derbyshire Constabulary,-1.323009,52.988006,On or near Laneward Close,E01019638,Erewash 016A,Violence and sexual offences,Unable to prosecute suspect,
c93be296a2f546a55f22ea367e87440c4e854fe49888f2525a7d9ef458b63a24,2021-06,Derbyshire Constabulary,Derbyshire Constabulary,-1.318858,52.985789,On or near Abbotsford Mews,E01019638,Erewash 016A,Violence and sexual offences,Unable to prosecute suspect,
967f02b1a2c3b353c413da03198ec6b3f8963ac0e9ead0a038a93f72a88e5fdd,2021-06,Derbyshire Constabulary,Derbyshire Constabulary,-1.323009,52.988006,On or near Laneward Close,E01019638,Erewash 016A,Violence and sexual offences,Unable to prosecute suspect,
bec2aebc1a9d644c61aa073fe256e6a2640f74e7ff018268437a3ea8729d864d,2021-06,Derbyshire Constabulary,Derbyshire Constabulary,-1.320783,52.982734,On or near Ilford Close,E01019638,Erewash 016A,Violence and sexual offences,Unable to prosecute suspect,
,2021-06,Derbyshire Constabulary,Derbyshire Constabulary,-1.313427,52.979788,On or near Far Dales Road,E01019639,Erewash 016B,Anti-social behaviour,,
,2021-06,Derbyshire Constabulary,Derbyshire Constabulary,-1.313427,52.979788,On or near Far Dales Road,E01019639,Erewash 016B,Anti-social behaviour,,
120d4d25c2e397dcd4d8b334e80dfb57d6d71837738c3773a9374a801217c7e6,2021-06,Derbyshire Constabulary,Derbyshire Constabulary,-1.316774,52.980994,On or near Derwent Avenue,E01019639,Erewash 016B,Criminal damage and arson,Unable to prosecute suspect,
46c2410d5d08c171dc52bcec8d3f2bdc541dcca1d9ad3440d0d8e3f484229129,2021-06,Derbyshire Constabulary,Derbyshire Constabulary,-1.316774,52.980994,On or near Derwent Avenue,E01019639,Erewash 016B,Criminal damage and arson,Investigation complete; no suspect identified,
047a878d18a1fa008e63af3432a3c82d314534f3afa24d85b980c7ae7e378d2d,2021-06,Derbyshire Constabulary,Derbyshire Constabulary,-1.313427,52.979788,On or near Far Dales Road,E01019639,Erewash 016B,Other theft,Unable to prosecute suspect,
8631e49e70036e4544bc3c98c897f0d23048d159090196c100d2fe6d4e89f1fd,2021-06,Derbyshire Constabulary,Derbyshire Constabulary,-1.314022,52.980745,On or near Nether Slade Road,E01019639,Erewash 016B,Public order,Status update unavailable,
05c29f507a720045b598fdf9acdc76df4678b5667f0a272baf8b7b4dc7edbea4,2021-06,Derbyshire Constabulary,Derbyshire Constabulary,-1.321260,52.981748,On or near Supermarket,E01019639,Erewash 016B,Public order,Investigation complete; no suspect identified,
7881bdf4a32b8482b1a8fa85f5fe85ebc3d71d1273615b6591abd87252d878cf,2021-06,Derbyshire Constabulary,Derbyshire Constabulary,-1.321260,52.981748,On or near Supermarket,E01019639,Erewash 016B,Shoplifting,Investigation complete; no suspect identified,
0fcb2b4e25b7707d6be667aaf1b638f8e4da8226df6b6fabf1658d3300911f9f,2021-06,Derbyshire Constabulary,Derbyshire Constabulary,-1.317869,52.984255,On or near Kedleston Drive,E01019639,Erewash 016B,Violence and sexual offences,Unable to prosecute suspect,
0bdb1656b63979dfaddc5bdd982d0532f689a3e6fefd6dc21b0ecb75ab79723e,2021-06,Derbyshire Constabulary,Derbyshire Constabulary,-1.314022,52.980745,On or near Nether Slade Road,E01019639,Erewash 016B,Violence and sexual offences,Unable to prosecute suspect,
20e897acfaaf4b3621a61694931eca07581f8f0f3fc7bb7de86e62e02143f27f,2021-06,Derbyshire Constabulary,Derbyshire Constabulary,-1.317869,52.984255,On or near Kedleston Drive,E01019639,Erewash 016B,Violence and sexual offences,Unable to prosecute suspect,
02e86df6e814199b88e4a543a6112f065a6f92374a595e00559d6fc6efc35624,2021-06,Derbyshire Constabulary,Derbyshire Constabulary,-1.314777,52.981999,On or near Rose Avenue,E01019639,Erewash 016B,Violence and sexual offences,Unable to prosecute suspect,
7ce18b170ec8f96b928f0115ed28b919860726784251106dcc5a2e908ddd0fe5,2021-06,Derbyshire Constabulary,Derbyshire Constabulary,-1.321702,52.981094,On or near Holme Close,E01019639,Erewash 016B,Violence and sexual offences,Status update unavailable,
cd61a474131b06a4dbb174a4c156efffca58cf8923c7537b92b1f5b0ec603d73,2021-06,Derbyshire Constabulary,Derbyshire Constabulary,-1.312881,52.980388,On or near Grey Meadow Road,E01019639,Erewash 016B,Violence and sexual offences,Unable to prosecute suspect,
72fe7fa1fb3de7337cdae087b26bb9ca4d9323ce68d0e7d25c573c936ad5f690,2021-06,Derbyshire Constabulary,Derbyshire Constabulary,-1.314777,52.981999,On or near Rose Avenue,E01019639,Erewash 016B,Violence and sexual offences,Unable to prosecute suspect,
1354e6e6ba40bcba66e574d98c932d73acfbbac2b812fc2c4d058cb3e6492a91,2021-06,Derbyshire Constabulary,Derbyshire Constabulary,-1.315607,52.981302,On or near Peveril Drive,E01019639,Erewash 016B,Other crime,Further investigation is not in the public interest,
,2021-06,Derbyshire Constabulary,Derbyshire Constabulary,-1.327274,52.980038,On or near Sanders Close,E01019640,Erewash 016C,Anti-social behaviour,,
,2021-06,Derbyshire Constabulary,Derbyshire Constabulary,-1.327274,52.980038,On or near Sanders Close,E01019640,Erewash 016C,Anti-social behaviour,,
22fb631fb900bde6bcb910e72d4b981ba5a45a90bca5d0aef11200b7c757677b,2021-06,Derbyshire Constabulary,Derbyshire Constabulary,-1.324652,52.980095,On or near Huckerby Road,E01019640,Erewash 016C,Public order,Unable to prosecute suspect,
4c8cbf3d421b904fd7a1f829712188829bca7e10a84514e7b3d55ebb9cd5cb00,2021-06,Derbyshire Constabulary,Derbyshire Constabulary,-1.324652,52.980095,On or near Huckerby Road,E01019640,Erewash 016C,Public order,Unable to prosecute suspect,
301128be25acb50c0725dbe4463b4dd4edf65b1b70998db8faf46f93b26c2c3f,2021-06,Derbyshire Constabulary,Derbyshire Constabulary,-1.327274,52.980038,On or near Sanders Close,E01019640,Erewash 016C,Vehicle crime,Investigation complete; no suspect identified,
9d2da24893b529ccd86d2358a33ba025104ec6668a88a4d40bbadf4afe0a7827,2021-06,Derbyshire Constabulary,Derbyshire Constabulary,-1.322847,52.977397,On or near Birkdale Close,E01019640,Erewash 016C,Vehicle crime,Investigation complete; no suspect identified,
d76b723f38bd07ac7a6b0784add557bb8cb888abe71939f2907a6c26f25db597,2021-06,Derbyshire Constabulary,Derbyshire Constabulary,-1.327561,52.980705,On or near Wooliscroft Way,E01019640,Erewash 016C,Violence and sexual offences,Unable to prosecute suspect,
6028b6c5cb2a4d529e26160873492da4a237e0dd1f6446b6756c114130b403f9,2021-06,Derbyshire Constabulary,Derbyshire Constabulary,-1.326470,52.983836,On or near Wainfleet Close,E01019640,Erewash 016C,Violence and sexual offences,Unable to prosecute suspect,
eb02ee166e6012cce622063c2c2c7931bcc3778950fdcb6c2e5601bb8e72642d,2021-06,Derbyshire Constabulary,Derbyshire Constabulary,-1.324652,52.980095,On or near Huckerby Road,E01019640,Erewash 016C,Violence and sexual offences,Unable to prosecute suspect,
,2021-06,Derbyshire Constabulary,Derbyshire Constabulary,-1.307506,52.982154,On or near Litchen Close,E01019645,Erewash 016D,Anti-social behaviour,,
,2021-06,Derbyshire Constabulary,Derbyshire Constabulary,-1.308725,52.981361,On or near Great Northern Close,E01019645,Erewash 016D,Anti-social behaviour,,
,2021-06,Derbyshire Constabulary,Derbyshire Constabulary,-1.312147,52.984420,On or near Blackburn Place,E01019645,Erewash 016D,Anti-social behaviour,,
,2021-06,Derbyshire Constabulary,Derbyshire Constabulary,-1.311871,52.983052,On or near Charlotte Street,E01019645,Erewash 016D,Anti-social behaviour,,
,2021-06,Derbyshire Constabulary,Derbyshire Constabulary,-1.309029,52.979134,On or near Granby Street,E01019645,Erewash 016D,Anti-social behaviour,,
c15ee6e74f47b092e10ad440f987be8bb356a2ef04e25d99fb6a011610082c1a,2021-06,Derbyshire Constabulary,Derbyshire Constabulary,-1.315805,52.985708,On or near Wardlow Road,E01019645,Erewash 016D,Burglary,Investigation complete; no suspect identified,
3fbc7d8e344ed328dd4c1735bf425d299ef5f5a57a38634bd0cdc7b7ab321de2,2021-06,Derbyshire Constabulary,Derbyshire Constabulary,-1.308725,52.981361,On or near Great Northern Close,E01019645,Erewash 016D,Criminal damage and arson,Status update unavailable,
83f144b2965a785da58bcb59f78af49936c918408580d5f7c29119bcb02dd411,2021-06,Derbyshire Constabulary,Derbyshire Constabulary,-1.309921,52.980119,On or near Tatham'S Lane,E01019645,Erewash 016D,Criminal damage and arson,Unable to prosecute suspect,
c117a9b8530f321dc6d95dd281e00dc823819af9fa9de4c3300f12068093436d,2021-06,Derbyshire Constabulary,Derbyshire Constabulary,-1.310110,52.985100,On or near Archer Street,E01019645,Erewash 016D,Other theft,Unable to prosecute suspect,
f39662dff7fcf519e8ec03ca2d87773da437bd154a8833d84d18bb84c510eb0f,2021-06,Derbyshire Constabulary,Derbyshire Constabulary,-1.307353,52.981434,On or near Eyre'S Garden,E01019645,Erewash 016D,Other theft,Status update unavailable,
bfa16d46fa6ac54bdf898fcd03d546268144004a0b6659e92cfb0348e6f0ae75,2021-06,Derbyshire Constabulary,Derbyshire Constabulary,-1.307353,52.981434,On or near Eyre'S Garden,E01019645,Erewash 016D,Public order,Unable to prosecute suspect,
0bf8ad91f1c87a115091daeff4ecc101a9d68369087be41cde903b275e08b350,2021-06,Derbyshire Constabulary,Derbyshire Constabulary,-1.310624,52.982766,On or near Barber Close,E01019645,Erewash 016D,Public order,Status update unavailable,
6291db0cf641e026b57a622323d928b5df3eef837938dd231f745dfd808f77a0,2021-06,Derbyshire Constabulary,Derbyshire Constabulary,-1.307353,52.981434,On or near Eyre'S Garden,E01019645,Erewash 016D,Violence and sexual offences,Unable to prosecute suspect,
823967ff1fdb934052c2dbd2fae92f5f8463dadd6940ccc0d467b169ee37d9af,2021-06,Derbyshire Constabulary,Derbyshire Constabulary,-1.308725,52.981361,On or near Great Northern Close,E01019645,Erewash 016D,Violence and sexual offences,Investigation complete; no suspect identified,
448fc1fcfc1c2a95a70a5fec6944549c9d6957487790f95d6d07ddbdb696463e,2021-06,Derbyshire Constabulary,Derbyshire Constabulary,-1.308725,52.981361,On or near Great Northern Close,E01019645,Erewash 016D,Violence and sexual offences,Status update unavailable,
8ee879a3ae5938f633acdaedbc79404069056fe2868f28b71cd51ac894509f45,2021-06,Derbyshire Constabulary,Derbyshire Constabulary,-1.309921,52.980119,On or near Tatham'S Lane,E01019645,Erewash 016D,Violence and sexual offences,Offender given a caution,
2a548f64286a7f2e4f53da290e1e8ee449f10aec29889268d0ad47533b36fecf,2021-06,Derbyshire Constabulary,Derbyshire Constabulary,-1.309658,52.983587,On or near Sports/Recreation Area,E01019645,Erewash 016D,Violence and sexual offences,Status update unavailable,
8e206ddee5e44aaddc17954b15977d706577854459c69953340a2cd7d58065c4,2021-06,Derbyshire Constabulary,Derbyshire Constabulary,-1.308725,52.981361,On or near Great Northern Close,E01019645,Erewash 016D,Violence and sexual offences,Investigation complete; no suspect identified,
e7a11060c980ac733e3b93c954fd96e1ea14e7debc0f1da7581ca38460e8f353,2021-06,Derbyshire Constabulary,Derbyshire Constabulary,-1.309921,52.980119,On or near Tatham'S Lane,E01019645,Erewash 016D,Other crime,Offender given a caution,
,2021-06,Derbyshire Constabulary,Derbyshire Constabulary,-1.325580,52.985530,On or near Holywell Road,E01032614,Erewash 016E,Anti-social behaviour,,
15b17b5957b0b8f63a55b9607df16b40282b8e83439ff58d66b037b1043e396a,2021-06,Derbyshire Constabulary,Derbyshire Constabulary,-1.323939,52.986636,On or near Wynward Close,E01032614,Erewash 016E,Violence and sexual offences,Status update unavailable,
f6ccd085162a5f47923a53619b1263574c4030b683c22a050c1d569559d2287b,2021-06,Derbyshire Constabulary,Derbyshire Constabulary,-0.399955,51.601628,On or near Sports/Recreation Area,E01002185,Harrow 009A,Violence and sexual offences,Status update unavailable,
,2021-06,Derbyshire Constabulary,Derbyshire Constabulary,-1.973530,53.458705,On or near Newlands Drive,E01019733,High Peak 001A,Anti-social behaviour,,
,2021-06,Derbyshire Constabulary,Derbyshire Constabulary,-1.978350,53.457025,On or near Alder Close,E01019733,High Peak 001A,Anti-social behaviour,,
,2021-06,Derbyshire Constabulary,Derbyshire Constabulary,-1.973320,53.457788,On or near Brookside Close,E01019733,High Peak 001A,Anti-social behaviour,,
,2021-06,Derbyshire Constabulary,Derbyshire Constabulary,-1.973530,53.458705,On or near Newlands Drive,E01019733,High Peak 001A,Anti-social behaviour,,
5af297417fd2b6e272209026416497aba27cfae09c94c178a237bb71127f7ddd,2021-06,Derbyshire Constabulary,Derbyshire Constabulary,-1.969056,53.460663,On or near Cross Street,E01019733,High Peak 001A,Criminal damage and arson,Unable to prosecute suspect,
8cbf5629479beb345ae3f58ab708af0139f1f72fd1167de9aa7d4fa947fa29ec,2021-06,Derbyshire Constabulary,Derbyshire Constabulary,-1.978350,53.457025,On or near Alder Close,E01019733,High Peak 001A,Other theft,Unable to prosecute suspect,
9a8c608c078031d230742601f23786678c64c28176b618b110ff3ba31f1744c5,2021-06,Derbyshire Constabulary,Derbyshire Constabulary,-1.969719,53.460007,On or near Queen Street,E01019733,High Peak 001A,Public order,Unable to prosecute suspect,
d4a2e1dfdb3d1061d24605de40bd96e60ebb35c4bf3e6638aaddfeb4cc308f49,2021-06,Derbyshire Constabulary,Derbyshire Constabulary,-1.969719,53.460007,On or near Queen Street,E01019733,High Peak 001A,Violence and sexual offences,Unable to prosecute suspect,
3978485ae9855e7464c11da60ab19c5f6b68ec3354a87746bfa7432f5bc968cb,2021-06,Derbyshire Constabulary,Derbyshire Constabulary,-1.978350,53.457025,On or near Alder Close,E01019733,High Peak 001A,Violence and sexual offences,Unable to prosecute suspect,
d6d612cf671a3aea584d43f366b5cdd5d6927c69da1d87275ffaea9bbf8cf355,2021-06,Derbyshire Constabulary,Derbyshire Constabulary,-1.973320,53.457788,On or near Brookside Close,E01019733,High Peak 001A,Violence and sexual offences,Unable to prosecute suspect,
,2021-06,Derbyshire Constabulary,Derbyshire Constabulary,-1.963691,53.464644,On or near Crowden Drive,E01019752,High Peak 001B,Anti-social behaviour,,
,2021-06,Derbyshire Constabulary,Derbyshire Constabulary,-1.964911,53.464257,On or near Torside Way,E01019752,High Peak 001B,Anti-social behaviour,,
,2021-06,Derbyshire Constabulary,Derbyshire Constabulary,-1.968241,53.463162,On or near Station Road,E01019752,High Peak 001B,Anti-social behaviour,,
,2021-06,Derbyshire Constabulary,Derbyshire Constabulary,-1.965332,53.465534,On or near Maguire Avenue,E01019752,High Peak 001B,Anti-social behaviour,,
,2021-06,Derbyshire Constabulary,Derbyshire Constabulary,-1.969942,53.464573,On or near Jones Street,E01019752,High Peak 001B,Anti-social behaviour,,
844f9a6704a5793b0ef0016f509f33a34e4374e477a2a4186d2d2fe27db42699,2021-06,Derbyshire Constabulary,Derbyshire Constabulary,-1.966747,53.466550,On or near Brosscroft,E01019752,High Peak 001B,Criminal damage and arson,Unable to prosecute suspect,
08cba4d7cf32103941b1df282c278c0aa76305cc91d663db7d6f39f32cfa37ed,2021-06,Derbyshire Constabulary,Derbyshire Constabulary,-1.969911,53.465077,On or near Bankbottom,E01019752,High Peak 001B,Other theft,Status update unavailable,
30688a8c91bb37a49c3450d20e97646933ba68f8951af19160003be8d832f4ad,2021-06,Derbyshire Constabulary,Derbyshire Constabulary,-1.969942,53.464573,On or near Jones Street,E01019752,High Peak 001B,Public order,Unable to prosecute suspect,
13f81958417d2253211c82015463081523a351eb7e0c8f817a40357bc65ec680,2021-06,Derbyshire Constabulary,Derbyshire Constabulary,-1.966401,53.465256,On or near Wilmans Walk,E01019752,High Peak 001B,Public order,Unable to prosecute suspect,
044de25ca3cb43474178cf48217f03013ff62d2b808485242929dc4c404cd11b,2021-06,Derbyshire Constabulary,Derbyshire Constabulary,-1.969942,53.464573,On or near Jones Street,E01019752,High Peak 001B,Public order,Unable to prosecute suspect,
fddeb4c4d6ab20c7514bc13d23c23757f3c745592efbbd8fe29b83fc32d62c57,2021-06,Derbyshire Constabulary,Derbyshire Constabulary,-1.968241,53.463162,On or near Station Road,E01019752,High Peak 001B,Shoplifting,Investigation complete; no suspect identified,
a6d0d2f1294aab718ed294efc395435b83eaf654fe6f902d17cad5be66d4f4a1,2021-06,Derbyshire Constabulary,Derbyshire Constabulary,-1.969942,53.464573,On or near Jones Street,E01019752,High Peak 001B,Vehicle crime,Investigation complete; no suspect identified,
9c5944e139bcd7d0a65e771da7401422cf9df4b19501010e9392d9f76d0235f9,2021-06,Derbyshire Constabulary,Derbyshire Constabulary,-1.969942,53.464573,On or near Jones Street,E01019752,High Peak 001B,Violence and sexual offences,Unable to prosecute suspect,
81f76748708fcce5afb468494c4a4722bd9c4611bd9b8141b8f1c0b331a8ede1,2021-06,Derbyshire Constabulary,Derbyshire Constabulary,-1.964730,53.464042,On or near Ehlinger Avenue,E01019752,High Peak 001B,Violence and sexual offences,Unable to prosecute suspect,
92f3e74144739ce9688ad1a2d74748a899b18a94da7a9bd0d7a54f1df9c11723,2021-06,Derbyshire Constabulary,Derbyshire Constabulary,-1.970393,53.465796,On or near Hazelwood Close,E01019752,High Peak 001B,Violence and sexual offences,Status update unavailable,
062c2f50bb48b2b6de60f5eecd1e727b43e7a62d08ae46f80c91fd53f27b2582,2021-06,Derbyshire Constabulary,Derbyshire Constabulary,-1.964730,53.464042,On or near Ehlinger Avenue,E01019752,High Peak 001B,Violence and sexual offences,Unable to prosecute suspect,
4bdebd7299ad75e97da8d884a1bad29f8bb49d9e3615ff3d2bf9736518f5d184,2021-06,Derbyshire Constabulary,Derbyshire Constabulary,-1.969942,53.464573,On or near Jones Street,E01019752,High Peak 001B,Violence and sexual offences,Unable to prosecute suspect,
391f3a506db0b2d70c0588401fcfea790793916211fdcce370bbddede8a9fbd1,2021-06,Derbyshire Constabulary,Derbyshire Constabulary,-1.968647,53.463773,On or near Osborne Place,E01019752,High Peak 001B,Violence and sexual offences,Unable to prosecute suspect,
,2021-06,Derbyshire Constabulary,Derbyshire Constabulary,-1.965984,53.460141,On or near Park Road,E01019753,High Peak 001C,Anti-social behaviour,,
,2021-06,Derbyshire Constabulary,Derbyshire Constabulary,-1.958315,53.462485,On or near Barber Street,E01019753,High Peak 001C,Anti-social behaviour,,
,2021-06,Derbyshire Constabulary,Derbyshire Constabulary,-1.958315,53.462485,On or near Barber Street,E01019753,High Peak 001C,Anti-social behaviour,,
,2021-06,Derbyshire Constabulary,Derbyshire Constabulary,-1.968228,53.459881,On or near Gladstone Street,E01019753,High Peak 001C,Anti-social behaviour,,
,2021-06,Derbyshire Constabulary,Derbyshire Constabulary,-1.958315,53.462485,On or near Barber Street,E01019753,High Peak 001C,Anti-social behaviour,,
f4707af2ee10c2530191e1d57faa06d5fb6e6b6f05c413daf63aa4e4472fab6c,2021-06,Derbyshire Constabulary,Derbyshire Constabulary,-1.965984,53.460141,On or near Park Road,E01019753,High Peak 001C,Drugs,Awaiting court outcome,
04f3bda63241831bfbca2b2e9607c4400a6566817b0391c3e31730c912dbc1d7,2021-06,Derbyshire Constabulary,Derbyshire Constabulary,-1.967669,53.461544,On or near Salisbury Street,E01019753,High Peak 001C,Other theft,Local resolution,
37ba76fac0c036075e5c845b96a6820d539610e06651b2a26ccddc9c1eb57ec6,2021-06,Derbyshire Constabulary,Derbyshire Constabulary,-1.966977,53.461220,On or near Railway Street,E01019753,High Peak 001C,Public order,Unable to prosecute suspect,
2b1bc625a86f06fcdb01bd64468c87a62ad9168feef7916b49b1b056121fe0f7,2021-06,Derbyshire Constabulary,Derbyshire Constabulary,-1.965771,53.461795,On or near Pingott Lane,E01019753,High Peak 001C,Public order,Unable to prosecute suspect,
d587d3d7f0bf1dd9f32be29c9f2e0dc73cf4474ce1f96020ccca79311b7475eb,2021-06,Derbyshire Constabulary,Derbyshire Constabulary,-1.968228,53.459881,On or near Gladstone Street,E01019753,High Peak 001C,Violence and sexual offences,Unable to prosecute suspect,
fc86f41303611efedfa4cace206170c67fa9e4894c7491b4e38a3198ea622b96,2021-06,Derbyshire Constabulary,Derbyshire Constabulary,-1.965771,53.461795,On or near Pingott Lane,E01019753,High Peak 001C,Violence and sexual offences,Status update unavailable,
2ce40f262292d2e6a4f3db629a545313fe609053f7df81028e6574f5bb1dd470,2021-06,Derbyshire Constabulary,Derbyshire Constabulary,-1.965771,53.461795,On or near Pingott Lane,E01019753,High Peak 001C,Violence and sexual offences,Status update unavailable,
d0f9944c21ead5f3f81bb048e2e875eb2f57782af92bbec657c6446592be1755,2021-06,Derbyshire Constabulary,Derbyshire Constabulary,-1.958315,53.462485,On or near Barber Street,E01019753,High Peak 001C,Violence and sexual offences,Unable to prosecute suspect,
d1d635e9bee5f1a6610056174b1a83ffb77ab94bfedad6ef5e0e7708b2e7783c,2021-06,Derbyshire Constabulary,Derbyshire Constabulary,-1.965984,53.460141,On or near Park Road,E01019753,High Peak 001C,Violence and sexual offences,Unable to prosecute suspect,
,2021-06,Derbyshire Constabulary,Derbyshire Constabulary,-1.891401,53.489857,On or near Parking Area,E01019763,High Peak 001D,Anti-social behaviour,,
,2021-06,Derbyshire Constabulary,Derbyshire Constabulary,-1.891401,53.489857,On or near Parking Area,E01019763,High Peak 001D,Anti-social behaviour,,
,2021-06,Derbyshire Constabulary,Derbyshire Constabulary,-1.974728,53.469806,On or near Bramah Edge Court,E01019763,High Peak 001D,Anti-social behaviour,,
,2021-06,Derbyshire Constabulary,Derbyshire Constabulary,-1.976852,53.469770,On or near South Close,E01019763,High Peak 001D,Anti-social behaviour,,
,2021-06,Derbyshire Constabulary,Derbyshire Constabulary,-1.971458,53.472025,On or near Sports/Recreation Area,E01019763,High Peak 001D,Anti-social behaviour,,
9172c3d148d6d107c1b09032d3fb779718c1c7f5447af5d4cbe8fec8217dd4fb,2021-06,Derbyshire Constabulary,Derbyshire Constabulary,-1.967273,53.467548,On or near Peter Street,E01019763,High Peak 001D,Burglary,Investigation complete; no suspect identified,
2910b591929f39aca8b9a5d20eb3682df962b36716b3499b01f7d857cfc50a0d,2021-06,Derbyshire Constabulary,Derbyshire Constabulary,-1.967664,53.468213,On or near Goddard Lane,E01019763,High Peak 001D,Burglary,Unable to prosecute suspect,
6c4d0b28a0555e8813fd4a4900d18c51a9c2a2ed04f6aad24c1e89bfae53d0fd,2021-06,Derbyshire Constabulary,Derbyshire Constabulary,-1.975934,53.469572,On or near Woodlands Close,E01019763,High Peak 001D,Criminal damage and arson,Investigation complete; no suspect identified,
b09f5c47bf53b8bab324f1c2d79cc43dae936a350f80465548c58db47ed8f782,2021-06,Derbyshire Constabulary,Derbyshire Constabulary,-1.974758,53.471478,On or near West Street,E01019763,High Peak 001D,Criminal damage and arson,Unable to prosecute suspect,
c113c117ee360e12fb8530bf84784aaf69dd2f7888286fef9927734251a97a44,2021-06,Derbyshire Constabulary,Derbyshire Constabulary,-1.974728,53.469806,On or near Bramah Edge Court,E01019763,High Peak 001D,Criminal damage and arson,Unable to prosecute suspect,
12654183b1eee067d90676e7e8b9b26a6cf304fb3b6caf75635526d8da24643e,2021-06,Derbyshire Constabulary,Derbyshire Constabulary,-1.967664,53.468213,On or near Goddard Lane,E01019763,High Peak 001D,Other theft,Unable to prosecute suspect,
bd510ee68b9bf19fb48b49ebcb4287d30c7e0d06570cdee46732a7caebda273c,2021-06,Derbyshire Constabulary,Derbyshire Constabulary,-1.974728,53.469806,On or near Bramah Edge Court,E01019763,High Peak 001D,Public order,Unable to prosecute suspect,
47b5636d2f1cf4e5b7e24f14b30842c6eb0fab30ebf020f0bebd97c77f127a0c,2021-06,Derbyshire Constabulary,Derbyshire Constabulary,-1.974758,53.471478,On or near West Street,E01019763,High Peak 001D,Public order,Further action is not in the public interest,
ee29403c8cdf7e858ed1ca74bb2c1392beff59385156f4421f272a25fd5c3029,2021-06,Derbyshire Constabulary,Derbyshire Constabulary,-1.974758,53.471478,On or near West Street,E01019763,High Peak 001D,Public order,Status update unavailable,
0143e558e9daa295c3fb04dbec509297e7349397245474054e6212159d9e1f11,2021-06,Derbyshire Constabulary,Derbyshire Constabulary,-1.974728,53.469806,On or near Bramah Edge Court,E01019763,High Peak 001D,Public order,Further action is not in the public interest,
2abcd4a736209e4595d0268e75c2abd3d2e5b9243687536b06d04e35113d89e1,2021-06,Derbyshire Constabulary,Derbyshire Constabulary,-1.891401,53.489857,On or near Parking Area,E01019763,High Peak 001D,Vehicle crime,Investigation complete; no suspect identified,
707ed5f943cf661da731b287ecbbe582aa007763c591ad880e2442a7de22b758,2021-06,Derbyshire Constabulary,Derbyshire Constabulary,-1.975934,53.469572,On or near Woodlands Close,E01019763,High Peak 001D,Violence and sexual offences,Unable to prosecute suspect,
a2d1e4d4458d170790d427106ba9498bf9e43752968e7671e80d682369c8a3ce,2021-06,Derbyshire Constabulary,Derbyshire Constabulary,-1.975934,53.469572,On or near Woodlands Close,E01019763,High Peak 001D,Violence and sexual offences,Unable to prosecute suspect,
e7e7b9df7b6049ceaea4fb24d574c4d83f21f0b6b1406fb03af9dcc39e7bb870,2021-06,Derbyshire Constabulary,Derbyshire Constabulary,-1.975934,53.469572,On or near Woodlands Close,E01019763,High Peak 001D,Violence and sexual offences,Unable to prosecute suspect,
25db7faf42313250a0855d50b621f0e80fe97a2cfb13517617c62f1a6e6437e4,2021-06,Derbyshire Constabulary,Derbyshire Constabulary,-1.969487,53.468079,On or near Lakeside,E01019763,High Peak 001D,Violence and sexual offences,Unable to prosecute suspect,
6283c16878ae4cf7a904f710bf93661803ea45fc3e429ea2386d0a18cf15d306,2021-06,Derbyshire Constabulary,Derbyshire Constabulary,-1.979323,53.468872,On or near Sports/Recreation Area,E01019763,High Peak 001D,Violence and sexual offences,Status update unavailable,
da6a7fd8f31c4215f977843eaca49f6e2422d3eb6e7a1aad36cf85d9f496ec09,2021-06,Derbyshire Constabulary,Derbyshire Constabulary,-1.976520,53.471361,On or near Sports/Recreation Area,E01019763,High Peak 001D,Violence and sexual offences,Unable to prosecute suspect,
9bc5e9b4bd6bb8b7f89373369fdf830f9d1bb8066a66519301f4bd7e3ce7b325,2021-06,Derbyshire Constabulary,Derbyshire Constabulary,-1.979323,53.468872,On or near Sports/Recreation Area,E01019763,High Peak 001D,Violence and sexual offences,Unable to prosecute suspect,
92297c43a397b36e771ab23edee9d9fe3bf18ca1a53dcf13bc05f292ae115315,2021-06,Derbyshire Constabulary,Derbyshire Constabulary,-1.974728,53.469806,On or near Bramah Edge Court,E01019763,High Peak 001D,Violence and sexual offences,Unable to prosecute suspect,
c25a42c225b45f9c38d8a5d4b0afe749f7e71f87da35a5dd784fc7508a67b30e,2021-06,Derbyshire Constabulary,Derbyshire Constabulary,-1.974728,53.469806,On or near Bramah Edge Court,E01019763,High Peak 001D,Violence and sexual offences,Local resolution,
,2021-06,Derbyshire Constabulary,Derbyshire Constabulary,-1.989376,53.447310,On or near Combs Mews,E01019728,High Peak 002A,Anti-social behaviour,,
ad0497eba2f97eec4a89536152d768d4534a136cc982e7ccf4702f7c6f785055,2021-06,Derbyshire Constabulary,Derbyshire Constabulary,-1.989120,53.448056,On or near Longnor Mews,E01019728,High Peak 002A,Criminal damage and arson,Investigation complete; no suspect identified,
125c89b48dee76ac0772f09851a103e4f566728e5d9d2904be1d1903afff8683,2021-06,Derbyshire Constabulary,Derbyshire Constabulary,-1.986531,53.445368,On or near Youlgreave Crescent,E01019728,High Peak 002A,Criminal damage and arson,Investigation complete; no suspect identified,
8edc5dfb21ae025f48723ba85eef317ce73c278c6598e75bc106a8fa2983e6c2,2021-06,Derbyshire Constabulary,Derbyshire Constabulary,-1.990491,53.446150,On or near Hurdlow Mews,E01019728,High Peak 002A,Violence and sexual offences,Unable to prosecute suspect,
,2021-06,Derbyshire Constabulary,Derbyshire Constabulary,-1.984453,53.448640,On or near Melandra Castle Road,E01019729,High Peak 002B,Anti-social behaviour,,
,2021-06,Derbyshire Constabulary,Derbyshire Constabulary,-1.984302,53.447327,On or near Buxton Mews,E01019729,High Peak 002B,Anti-social behaviour,,
,2021-06,Derbyshire Constabulary,Derbyshire Constabulary,-1.985402,53.446420,On or near Bamford Mews,E01019729,High Peak 002B,Anti-social behaviour,,
,2021-06,Derbyshire Constabulary,Derbyshire Constabulary,-1.987403,53.449530,On or near Grassmoor Crescent,E01019729,High Peak 002B,Anti-social behaviour,,
,2021-06,Derbyshire Constabulary,Derbyshire Constabulary,-1.984453,53.448640,On or near Melandra Castle Road,E01019729,High Peak 002B,Anti-social behaviour,,
,2021-06,Derbyshire Constabulary,Derbyshire Constabulary,-1.983730,53.447534,On or near Edale Crescent,E01019729,High Peak 002B,Anti-social behaviour,,
e0b749867d2d44c0848bbf7160d64e1bbcc8049708a2b7ab979f6f41258bc24e,2021-06,Derbyshire Constabulary,Derbyshire Constabulary,-1.984453,53.448640,On or near Melandra Castle Road,E01019729,High Peak 002B,Criminal damage and arson,Local resolution,
4cc909ae7f90e4dba822c2445ffedf40f0963ae3eba70595121c382fe287aded,2021-06,Derbyshire Constabulary,Derbyshire Constabulary,-1.986500,53.450518,On or near Calver Mews,E01019729,High Peak 002B,Criminal damage and arson,Investigation complete; no suspect identified,
bf5131845f47477cbc162b3d15f6e5c7d609950213c163bc15cb852b3acb45a7,2021-06,Derbyshire Constabulary,Derbyshire Constabulary,-1.986500,53.450518,On or near Calver Mews,E01019729,High Peak 002B,Public order,Unable to prosecute suspect,
4b8e218a728855af060dc0bff4ab8233431ada4f06abb450121b146ed5aeec7d,2021-06,Derbyshire Constabulary,Derbyshire Constabulary,-1.987403,53.449530,On or near Grassmoor Crescent,E01019729,High Peak 002B,Public order,Unable to prosecute suspect,
79d7aef98f9bd53d191a3ba04cd29bd15bb9b89ab6d6ede50a35f7b95ef00f28,2021-06,Derbyshire Constabulary,Derbyshire Constabulary,-1.986500,53.450518,On or near Calver Mews,E01019729,High Peak 002B,Public order,Unable to prosecute suspect,
2abdccd9356c29d96cafa7aabae808e49a0644b1833940a5162d776fefd8ca27,2021-06,Derbyshire Constabulary,Derbyshire Constabulary,-1.984453,53.448640,On or near Melandra Castle Road,E01019729,High Peak 002B,Violence and sexual offences,Status update unavailable,
fca90d5e93f5dc504e8f4f2837339a59d7adb6c0821a119b43ffdaf200b03a08,2021-06,Derbyshire Constabulary,Derbyshire Constabulary,-1.986485,53.448936,On or near Eyam Mews,E01019729,High Peak 002B,Violence and sexual offences,Unable to prosecute suspect,
22528f80bb79348c9e1863c7b2751191e94b59582cf8992088f537d2b23b93de,2021-06,Derbyshire Constabulary,Derbyshire Constabulary,-1.986500,53.450518,On or near Calver Mews,E01019729,High Peak 002B,Violence and sexual offences,Unable to prosecute suspect,
f0661966611f226ec73a1aa07b9253535088264333b3aeec2d4b86ac8e13d1de,2021-06,Derbyshire Constabulary,Derbyshire Constabulary,-1.986500,53.450518,On or near Calver Mews,E01019729,High Peak 002B,Violence and sexual offences,Unable to prosecute suspect,
a17eb8923ae3509acdd5d23f100248cf067fe17148f0fe6616238f7ca9446ca1,2021-06,Derbyshire Constabulary,Derbyshire Constabulary,-1.985536,53.449673,On or near Wessington Mews,E01019729,High Peak 002B,Violence and sexual offences,Unable to prosecute suspect,
1ee4799936848b5fe71effe0264bbbd2ca4ca89c32f90d9e334e87d65ca72e6c,2021-06,Derbyshire Constabulary,Derbyshire Constabulary,-1.987403,53.449530,On or near Grassmoor Crescent,E01019729,High Peak 002B,Violence and sexual offences,Unable to prosecute suspect,
a6f5e8012de75fdbd4e965460f52fc135e0fd606bb0ac1ff7437a73d130a67e3,2021-06,Derbyshire Constabulary,Derbyshire Constabulary,-1.985536,53.449673,On or near Wessington Mews,E01019729,High Peak 002B,Violence and sexual offences,Unable to prosecute suspect,
299207fdd80f6d4222f8681e7393132016d08f543a89c518e0e791c4a31d94df,2021-06,Derbyshire Constabulary,Derbyshire Constabulary,-1.985536,53.449673,On or near Wessington Mews,E01019729,High Peak 002B,Violence and sexual offences,Unable to prosecute suspect,
8d5495af36f44c2813e0da757ec6e83ee36a87f5d6a2658eabaaa6b80d9da939,2021-06,Derbyshire Constabulary,Derbyshire Constabulary,-1.984453,53.448640,On or near Melandra Castle Road,E01019729,High Peak 002B,Violence and sexual offences,Further investigation is not in the public interest,
b9faac3bcc7e243f39cf0f2c14848254e825544bbc2a775cccb9c71db4661483,2021-06,Derbyshire Constabulary,Derbyshire Constabulary,-1.986907,53.446950,On or near Sports/Recreation Area,E01019729,High Peak 002B,Violence and sexual offences,Unable to prosecute suspect,
f8918118b7ba23370248785c3f65e16ab4fb6a7bd63283d840ef2017b883ff3d,2021-06,Derbyshire Constabulary,Derbyshire Constabulary,-1.986485,53.448936,On or near Eyam Mews,E01019729,High Peak 002B,Violence and sexual offences,Unable to prosecute suspect,
0e0da44660f743ee2ad5e98fe9cfd03d9ba24892464a688706f1c5798144e18b,2021-06,Derbyshire Constabulary,Derbyshire Constabulary,-1.984453,53.448640,On or near Melandra Castle Road,E01019729,High Peak 002B,Violence and sexual offences,Status update unavailable,
,2021-06,Derbyshire Constabulary,Derbyshire Constabulary,-1.973001,53.462507,On or near Stoneridge,E01019730,High Peak 002C,Anti-social behaviour,,
,2021-06,Derbyshire Constabulary,Derbyshire Constabulary,-1.980622,53.461313,On or near Stiles Close,E01019730,High Peak 002C,Anti-social behaviour,,
,2021-06,Derbyshire Constabulary,Derbyshire Constabulary,-1.973965,53.462552,On or near Ridings Road,E01019730,High Peak 002C,Anti-social behaviour,,
,2021-06,Derbyshire Constabulary,Derbyshire Constabulary,-1.974041,53.461249,On or near Chapel Lane,E01019730,High Peak 002C,Anti-social behaviour,,
5d70dc7952de0885d3504e4c589540067e537098301862c9f36608499daba1ee,2021-06,Derbyshire Constabulary,Derbyshire Constabulary,-1.980622,53.461313,On or near Stiles Close,E01019730,High Peak 002C,Burglary,Unable to prosecute suspect,
8deb2ecb4c653141c2e3c9350476b3992c3f3ae61a0d906a566e9a85e811bd9f,2021-06,Derbyshire Constabulary,Derbyshire Constabulary,-1.976225,53.460036,On or near Mersey Bank Road,E01019730,High Peak 002C,Burglary,Status update unavailable,
04df3ef3b52f71e45f95464e53a02941f9a7241f032109f77884e3f02928396e,2021-06,Derbyshire Constabulary,Derbyshire Constabulary,-1.975171,53.459289,On or near Hadfield Road,E01019730,High Peak 002C,Public order,Unable to prosecute suspect,
7372520bbc698e1b20f4df7080d4b1578132f91d5df0891cf3217cd580ed4de3,2021-06,Derbyshire Constabulary,Derbyshire Constabulary,-1.976225,53.460036,On or near Mersey Bank Road,E01019730,High Peak 002C,Violence and sexual offences,Unable to prosecute suspect,
fb80b9f713cdc8607de612d52704ccd8af13d216dd6c37caafd915b30b8aa634,2021-06,Derbyshire Constabulary,Derbyshire Constabulary,-1.976225,53.460036,On or near Mersey Bank Road,E01019730,High Peak 002C,Violence and sexual offences,Status update unavailable,
8043421f2d9fe202675c0eb48983130fd364ce579a990b1360a5db2b956c2e36,2021-06,Derbyshire Constabulary,Derbyshire Constabulary,-1.976225,53.460036,On or near Mersey Bank Road,E01019730,High Peak 002C,Violence and sexual offences,Status update unavailable,
4d1fed75e52c24973e1f8446c3e76e93e0100265b436682599107e08dc9aa605,2021-06,Derbyshire Constabulary,Derbyshire Constabulary,-1.972188,53.461410,On or near Springbank,E01019730,High Peak 002C,Violence and sexual offences,Unable to prosecute suspect,
9bfb22f76bedd5a8964984c2b80f72db79c74f112fdfdc155783e8fcf799089f,2021-06,Derbyshire Constabulary,Derbyshire Constabulary,-1.970876,53.463567,On or near Bank Street,E01019730,High Peak 002C,Violence and sexual offences,Investigation complete; no suspect identified,
7ff6a896208e987978c5b23146e7fd029509f9f9ad8b2bda03376eb84519af0a,2021-06,Derbyshire Constabulary,Derbyshire Constabulary,-1.972188,53.461410,On or near Springbank,E01019730,High Peak 002C,Violence and sexual offences,Unable to prosecute suspect,
71c818b6acb1633b278893c6475b118d38c7222232492d2326b89eb8b9dfc8dc,2021-06,Derbyshire Constabulary,Derbyshire Constabulary,-1.974311,53.461671,On or near The Rises,E01019730,High Peak 002C,Violence and sexual offences,Unable to prosecute suspect,
0dd13182074dbb21ec3a59bd1934d4c9cea5ce6d2bc5dab6977491142c4acd4f,2021-06,Derbyshire Constabulary,Derbyshire Constabulary,-1.974311,53.461671,On or near The Rises,E01019730,High Peak 002C,Violence and sexual offences,Unable to prosecute suspect,
0f214bfaf0035d4a2ad8e79732ae3d38534c7301eccd74c61cb5ad25ffc4f1ac,2021-06,Derbyshire Constabulary,Derbyshire Constabulary,-1.976225,53.460036,On or near Mersey Bank Road,E01019730,High Peak 002C,Violence and sexual offences,Unable to prosecute suspect,
f07c65db8c02571137c11694fdb2aa38ebb67c6ebdc04aeaf398169bb64b42b2,2021-06,Derbyshire Constabulary,Derbyshire Constabulary,-1.980622,53.461313,On or near Stiles Close,E01019730,High Peak 002C,Violence and sexual offences,Unable to prosecute suspect,
a4440dd345013bbbceec961c4f0dfa310149720678c6807fd8d90d30869546bb,2021-06,Derbyshire Constabulary,Derbyshire Constabulary,-1.974311,53.461671,On or near The Rises,E01019730,High Peak 002C,Violence and sexual offences,Unable to prosecute suspect,
e5cb21973307ba14d42a3099aceb4bf1e631600fafac1f155e70941244f1e7bf,2021-06,Derbyshire Constabulary,Derbyshire Constabulary,-1.975171,53.459289,On or near Hadfield Road,E01019730,High Peak 002C,Violence and sexual offences,Local resolution,
3f4203477e077fc5ad31581c824bdd4b54396503f3bab7a39e2bad94c00e4041,2021-06,Derbyshire Constabulary,Derbyshire Constabulary,-1.972188,53.461410,On or near Springbank,E01019730,High Peak 002C,Violence and sexual offences,Unable to prosecute suspect,
6d0160a05d16c55fcdc001fccc996f2b1fd21c10d92cdb8180c2795ea3421c2a,2021-06,Derbyshire Constabulary,Derbyshire Constabulary,-1.983894,53.453367,On or near Petrol Station,E01019731,High Peak 002D,Other theft,Investigation complete; no suspect identified,
cd7bd057ea1860b56809f443e6a255e2c3620235852f7cf7e4e962c406f992a0,2021-06,Derbyshire Constabulary,Derbyshire Constabulary,-1.983894,53.453367,On or near Petrol Station,E01019731,High Peak 002D,Other theft,Unable to prosecute suspect,
bdbbb9acda36fc2db67d4c91ab445a4adbde6addcea70af258d947438b84b3bf,2021-06,Derbyshire Constabulary,Derbyshire Constabulary,-1.984676,53.454644,On or near A57,E01019731,High Peak 002D,Violence and sexual offences,Unable to prosecute suspect,
76f71464cf9dbb846767d5ceb4d1c42108daaa86a1fd7457a5741760abacc862,2021-06,Derbyshire Constabulary,Derbyshire Constabulary,-1.984676,53.454644,On or near A57,E01019731,High Peak 002D,Violence and sexual offences,Unable to prosecute suspect,
,2021-06,Derbyshire Constabulary,Derbyshire Constabulary,-1.980599,53.445547,On or near Orchard Drive,E01019732,High Peak 002E,Anti-social behaviour,,
,2021-06,Derbyshire Constabulary,Derbyshire Constabulary,-1.978894,53.454643,On or near Ashfield Road,E01019732,High Peak 002E,Anti-social behaviour,,
,2021-06,Derbyshire Constabulary,Derbyshire Constabulary,-1.980599,53.445547,On or near Orchard Drive,E01019732,High Peak 002E,Anti-social behaviour,,
,2021-06,Derbyshire Constabulary,Derbyshire Constabulary,-1.973805,53.452889,On or near Round Hill Close,E01019732,High Peak 002E,Anti-social behaviour,,
78a44c5a806636a8d4d140a668875745205a04b1482b4ea4083f3baf4d221bc2,2021-06,Derbyshire Constabulary,Derbyshire Constabulary,-1.981367,53.445484,On or near Glossop Road,E01019732,High Peak 002E,Burglary,Status update unavailable,
fdaa97da133a2c5f2d1ac9dd3f987727f2ff50aa59a34a510100078a32cc63cf,2021-06,Derbyshire Constabulary,Derbyshire Constabulary,-1.973805,53.452889,On or near Round Hill Close,E01019732,High Peak 002E,Criminal damage and arson,Unable to prosecute suspect,
f6cef345610f6abafe593b1f13e183f51f34a8a1bc7628e2f8f70dbaece50d30,2021-06,Derbyshire Constabulary,Derbyshire Constabulary,-1.973805,53.452889,On or near Round Hill Close,E01019732,High Peak 002E,Criminal damage and arson,Unable to prosecute suspect,
2010d5d34fcdcc1b5e44a558cd4581da7c2625e6ce12b8df4b7fd5b9b35cf701,2021-06,Derbyshire Constabulary,Derbyshire Constabulary,-1.976392,53.457330,On or near Burnside,E01019732,High Peak 002E,Criminal damage and arson,Investigation complete; no suspect identified,
60edebb73138d3c427566729bac830a943ae95834baa9a2848ab2367d9910375,2021-06,Derbyshire Constabulary,Derbyshire Constabulary,-1.973805,53.452889,On or near Round Hill Close,E01019732,High Peak 002E,Criminal damage and arson,Unable to prosecute suspect,
3bfe6f74d9d9e54ea945d12ec09d71ec3075204c76b983e5bf722a0ee618556a,2021-06,Derbyshire Constabulary,Derbyshire Constabulary,-1.973805,53.452889,On or near Round Hill Close,E01019732,High Peak 002E,Possession of weapons,Awaiting court outcome,
f25b82057d9a6a6b4eb5a0c111c287792bdda15e9da9a9b38c0716d1a0266f20,2021-06,Derbyshire Constabulary,Derbyshire Constabulary,-1.980311,53.451075,On or near Cottage Lane,E01019732,High Peak 002E,Public order,Unable to prosecute suspect,
b0c4b283abb6d599dac697bfa3ee8d9fecb97ced234d74cf2c4399a0ba69e3ad,2021-06,Derbyshire Constabulary,Derbyshire Constabulary,-1.975687,53.452377,On or near Shaw Lane,E01019732,High Peak 002E,Violence and sexual offences,Local resolution,
e9b38a4e4e3b50538894dac343f0a44a0a115b313044a9fce5d9e21387b0c1b2,2021-06,Derbyshire Constabulary,Derbyshire Constabulary,-1.973805,53.452889,On or near Round Hill Close,E01019732,High Peak 002E,Violence and sexual offences,Unable to prosecute suspect,
d9354a13bc7311a3107ef0eb1159c476550f99f01bd122b7599db310647a92ed,2021-06,Derbyshire Constabulary,Derbyshire Constabulary,-1.973805,53.452889,On or near Round Hill Close,E01019732,High Peak 002E,Violence and sexual offences,Unable to prosecute suspect,
3a2b93ba62f494524a0212b6e4aa334dd4f3694e76297f18a745d9fb66912ee3,2021-06,Derbyshire Constabulary,Derbyshire Constabulary,-1.981728,53.447821,On or near Rowsley Mews,E01019732,High Peak 002E,Violence and sexual offences,Status update unavailable,
ef4750a43cded564782363adb8e186f1f0d2f37177aa749e52d78463db454fd7,2021-06,Derbyshire Constabulary,Derbyshire Constabulary,-1.973805,53.452889,On or near Round Hill Close,E01019732,High Peak 002E,Violence and sexual offences,Unable to prosecute suspect,
,2021-06,Derbyshire Constabulary,Derbyshire Constabulary,-1.958365,53.442180,On or near Sunlaws Court,E01019738,High Peak 003A,Anti-social behaviour,,
,2021-06,Derbyshire Constabulary,Derbyshire Constabulary,-1.956531,53.439330,On or near Slatelands Avenue,E01019738,High Peak 003A,Anti-social behaviour,,
faa01f004759bb03f6552efd1cc6821f73165f375647e956f4aafe8700dc33e8,2021-06,Derbyshire Constabulary,Derbyshire Constabulary,-1.960111,53.442531,On or near Queen Street,E01019738,High Peak 003A,Criminal damage and arson,Investigation complete; no suspect identified,
0f5ea6b095d842fc48b9049a27560a207e4dbf7729bc8ec0bccaec87a3347c4f,2021-06,Derbyshire Constabulary,Derbyshire Constabulary,-1.962142,53.444814,On or near Supermarket,E01019738,High Peak 003A,Criminal damage and arson,Investigation complete; no suspect identified,
d059c72c3d8984daf83a9db53c36b3bc4ae27f6cee1b0b4e45acace2e3f4af17,2021-06,Derbyshire Constabulary,Derbyshire Constabulary,-1.954449,53.444057,On or near Supermarket,E01019738,High Peak 003A,Criminal damage and arson,Unable to prosecute suspect,
2a7e9faf165dc4bdd80781e59f1b453e1a227ba14b0973534a3e8cdf96937884,2021-06,Derbyshire Constabulary,Derbyshire Constabulary,-1.956725,53.440939,On or near Tredcroft Street,E01019738,High Peak 003A,Drugs,Offender given a caution,
ba213d7bdb6cb5036d2a47a7429e699abdaa4bc5f6e40638a79efe43e8b7b5bd,2021-06,Derbyshire Constabulary,Derbyshire Constabulary,-1.962142,53.444814,On or near Supermarket,E01019738,High Peak 003A,Other theft,Investigation complete; no suspect identified,
ee44ada54afec3eb3b26af65dc4e42a5b55f2336b41804e5697caf83bc1faab3,2021-06,Derbyshire Constabulary,Derbyshire Constabulary,-1.961525,53.443574,On or near Cooper Street,E01019738,High Peak 003A,Other theft,Investigation complete; no suspect identified,
6a16990673a62aed475959b05081db9c683f9a9a3f05b8f813d42910e704a0fc,2021-06,Derbyshire Constabulary,Derbyshire Constabulary,-1.961525,53.443574,On or near Cooper Street,E01019738,High Peak 003A,Other theft,Investigation complete; no suspect identified,
ac6d7bc5b59aeaa2852b3fd3296ed111a0c1e44bbdffa138ba46b944380fede7,2021-06,Derbyshire Constabulary,Derbyshire Constabulary,-1.961525,53.443574,On or near Cooper Street,E01019738,High Peak 003A,Other theft,Investigation complete; no suspect identified,
8ee57d7cf766a89c40078e2a062559220f6c6c260dced6d5d0c4bec59653aff5,2021-06,Derbyshire Constabulary,Derbyshire Constabulary,-1.959104,53.440930,On or near Pike'S Lane,E01019738,High Peak 003A,Public order,Formal action is not in the public interest,
02f133d2d208060dc60c187755916615218d9560adbb7d1ad6c63db9704213d7,2021-06,Derbyshire Constabulary,Derbyshire Constabulary,-1.954751,53.443410,On or near Hall'S Court,E01019738,High Peak 003A,Public order,Unable to prosecute suspect,
94aa81049665445bffbda3db3ea3521313e76a10f29fb4b0df404c330e8cac93,2021-06,Derbyshire Constabulary,Derbyshire Constabulary,-1.966779,53.444232,On or near A57,E01019738,High Peak 003A,Public order,Awaiting court outcome,
b13e12bf141c9f27774f3cf7d64d4f4d08fdee9890391e455c253259c351719f,2021-06,Derbyshire Constabulary,Derbyshire Constabulary,-1.954449,53.444057,On or near Supermarket,E01019738,High Peak 003A,Shoplifting,Investigation complete; no suspect identified,
ece2b0971973e4f0046a6afa5d863f2f07762c12ad02aafe60e96a10dbd93bbe,2021-06,Derbyshire Constabulary,Derbyshire Constabulary,-1.955623,53.444641,On or near Wren Nest Terrace,E01019738,High Peak 003A,Violence and sexual offences,Status update unavailable,
00ec4334946f720f05a0019422c7295855d4c9e947b281471a6e4a518376e7e6,2021-06,Derbyshire Constabulary,Derbyshire Constabulary,-1.952672,53.444281,On or near Parking Area,E01019738,High Peak 003A,Violence and sexual offences,Unable to prosecute suspect,
a87ce158e29ed174e5f2bd9ee48d3808f50bd1d9198fe26bc80e82a4d8bc483c,2021-06,Derbyshire Constabulary,Derbyshire Constabulary,-1.966779,53.444232,On or near A57,E01019738,High Peak 003A,Violence and sexual offences,Awaiting court outcome,
528cfe3c873cd5b076da38a55f1ba6ffe6283dfa32208b1d936aa531f0db75c0,2021-06,Derbyshire Constabulary,Derbyshire Constabulary,-1.955623,53.444641,On or near Wren Nest Terrace,E01019738,High Peak 003A,Violence and sexual offences,Unable to prosecute suspect,
cbe28421ea6a28a86820d4b4e75d93b7b72852c335a6c42715187411d8c9c339,2021-06,Derbyshire Constabulary,Derbyshire Constabulary,-1.960111,53.442531,On or near Queen Street,E01019738,High Peak 003A,Violence and sexual offences,Local resolution,
a86a3b1bdc23904e7a53600450c7cfb17f5c72bf4e0c392e13d12be7446a0a6a,2021-06,Derbyshire Constabulary,Derbyshire Constabulary,-1.956725,53.440939,On or near Tredcroft Street,E01019738,High Peak 003A,Violence and sexual offences,Status update unavailable,
3472a9e3f659d20d45128b8d6a5d55358511dab153b240999474a01d942f8b75,2021-06,Derbyshire Constabulary,Derbyshire Constabulary,-1.966779,53.444232,On or near A57,E01019738,High Peak 003A,Violence and sexual offences,Unable to prosecute suspect,
,2021-06,Derbyshire Constabulary,Derbyshire Constabulary,-1.948157,53.443092,On or near Smithy Fold,E01019739,High Peak 003B,Anti-social behaviour,,
,2021-06,Derbyshire Constabulary,Derbyshire Constabulary,-1.947088,53.442966,On or near Petrol Station,E01019739,High Peak 003B,Anti-social behaviour,,
,2021-06,Derbyshire Constabulary,Derbyshire Constabulary,-1.946245,53.443083,On or near Sports/Recreation Area,E01019739,High Peak 003B,Anti-social behaviour,,
,2021-06,Derbyshire Constabulary,Derbyshire Constabulary,-1.948862,53.445322,On or near Charles Street,E01019739,High Peak 003B,Anti-social behaviour,,
,2021-06,Derbyshire Constabulary,Derbyshire Constabulary,-1.948157,53.443092,On or near Smithy Fold,E01019739,High Peak 003B,Anti-social behaviour,,
,2021-06,Derbyshire Constabulary,Derbyshire Constabulary,-1.948157,53.443092,On or near Smithy Fold,E01019739,High Peak 003B,Anti-social behaviour,,
,2021-06,Derbyshire Constabulary,Derbyshire Constabulary,-1.944544,53.443001,On or near Mill Street,E01019739,High Peak 003B,Anti-social behaviour,,
,2021-06,Derbyshire Constabulary,Derbyshire Constabulary,-1.950732,53.442977,On or near Further/Higher Educational Building,E01019739,High Peak 003B,Anti-social behaviour,,
,2021-06,Derbyshire Constabulary,Derbyshire Constabulary,-1.948156,53.444036,On or near Station Street,E01019739,High Peak 003B,Anti-social behaviour,,
9e388f705dbac34a8bf64fff994ca58b1f3270e45ed6255b306b6a1c9a107aa4,2021-06,Derbyshire Constabulary,Derbyshire Constabulary,-1.952267,53.442816,On or near Chapel Street,E01019739,High Peak 003B,Burglary,Investigation complete; no suspect identified,
5d383dcdca0a2744b9b4d7229db7ecec789898b1e6aea6b37d8ef8a487a0810e,2021-06,Derbyshire Constabulary,Derbyshire Constabulary,-1.952251,53.443768,On or near Parking Area,E01019739,High Peak 003B,Drugs,Offender given a drugs possession warning,
ee8d09311237990d644208fb35a4438e1e2fdc46fadaaf472fcf1b872884d68b,2021-06,Derbyshire Constabulary,Derbyshire Constabulary,-1.947088,53.442966,On or near Petrol Station,E01019739,High Peak 003B,Other theft,Investigation complete; no suspect identified,
ef338124b3a3d799bba79910f742fcc3594f64d16b73d096dc7e3577b891239e,2021-06,Derbyshire Constabulary,Derbyshire Constabulary,-1.944544,53.443001,On or near Mill Street,E01019739,High Peak 003B,Public order,Unable to prosecute suspect,
3d9bca00a17bf1b79b28bcfa24ad1701cc74bab4caf67d011b0b7b4714fee8b4,2021-06,Derbyshire Constabulary,Derbyshire Constabulary,-1.950670,53.443831,On or near Railway Street,E01019739,High Peak 003B,Public order,Investigation complete; no suspect identified,
7b49bf9854e415fb64fa84616d727ccafc45cd1c3319b206514c9ed9dfff2afa,2021-06,Derbyshire Constabulary,Derbyshire Constabulary,-1.952674,53.442672,On or near George Street,E01019739,High Peak 003B,Public order,Investigation complete; no suspect identified,
a09f94d988422a3b122a3f5b5ec71e521a15f0edcb9dd98179016531b1f79ff7,2021-06,Derbyshire Constabulary,Derbyshire Constabulary,-1.944544,53.443001,On or near Mill Street,E01019739,High Peak 003B,Public order,Unable to prosecute suspect,
477ed0e01287e98578eff2f53697bdf2e50653b40fb597a786203b42164338a3,2021-06,Derbyshire Constabulary,Derbyshire Constabulary,-1.949541,53.443731,On or near Theatre/Concert Hall,E01019739,High Peak 003B,Shoplifting,Unable to prosecute suspect,
d08a159b88d63965ea94d2ca18f83103d3a3f6786935d4f723e7c1b7de10f9b0,2021-06,Derbyshire Constabulary,Derbyshire Constabulary,-1.949541,53.443731,On or near Theatre/Concert Hall,E01019739,High Peak 003B,Shoplifting,Unable to prosecute suspect,
220e1253e0346754f7add56960145f62ff3cf506ef4e15d274d3f4fa5fabda98,2021-06,Derbyshire Constabulary,Derbyshire Constabulary,-1.950670,53.443831,On or near Railway Street,E01019739,High Peak 003B,Vehicle crime,Investigation complete; no suspect identified,
d667c1bc58ead036b9261e6ea9d5b18e25a458dcbb2c1dc0307e3a2f7a4e64a5,2021-06,Derbyshire Constabulary,Derbyshire Constabulary,-1.948562,53.444324,On or near Parking Area,E01019739,High Peak 003B,Vehicle crime,Status update unavailable,
0be41dd0a68c2545e7b2ab27698255df27a509753bfc7181027105690a78f388,2021-06,Derbyshire Constabulary,Derbyshire Constabulary,-1.948157,53.443092,On or near Smithy Fold,E01019739,High Peak 003B,Vehicle crime,Unable to prosecute suspect,
7d68a4c52fb3b72142b2be1a3b6a06006ad85beb08ccdb534a5236e7d4621c78,2021-06,Derbyshire Constabulary,Derbyshire Constabulary,-1.948157,53.443092,On or near Smithy Fold,E01019739,High Peak 003B,Violence and sexual offences,Local resolution,
e01d868fdcbf517c26318f6ea0f83fb57e9d05f6b0248dceb14642a6b134b2bc,2021-06,Derbyshire Constabulary,Derbyshire Constabulary,-1.945836,53.445258,On or near King Edward Avenue,E01019739,High Peak 003B,Violence and sexual offences,Action to be taken by another organisation,
e401a89b708f369195e4b7caca0873c43af0d511e5979583e8f80c156db1fe3e,2021-06,Derbyshire Constabulary,Derbyshire Constabulary,-1.949541,53.443731,On or near Theatre/Concert Hall,E01019739,High Peak 003B,Violence and sexual offences,Unable to prosecute suspect,
67229f0b28e50c06a2dbf19521e4aa31ec61b46a5e9bf81c5f701b2b0ae43207,2021-06,Derbyshire Constabulary,Derbyshire Constabulary,-1.952267,53.442816,On or near Chapel Street,E01019739,High Peak 003B,Violence and sexual offences,Unable to prosecute suspect,
bea4661984f030f457d1032fdfc721d90413cfa3125d1652ba4a25fbe208f06f,2021-06,Derbyshire Constabulary,Derbyshire Constabulary,-1.945973,53.444242,On or near Quarry Close,E01019739,High Peak 003B,Violence and sexual offences,Unable to prosecute suspect,
96bd5b2345812a86fdba1123d766ab96be3ad6f4cf2b285f4640bcf57236fc15,2021-06,Derbyshire Constabulary,Derbyshire Constabulary,-1.952251,53.443768,On or near Parking Area,E01019739,High Peak 003B,Violence and sexual offences,Unable to prosecute suspect,
3907d2b98fb473fbd2db71aeafd727b53cb2fc2eff4faa182b5dd1cfa27eb91b,2021-06,Derbyshire Constabulary,Derbyshire Constabulary,-1.949541,53.443731,On or near Theatre/Concert Hall,E01019739,High Peak 003B,Violence and sexual offences,Unable to prosecute suspect,
a2e655f40633e6b6c69e124d3959172bbc7687e51bfd8a6d7fb9181431918577,2021-06,Derbyshire Constabulary,Derbyshire Constabulary,-1.944544,53.443001,On or near Mill Street,E01019739,High Peak 003B,Violence and sexual offences,Unable to prosecute suspect,
e612852c7476142740940b618a36208c5d53106b65ebd96df58e98487a8d3d65,2021-06,Derbyshire Constabulary,Derbyshire Constabulary,-1.949541,53.443731,On or near Theatre/Concert Hall,E01019739,High Peak 003B,Violence and sexual offences,Unable to prosecute suspect,
8f770dee11139fc22d11a523ce00cbeca298ef7e332f0619dc5b48d89b7c6839,2021-06,Derbyshire Constabulary,Derbyshire Constabulary,-1.945973,53.444242,On or near Quarry Close,E01019739,High Peak 003B,Violence and sexual offences,Unable to prosecute suspect,
9f28c268df6d914c4e6a5afb5cdccf3cd284e6a829adca2d583b4cf74009b174,2021-06,Derbyshire Constabulary,Derbyshire Constabulary,-1.950070,53.441853,On or near Victoria Street,E01019739,High Peak 003B,Violence and sexual offences,Unable to prosecute suspect,
8c5d9c869d052ad7b81f308c2f8a562ee6bddd1b010849627c7b952106e902ea,2021-06,Derbyshire Constabulary,Derbyshire Constabulary,-1.952602,53.439292,On or near James Street,E01019740,High Peak 003C,Bicycle theft,Investigation complete; no suspect identified,
ed0f0f28920d0ce1f81e113d3ba6d03cb825020a09075623b1d4d63c2cd92a6e,2021-06,Derbyshire Constabulary,Derbyshire Constabulary,-1.952363,53.438438,On or near York Terrace,E01019740,High Peak 003C,Criminal damage and arson,Investigation complete; no suspect identified,
438402f475b3ee7fae2717e0c7207ae9fc02b6d7ba4a432be4529bc7d6956f47,2021-06,Derbyshire Constabulary,Derbyshire Constabulary,-1.952363,53.438438,On or near York Terrace,E01019740,High Peak 003C,Criminal damage and arson,Investigation complete; no suspect identified,
6cf39bebb81f8a3b942228794ef03712e250556829315516adb237256cad9f33,2021-06,Derbyshire Constabulary,Derbyshire Constabulary,-1.954091,53.440587,On or near Mount Street,E01019740,High Peak 003C,Other theft,Status update unavailable,
03bd6956626fb1e65dabd4a3e91243f2d60c84e3fa322f3b1030d8e4b155d0c2,2021-06,Derbyshire Constabulary,Derbyshire Constabulary,-1.955898,53.440147,On or near John Street,E01019740,High Peak 003C,Robbery,Unable to prosecute suspect,
6283c16878ae4cf7a904f710bf93661803ea45fc3e429ea2386d0a18cf15d306,2021-06,Derbyshire Constabulary,Derbyshire Constabulary,-1.952064,53.436182,On or near Lee Mount,E01019740,High Peak 003C,Violence and sexual offences,Unable to prosecute suspect,
c1e3561dfea02c2f378e92b48eb054e741419b47c48e1155506fa12174a687ab,2021-06,Derbyshire Constabulary,Derbyshire Constabulary,-1.952363,53.438438,On or near York Terrace,E01019740,High Peak 003C,Violence and sexual offences,Unable to prosecute suspect,
,2021-06,Derbyshire Constabulary,Derbyshire Constabulary,-1.930042,53.445600,On or near Queen'S Drive,E01019750,High Peak 003D,Anti-social behaviour,,
,2021-06,Derbyshire Constabulary,Derbyshire Constabulary,-1.933460,53.445350,On or near Woodcock Grove,E01019750,High Peak 003D,Anti-social behaviour,,
,2021-06,Derbyshire Constabulary,Derbyshire Constabulary,-1.928642,53.445096,On or near Pyegrove,E01019750,High Peak 003D,Anti-social behaviour,,
,2021-06,Derbyshire Constabulary,Derbyshire Constabulary,-1.938598,53.452849,On or near Kilmory Fold,E01019750,High Peak 003D,Anti-social behaviour,,
,2021-06,Derbyshire Constabulary,Derbyshire Constabulary,-1.928642,53.445096,On or near Pyegrove,E01019750,High Peak 003D,Anti-social behaviour,,
3bdab81f038e554aaeadc6e799caae64d19e8d32e51dd032a6baaef9ee916d95,2021-06,Derbyshire Constabulary,Derbyshire Constabulary,-1.939699,53.451915,On or near Shire Way,E01019750,High Peak 003D,Burglary,Investigation complete; no suspect identified,
6822871a4b37109f2c1b37404b4204ef3d029e19e52ec7d2f7f50473adb47066,2021-06,Derbyshire Constabulary,Derbyshire Constabulary,-1.938452,53.450099,On or near Church Street South,E01019750,High Peak 003D,Criminal damage and arson,Unable to prosecute suspect,
562397a483a29cfb1e6ea9c1821c3e7fe9a1672bab2b182bdff3bc0e273ed79a,2021-06,Derbyshire Constabulary,Derbyshire Constabulary,-1.938452,53.450099,On or near Church Street South,E01019750,High Peak 003D,Public order,Investigation complete; no suspect identified,
c78b247f0cdcb822fcf658e044f9a411cd4e2db5a5f45370ac88c7ca9b9e1cf5,2021-06,Derbyshire Constabulary,Derbyshire Constabulary,-1.930042,53.445600,On or near Queen'S Drive,E01019750,High Peak 003D,Violence and sexual offences,Investigation complete; no suspect identified,
5267bf787c174ba14bd4b8206c6201c7d81c2008171b04c047f3eb4d5b6d98f0,2021-06,Derbyshire Constabulary,Derbyshire Constabulary,-1.930042,53.445600,On or near Queen'S Drive,E01019750,High Peak 003D,Violence and sexual offences,Unable to prosecute suspect,
cab9f195f72f52aef7b6add0db5c033bfe68467fa640ce855be61930d722adc5,2021-06,Derbyshire Constabulary,Derbyshire Constabulary,-1.930042,53.445600,On or near Queen'S Drive,E01019750,High Peak 003D,Violence and sexual offences,Unable to prosecute suspect,
bc77e72629e7213e9df671b1231c6387c9f2c994e5e5358b895d4beef0d0cc33,2021-06,Derbyshire Constabulary,Derbyshire Constabulary,-1.930042,53.445600,On or near Queen'S Drive,E01019750,High Peak 003D,Violence and sexual offences,Unable to prosecute suspect,
,2021-06,Derbyshire Constabulary,Derbyshire Constabulary,-1.942438,53.441993,On or near Cross Cliffe,E01019751,High Peak 003E,Anti-social behaviour,,
,2021-06,Derbyshire Constabulary,Derbyshire Constabulary,-1.938968,53.447151,On or near Manor Park Road,E01019751,High Peak 003E,Anti-social behaviour,,
,2021-06,Derbyshire Constabulary,Derbyshire Constabulary,-1.933514,53.439697,On or near Heron Close,E01019751,High Peak 003E,Anti-social behaviour,,
63be829caae0ba6cc433795ad2ad5cf4ad276b6fa0b979b55ab5c21a4feabde5,2021-06,Derbyshire Constabulary,Derbyshire Constabulary,-1.936027,53.440120,On or near Scotty Brook Crescent,E01019751,High Peak 003E,Violence and sexual offences,Unable to prosecute suspect,
9bd7f699bdb4fcb2eedcccc9d7bbed5c592d3327d9af05d3fa44133abf37ecee,2021-06,Derbyshire Constabulary,Derbyshire Constabulary,-1.936027,53.440120,On or near Scotty Brook Crescent,E01019751,High Peak 003E,Violence and sexual offences,Unable to prosecute suspect,
8d767b13dcc611c05fcf8eade9d393b5dffc2bad0652bb604c1c3d4c44c12a00,2021-06,Derbyshire Constabulary,Derbyshire Constabulary,-1.938968,53.447151,On or near Manor Park Road,E01019751,High Peak 003E,Violence and sexual offences,Investigation complete; no suspect identified,
,2021-06,Derbyshire Constabulary,Derbyshire Constabulary,-1.945920,53.438417,On or near Uplands Road,E01019768,High Peak 003F,Anti-social behaviour,,
,2021-06,Derbyshire Constabulary,Derbyshire Constabulary,-1.943465,53.439324,On or near Cliffe Road,E01019768,High Peak 003F,Anti-social behaviour,,
,2021-06,Derbyshire Constabulary,Derbyshire Constabulary,-1.949230,53.439381,On or near Wood Street,E01019768,High Peak 003F,Anti-social behaviour,,
,2021-06,Derbyshire Constabulary,Derbyshire Constabulary,-1.945828,53.439370,On or near Highfield Road,E01019768,High Peak 003F,Anti-social behaviour,,
,2021-06,Derbyshire Constabulary,Derbyshire Constabulary,-1.949230,53.439381,On or near Wood Street,E01019768,High Peak 003F,Anti-social behaviour,,
,2021-06,Derbyshire Constabulary,Derbyshire Constabulary,-1.945920,53.438417,On or near Uplands Road,E01019768,High Peak 003F,Anti-social behaviour,,
,2021-06,Derbyshire Constabulary,Derbyshire Constabulary,-1.947861,53.438715,On or near Todd Street,E01019768,High Peak 003F,Anti-social behaviour,,
ad8a38e59acd07e7d41e091eef86b2312c313920b41c3b28e7fac8166da80737,2021-06,Derbyshire Constabulary,Derbyshire Constabulary,-1.945770,53.437465,On or near Barn Close,E01019768,High Peak 003F,Drugs,Awaiting court outcome,
55d7a1350fb59cbede418d920361aed978071c1989d9f1ba8b31a628c5eb9a7f,2021-06,Derbyshire Constabulary,Derbyshire Constabulary,-1.945920,53.438417,On or near Uplands Road,E01019768,High Peak 003F,Drugs,Status update unavailable,
92a8333084acb593f469dad64556af6113c29a10c3748af0bf0f5528448b438b,2021-06,Derbyshire Constabulary,Derbyshire Constabulary,-1.951024,53.437188,On or near Whitfield Avenue,E01019768,High Peak 003F,Other theft,Local resolution,
11727464be22a3df371bd94374824320ce822f3cbe29f3eab352cac0f1e2b6c2,2021-06,Derbyshire Constabulary,Derbyshire Constabulary,-1.947861,53.438715,On or near Todd Street,E01019768,High Peak 003F,Other theft,Local resolution,
c0962b9384348580c94e7d7da7bae7c26db2148e03e17d8697bdb9088b652bd1,2021-06,Derbyshire Constabulary,Derbyshire Constabulary,-1.945922,53.436287,On or near Hague Street,E01019768,High Peak 003F,Public order,Unable to prosecute suspect,
caf031a99e898db04e9888b0d84dc4a3e7f13c967b573a542024961e01ce0f1d,2021-06,Derbyshire Constabulary,Derbyshire Constabulary,-1.945770,53.437465,On or near Barn Close,E01019768,High Peak 003F,Public order,Status update unavailable,
3187e841fedcbbf06184373b0de7ace1830885cc9ab92d52062a3b15a5cbff11,2021-06,Derbyshire Constabulary,Derbyshire Constabulary,-1.945828,53.439370,On or near Highfield Road,E01019768,High Peak 003F,Public order,Offender given penalty notice,
83b50bc6c6632f75bc72e8ba2cd0cdd189f7e975b645a54c7dd48baab18d4a8d,2021-06,Derbyshire Constabulary,Derbyshire Constabulary,-1.947618,53.440557,On or near Gladstone Close,E01019768,High Peak 003F,Violence and sexual offences,Investigation complete; no suspect identified,
235e35dd9a4f6a7c64db3b7ffbb27cb224f6ac81b1eb73e6492496561a297861,2021-06,Derbyshire Constabulary,Derbyshire Constabulary,-1.950825,53.440172,On or near Nursery Close,E01019768,High Peak 003F,Violence and sexual offences,Status update unavailable,
b8d671c3076a51dd9b9bde0c5ed69a938a2463669c50a4a33b8e56349eb9c2b3,2021-06,Derbyshire Constabulary,Derbyshire Constabulary,-1.945920,53.438417,On or near Uplands Road,E01019768,High Peak 003F,Violence and sexual offences,Unable to prosecute suspect,
0f78ce74c47ff718939048bafdd4557d5620984d3383656af4e07f4a3b899681,2021-06,Derbyshire Constabulary,Derbyshire Constabulary,-1.947861,53.438715,On or near Todd Street,E01019768,High Peak 003F,Violence and sexual offences,Status update unavailable,
,2021-06,Derbyshire Constabulary,Derbyshire Constabulary,-1.944868,53.448376,On or near Old Hall Close,E01019727,High Peak 004A,Anti-social behaviour,,
,2021-06,Derbyshire Constabulary,Derbyshire Constabulary,-1.962952,53.447817,On or near Ashes Lane,E01019727,High Peak 004A,Anti-social behaviour,,
,2021-06,Derbyshire Constabulary,Derbyshire Constabulary,-1.956760,53.451275,On or near Park Crescent,E01019727,High Peak 004A,Anti-social behaviour,,
,2021-06,Derbyshire Constabulary,Derbyshire Constabulary,-1.951021,53.452819,On or near Bexley Close,E01019727,High Peak 004A,Anti-social behaviour,,
,2021-06,Derbyshire Constabulary,Derbyshire Constabulary,-1.956085,53.448561,On or near Elm Grove,E01019727,High Peak 004A,Anti-social behaviour,,
6f4f9a1e80795c2786c57b67fe58e41294b30dab8bb7c22808069ce1914151a9,2021-06,Derbyshire Constabulary,Derbyshire Constabulary,-1.958134,53.447860,On or near Ten Foot Close,E01019727,High Peak 004A,Burglary,Investigation complete; no suspect identified,
ca53bd82edf0d29f1ae39e2f38f72ec4462a91e6c13e4f3b390437a03979778f,2021-06,Derbyshire Constabulary,Derbyshire Constabulary,-1.958013,53.448229,On or near Birchside Avenue,E01019727,High Peak 004A,Burglary,Investigation complete; no suspect identified,
09409e0dee23fe827d37d1542b7ade384e8e88b61d55749f8cefd8854c2cfd1f,2021-06,Derbyshire Constabulary,Derbyshire Constabulary,-1.951021,53.452819,On or near Bexley Close,E01019727,High Peak 004A,Criminal damage and arson,Investigation complete; no suspect identified,
b0c17a1daad5a5b36dfb2d6555d705bd7c09d36bb3802f0dac196b9c2dce394e,2021-06,Derbyshire Constabulary,Derbyshire Constabulary,-1.951021,53.452819,On or near Bexley Close,E01019727,High Peak 004A,Criminal damage and arson,Unable to prosecute suspect,
c85694ffe04db313f00ca0c2da43c9868f291c45810e61c4fb49bb67b11972d7,2021-06,Derbyshire Constabulary,Derbyshire Constabulary,-1.962952,53.447817,On or near Ashes Lane,E01019727,High Peak 004A,Vehicle crime,Investigation complete; no suspect identified,
,2021-06,Derbyshire Constabulary,Derbyshire Constabulary,-1.925907,53.442335,On or near Conference/Exhibition Centre,E01019749,High Peak 004B,Anti-social behaviour,,
,2021-06,Derbyshire Constabulary,Derbyshire Constabulary,-1.931644,53.441493,On or near Appleton Drive,E01019749,High Peak 004B,Anti-social behaviour,,
,2021-06,Derbyshire Constabulary,Derbyshire Constabulary,-1.954092,53.467957,On or near Pedestrian Subway,E01019754,High Peak 004C,Anti-social behaviour,,
,2021-06,Derbyshire Constabulary,Derbyshire Constabulary,-1.994994,53.434879,On or near Sports/Recreation Area,E01019754,High Peak 004C,Anti-social behaviour,,
,2021-06,Derbyshire Constabulary,Derbyshire Constabulary,-1.935304,53.430871,On or near Kidd Road,E01019754,High Peak 004C,Anti-social behaviour,,
bfaa82a5bbf154802952e3b0d2b023a2c6dd25a0a18c47aa4d6e245c68162b53,2021-06,Derbyshire Constabulary,Derbyshire Constabulary,-1.946837,53.427443,On or near Chunal Lane,E01019754,High Peak 004C,Burglary,Investigation complete; no suspect identified,
b02f1b3d98c164af475afe485fa9ffcb2c36ee0bf188e877af93685c8aac42c0,2021-06,Derbyshire Constabulary,Derbyshire Constabulary,-1.935304,53.430871,On or near Kidd Road,E01019754,High Peak 004C,Criminal damage and arson,Investigation complete; no suspect identified,
ca4d0092ede9e1d2a290dc61abfde46cd740d9b86ee43a9df22f457d2897b1d9,2021-06,Derbyshire Constabulary,Derbyshire Constabulary,-1.993399,53.433908,On or near Haydn Fold,E01019754,High Peak 004C,Criminal damage and arson,Investigation complete; no suspect identified,
ce4c346a24f50e62776f7bba3c354a9a44aa5e1b39e35857edd973290da014b6,2021-06,Derbyshire Constabulary,Derbyshire Constabulary,-1.935304,53.430871,On or near Kidd Road,E01019754,High Peak 004C,Drugs,Local resolution,
02d6b089a956503de3b23d3ae987be21a027b22beaa4e4ee6e485a71aa1c7791,2021-06,Derbyshire Constabulary,Derbyshire Constabulary,-1.994527,53.433980,On or near Church Fold,E01019754,High Peak 004C,Other theft,Unable to prosecute suspect,
f7da1632ddef74485917d11ac9e6e897207038a5ae90418c2cc6782ce0322334,2021-06,Derbyshire Constabulary,Derbyshire Constabulary,-1.987346,53.438375,On or near Sports/Recreation Area,E01019754,High Peak 004C,Other theft,Investigation complete; no suspect identified,
c3001e5e90d5b8f0e30a57ac29813df6081392a6b10b4af3cbefde189118300c,2021-06,Derbyshire Constabulary,Derbyshire Constabulary,-1.992179,53.434519,On or near Sherwood Fold,E01019754,High Peak 004C,Public order,Unable to prosecute suspect,
d6a931aa061ecec82377f30dc4eaf5db864d76c5a5470c4446661286ef7f9fd1,2021-06,Derbyshire Constabulary,Derbyshire Constabulary,-1.999389,53.436938,On or near Long Lane,E01019754,High Peak 004C,Public order,Unable to prosecute suspect,
b4a2a528ccc4df89c8cd74a0523d50726dc820535de7e7b204c9ac7693f83b2f,2021-06,Derbyshire Constabulary,Derbyshire Constabulary,-1.999389,53.436938,On or near Long Lane,E01019754,High Peak 004C,Public order,Status update unavailable,
86d406d2176749b87a2986443f11f6b878078aaac92d44648c4617e04fa1f866,2021-06,Derbyshire Constabulary,Derbyshire Constabulary,-1.987346,53.438375,On or near Sports/Recreation Area,E01019754,High Peak 004C,Public order,Unable to prosecute suspect,
32e9582cf424b26d3c652e69fc0c63e91e771e6186d4fc63a9d7f5cf9dbe7bca,2021-06,Derbyshire Constabulary,Derbyshire Constabulary,-1.946837,53.427443,On or near Chunal Lane,E01019754,High Peak 004C,Violence and sexual offences,Unable to prosecute suspect,
82d613b8266da3da41e020abc0bdbfb31b5461f1f36341302502f539682d73be,2021-06,Derbyshire Constabulary,Derbyshire Constabulary,-1.999389,53.436938,On or near Long Lane,E01019754,High Peak 004C,Violence and sexual offences,Status update unavailable,
806a93543175380a373e384005f5c6920a372671536d73b048f7b9eacbd43c37,2021-06,Derbyshire Constabulary,Derbyshire Constabulary,-1.946837,53.427443,On or near Chunal Lane,E01019754,High Peak 004C,Violence and sexual offences,Unable to prosecute suspect,
3a2b93ba62f494524a0212b6e4aa334dd4f3694e76297f18a745d9fb66912ee3,2021-06,Derbyshire Constabulary,Derbyshire Constabulary,-1.987346,53.438375,On or near Sports/Recreation Area,E01019754,High Peak 004C,Violence and sexual offences,Unable to prosecute suspect,
7e6ac42e87de8131f8b0fc9d811d0a71cfc13abb83d7710327ac8d7a6211d58a,2021-06,Derbyshire Constabulary,Derbyshire Constabulary,-1.994994,53.434879,On or near Sports/Recreation Area,E01019754,High Peak 004C,Violence and sexual offences,Local resolution,
5d45233aa5fab2d814246db1a403975d6200e0fdc97f37f4b27f3c9ff99f29a6,2021-06,Derbyshire Constabulary,Derbyshire Constabulary,-1.987346,53.438375,On or near Sports/Recreation Area,E01019754,High Peak 004C,Violence and sexual offences,Investigation complete; no suspect identified,
,2021-06,Derbyshire Constabulary,Derbyshire Constabulary,-1.972157,53.439406,On or near Hunters Lane,E01019756,High Peak 004D,Anti-social behaviour,,
,2021-06,Derbyshire Constabulary,Derbyshire Constabulary,-1.972112,53.438633,On or near Ashwood,E01019756,High Peak 004D,Anti-social behaviour,,
,2021-06,Derbyshire Constabulary,Derbyshire Constabulary,-1.974835,53.442085,On or near Swift Bank,E01019756,High Peak 004D,Anti-social behaviour,,
16c950e9e6939a6ef96cfd8f6a5fdf94082ca0ffaf425141fac7c0e8e5d035fb,2021-06,Derbyshire Constabulary,Derbyshire Constabulary,-1.968560,53.438246,On or near Simons Close,E01019757,High Peak 004E,Burglary,Investigation complete; no suspect identified,
fb20fda11e9ef5d8eee1185bac8f176f3b2c7cb6eb875d756f90451be6a29061,2021-06,Derbyshire Constabulary,Derbyshire Constabulary,-1.969581,53.441877,On or near Beech Avenue,E01019757,High Peak 004E,Criminal damage and arson,Unable to prosecute suspect,
f5983ec7a66c156c061b8221a4158d9396104dee209e161ded42f81eb5281b93,2021-06,Derbyshire Constabulary,Derbyshire Constabulary,-1.969581,53.441877,On or near Beech Avenue,E01019757,High Peak 004E,Violence and sexual offences,Status update unavailable,
12b78d7adfff408bec04c5d64eae3446ee12de1202743607f5f79d356205d105,2021-06,Derbyshire Constabulary,Derbyshire Constabulary,-1.969311,53.440763,On or near Simmondley Grove,E01019757,High Peak 004E,Violence and sexual offences,Investigation complete; no suspect identified,
98812e1b477e72c57757d485fdc57f1dd0b242695109d199efbc5fa1127fe521,2021-06,Derbyshire Constabulary,Derbyshire Constabulary,-1.970079,53.440296,On or near Supermarket,E01019757,High Peak 004E,Violence and sexual offences,Local resolution,
33b8ed517464ea14f940bc36d582626c6d94e0adbae6b9dd4ef0d7211b881710,2021-06,Derbyshire Constabulary,Derbyshire Constabulary,-1.969581,53.441877,On or near Beech Avenue,E01019757,High Peak 004E,Violence and sexual offences,Status update unavailable,
3cfdc15b8ab3d303ac857f9901ca26839d8d8c7df3ace8967e1144edd9e7e0d4,2021-06,Derbyshire Constabulary,Derbyshire Constabulary,-1.972589,53.446552,On or near Adderley Road,E01019757,High Peak 004E,Violence and sexual offences,Unable to prosecute suspect,
,2021-06,Derbyshire Constabulary,Derbyshire Constabulary,-1.950532,53.433107,On or near Charlestown Road,E01019758,High Peak 004F,Anti-social behaviour,,
,2021-06,Derbyshire Constabulary,Derbyshire Constabulary,-1.958175,53.436481,On or near Walkdale Brow,E01019758,High Peak 004F,Anti-social behaviour,,
22d96a62785a8a2964cf7aeddc8d1ccde0dd571eda86642664b02a19445f9b40,2021-06,Derbyshire Constabulary,Derbyshire Constabulary,-1.950532,53.433107,On or near Charlestown Road,E01019758,High Peak 004F,Burglary,Investigation complete; no suspect identified,
9abb00c6fe4e2f381941a8b9528da796c912026cfe9fd93a9a75d654e16a160f,2021-06,Derbyshire Constabulary,Derbyshire Constabulary,-1.958263,53.438917,On or near Earl Sway,E01019758,High Peak 004F,Drugs,Formal action is not in the public interest,
f367695594b6d9a607539b509195896bb6802f59a054b9885af0d12b4acc7f42,2021-06,Derbyshire Constabulary,Derbyshire Constabulary,-1.959030,53.439969,On or near Overdale Drive,E01019758,High Peak 004F,Violence and sexual offences,Unable to prosecute suspect,
994d561e7d5a727625c7a3852e17df20b03f64e776973d551f91c1926fa1be0f,2021-06,Derbyshire Constabulary,Derbyshire Constabulary,-1.959030,53.439969,On or near Overdale Drive,E01019758,High Peak 004F,Violence and sexual offences,Unable to prosecute suspect,
6a41f97c1e549ca063e93a5e953f1940a9726cf71c0de0becc152d4a97dd0d04,2021-06,Derbyshire Constabulary,Derbyshire Constabulary,-1.959030,53.439969,On or near Overdale Drive,E01019758,High Peak 004F,Violence and sexual offences,Unable to prosecute suspect,
6ab36e16b5b8c0416ffe9929a0a72f4f4b530b2bd9bf87771b556cfc51d4b63f,2021-06,Derbyshire Constabulary,Derbyshire Constabulary,-1.948534,53.430104,On or near Chunal Lane,E01019758,High Peak 004F,Violence and sexual offences,Unable to prosecute suspect,
36289c336eecec6e9ddf095f7681a4931e7d8b5b290544eddf146733c45483a1,2021-06,Derbyshire Constabulary,Derbyshire Constabulary,-1.950532,53.433107,On or near Charlestown Road,E01019758,High Peak 004F,Violence and sexual offences,Unable to prosecute suspect,
92f3e74144739ce9688ad1a2d74748a899b18a94da7a9bd0d7a54f1df9c11723,2021-06,Derbyshire Constabulary,Derbyshire Constabulary,-1.948534,53.430104,On or near Chunal Lane,E01019758,High Peak 004F,Violence and sexual offences,Unable to prosecute suspect,
,2021-06,Derbyshire Constabulary,Derbyshire Constabulary,-2.000667,53.370045,On or near Cresswell Avenue,E01019746,High Peak 005A,Anti-social behaviour,,
,2021-06,Derbyshire Constabulary,Derbyshire Constabulary,-2.003703,53.374907,On or near Apple Tree Road,E01019746,High Peak 005A,Anti-social behaviour,,
,2021-06,Derbyshire Constabulary,Derbyshire Constabulary,-2.001809,53.366809,On or near Market Street,E01019746,High Peak 005A,Anti-social behaviour,,
80ed41a147b26a381f5e28dea2a930d2d11e9199a8e5422923da2d0c1d58085a,2021-06,Derbyshire Constabulary,Derbyshire Constabulary,-2.001629,53.368939,On or near Meadow Street,E01019746,High Peak 005A,Criminal damage and arson,Investigation complete; no suspect identified,
8409c3594b4973baaf9df4922b7901c7fa79543a94f116a9f9abbb412722f9fb,2021-06,Derbyshire Constabulary,Derbyshire Constabulary,-2.000397,53.368472,On or near High Street,E01019746,High Peak 005A,Criminal damage and arson,Unable to prosecute suspect,
8b3714e08784f03780772db9c5189bad7f28517f91bde2f534a3e544468c90b9,2021-06,Derbyshire Constabulary,Derbyshire Constabulary,-2.003703,53.374907,On or near Apple Tree Road,E01019746,High Peak 005A,Other theft,Investigation complete; no suspect identified,
65e78fb304d33fa610df14508c69068a9a8d6fccd657386252b6ce086265efbd,2021-06,Derbyshire Constabulary,Derbyshire Constabulary,-2.000006,53.369982,On or near Spring Bank Road,E01019746,High Peak 005A,Public order,Unable to prosecute suspect,
bee6769fa6d158a7a0fbefb11958c45e7b11d1f7cccf02338e6f2c2adb144acd,2021-06,Derbyshire Constabulary,Derbyshire Constabulary,-2.002110,53.366485,On or near Sett Close,E01019746,High Peak 005A,Public order,Unable to prosecute suspect,
823d21d900af636033c902b8b97323f5cdf14025bc785b082c810a70ef5971ec,2021-06,Derbyshire Constabulary,Derbyshire Constabulary,-2.000397,53.367825,On or near Meal Street,E01019746,High Peak 005A,Vehicle crime,Investigation complete; no suspect identified,
78f71ca8e968f98ab4d1844c72872d79f5a0ada0b89f965b53a5ae948a00213e,2021-06,Derbyshire Constabulary,Derbyshire Constabulary,-2.000667,53.370045,On or near Cresswell Avenue,E01019746,High Peak 005A,Violence and sexual offences,Further investigation is not in the public interest,
0fa7b76043c42f25a85d9692b3e0417a03a2ba77c1818db8fb49271500ffff39,2021-06,Derbyshire Constabulary,Derbyshire Constabulary,-2.004033,53.368148,On or near Aldersgate,E01019746,High Peak 005A,Violence and sexual offences,Unable to prosecute suspect,
be0719e9b70043b5edae29dbd22e8c4860abe43df3b69f034b370be317f84d80,2021-06,Derbyshire Constabulary,Derbyshire Constabulary,-2.000397,53.367825,On or near Meal Street,E01019746,High Peak 005A,Violence and sexual offences,Unable to prosecute suspect,
9a30c92a499c6d31acb41f80a9f493d08f5bfada2b2c05aa4c927a06eef26944,2021-06,Derbyshire Constabulary,Derbyshire Constabulary,-2.000397,53.367825,On or near Meal Street,E01019746,High Peak 005A,Violence and sexual offences,Unable to prosecute suspect,
7df6294df910ac1ac234eed074a913098e6a0501fb51c5291688059b240f2d96,2021-06,Derbyshire Constabulary,Derbyshire Constabulary,-2.000397,53.368472,On or near High Street,E01019746,High Peak 005A,Other crime,Status update unavailable,
,2021-06,Derbyshire Constabulary,Derbyshire Constabulary,-2.021918,53.370043,On or near Hague Fold Road,E01019747,High Peak 005B,Anti-social behaviour,,
52ee03746415318868cbeba66d964458fb02c0a1040ddc236ff0c27e9168e2f4,2021-06,Derbyshire Constabulary,Derbyshire Constabulary,-2.008557,53.368750,On or near Stoneyland Drive,E01019747,High Peak 005B,Burglary,Investigation complete; no suspect identified,
b3a31e48f4cb816d1d52d07f355f2305319e90874b251342253a6de553dd285b,2021-06,Derbyshire Constabulary,Derbyshire Constabulary,-2.005446,53.366251,On or near St Mary'S Road,E01019747,High Peak 005B,Criminal damage and arson,Investigation complete; no suspect identified,
78079053bfc188707f0ec7dbc93a870e49df1150142dcce997b3955c52d1790a,2021-06,Derbyshire Constabulary,Derbyshire Constabulary,-2.005446,53.366251,On or near St Mary'S Road,E01019747,High Peak 005B,Public order,Local resolution,
51b6afdac726f645423cc8f376a92f0ed08ff1613dfdf947af64501d222df7e6,2021-06,Derbyshire Constabulary,Derbyshire Constabulary,-2.006528,53.368193,On or near Knoll Street,E01019747,High Peak 005B,Vehicle crime,Investigation complete; no suspect identified,
7d36028d6ab0363cb20a95e7db3da9be960257653aa3d87036ba53a35e7b1d26,2021-06,Derbyshire Constabulary,Derbyshire Constabulary,-2.004199,53.367177,On or near Longlands Road,E01019747,High Peak 005B,Vehicle crime,Investigation complete; no suspect identified,
c5a038ef65b93c15fda1096a929211c4b2358fde7f90e327e3abee4e71b720af,2021-06,Derbyshire Constabulary,Derbyshire Constabulary,-2.006528,53.368193,On or near Knoll Street,E01019747,High Peak 005B,Violence and sexual offences,Unable to prosecute suspect,
b8ef6bfe499264310f6d41f03c176fc0188611725cf9907c76c80e6a4b967f74,2021-06,Derbyshire Constabulary,Derbyshire Constabulary,-2.008121,53.367932,On or near Well Street,E01019747,High Peak 005B,Other crime,Status update unavailable,
,2021-06,Derbyshire Constabulary,Derbyshire Constabulary,-2.001343,53.365721,On or near Rock Street,E01019748,High Peak 005C,Anti-social behaviour,,
,2021-06,Derbyshire Constabulary,Derbyshire Constabulary,-2.001839,53.365353,On or near Rock Mill Lane,E01019748,High Peak 005C,Anti-social behaviour,,
9ed29ed9679feee4252586ce35db971ed22e1258afd736cd99983efe00b2e94a,2021-06,Derbyshire Constabulary,Derbyshire Constabulary,-2.003342,53.362746,On or near Wood Street,E01019748,High Peak 005C,Burglary,Investigation complete; no suspect identified,
d774f7baf6b893e33adeb07b889a03363982cd9000314d5c13e3be30f4da8a52,2021-06,Derbyshire Constabulary,Derbyshire Constabulary,-2.003342,53.362746,On or near Wood Street,E01019748,High Peak 005C,Public order,Unable to prosecute suspect,
e6b1ed0c96c2b969286628fbe53ecfcc57a04c13f6391ce932b629b47244ab01,2021-06,Derbyshire Constabulary,Derbyshire Constabulary,-2.002681,53.362998,On or near Jodrell Street,E01019748,High Peak 005C,Public order,Unable to prosecute suspect,
eedfc54198f8eb2ff5625b0db94038d05c469b6d49b8f9f0a63482e7452e00b0,2021-06,Derbyshire Constabulary,Derbyshire Constabulary,-2.002681,53.362998,On or near Jodrell Street,E01019748,High Peak 005C,Public order,Unable to prosecute suspect,
ba86f99e179f785e1a7e608ce884bfae21e0d80879a48a268aee58c3304bcde6,2021-06,Derbyshire Constabulary,Derbyshire Constabulary,-2.001839,53.365353,On or near Rock Mill Lane,E01019748,High Peak 005C,Violence and sexual offences,Unable to prosecute suspect,
c958862f1adc426a9bfef4994cb82f9c20e2e0c1b62682b0ac466ede60789358,2021-06,Derbyshire Constabulary,Derbyshire Constabulary,-2.002034,53.362899,On or near Back Jodrell Street,E01019748,High Peak 005C,Violence and sexual offences,Unable to prosecute suspect,
76b9db8917cad24ac8d180e3ffd339c88ce37a34b0b3d920ea42e71845f1ba00,2021-06,Derbyshire Constabulary,Derbyshire Constabulary,-1.999269,53.366566,On or near Pedestrian Subway,E01019748,High Peak 005C,Violence and sexual offences,Unable to prosecute suspect,
cbf372a56fe6f2e7a537f3c0e2dd66a015fa1e44fde4edc4c0bbe582972bff54,2021-06,Derbyshire Constabulary,Derbyshire Constabulary,-2.001839,53.365353,On or near Rock Mill Lane,E01019748,High Peak 005C,Violence and sexual offences,Investigation complete; no suspect identified,
cf902a7f77f86dda2aaecce4242b3cbbc12b6ea769ed7ec5c296efee09918cdc,2021-06,Derbyshire Constabulary,Derbyshire Constabulary,-1.996895,53.365191,On or near Arden Street,E01019748,High Peak 005C,Violence and sexual offences,Unable to prosecute suspect,
,2021-06,Derbyshire Constabulary,Derbyshire Constabulary,-1.965808,53.378543,On or near Station Road,E01019755,High Peak 005D,Anti-social behaviour,,
,2021-06,Derbyshire Constabulary,Derbyshire Constabulary,-1.945350,53.389574,On or near Park Lane,E01019755,High Peak 005D,Anti-social behaviour,,
,2021-06,Derbyshire Constabulary,Derbyshire Constabulary,-1.949965,53.390214,On or near Sports/Recreation Area,E01019755,High Peak 005D,Anti-social behaviour,,
,2021-06,Derbyshire Constabulary,Derbyshire Constabulary,-1.972346,53.378877,On or near Spinnerbottom,E01019755,High Peak 005D,Anti-social behaviour,,
5331bdc2535e5286fff7c943c7c4214627ca67dad3f21e3385a4d69521e6320d,2021-06,Derbyshire Constabulary,Derbyshire Constabulary,-1.968048,53.378130,On or near Lantern Pike View,E01019755,High Peak 005D,Burglary,Investigation complete; no suspect identified,
6504b625e8a9ea5e369e5783d5ac6c2023e26acdeb535423734a229f3fc1b819,2021-06,Derbyshire Constabulary,Derbyshire Constabulary,-1.998413,53.370728,On or near Dye House Lane,E01019755,High Peak 005D,Burglary,Investigation complete; no suspect identified,
859e20315f597b7f3ad7c58163278b63c60e9035d3005e15eff5e79262deb931,2021-06,Derbyshire Constabulary,Derbyshire Constabulary,-1.997646,53.372615,On or near Stafford Street,E01019755,High Peak 005D,Criminal damage and arson,Investigation complete; no suspect identified,
c70e443ec2a4243abbea53852bc35c8ff7dacd3f0847a3864cd51ea1f0be2490,2021-06,Derbyshire Constabulary,Derbyshire Constabulary,-1.995647,53.375995,On or near Watford Road,E01019755,High Peak 005D,Criminal damage and arson,Investigation complete; no suspect identified,
ef4f9eb3242c307ff9e1c5c675618745ae59c2bb88e8925249c5a01c20fbf686,2021-06,Derbyshire Constabulary,Derbyshire Constabulary,-1.997646,53.372615,On or near Stafford Street,E01019755,High Peak 005D,Criminal damage and arson,Investigation complete; no suspect identified,
e79cb2977d075201b5dcda744902a44d04a23899e882cbf9b7e4de35cf613d49,2021-06,Derbyshire Constabulary,Derbyshire Constabulary,-1.985994,53.384129,On or near Sports/Recreation Area,E01019755,High Peak 005D,Public order,Investigation complete; no suspect identified,
2bce33a77ef1e4d6e6ad77cbfe60fa7593ef94205455153994d355898714c7c5,2021-06,Derbyshire Constabulary,Derbyshire Constabulary,-1.994955,53.376687,On or near Watford Lane,E01019755,High Peak 005D,Vehicle crime,Investigation complete; no suspect identified,
bbd7b9153ec431e2de568bb321c3503c9073b894d85ea950cab8a15051491a11,2021-06,Derbyshire Constabulary,Derbyshire Constabulary,-1.984215,53.398169,On or near Brookside,E01019755,High Peak 005D,Violence and sexual offences,Investigation complete; no suspect identified,
6ac8973d3fc4140238cf97d39578949c95ef114ed0c846464dee02a5db048c4f,2021-06,Derbyshire Constabulary,Derbyshire Constabulary,-1.982884,53.378637,On or near Shopping Area,E01019755,High Peak 005D,Violence and sexual offences,Unable to prosecute suspect,
1033881814a43b70e7d7902c7bb316c664c32cd6e1719c5999ed3fcf11f026c1,2021-06,Derbyshire Constabulary,Derbyshire Constabulary,-1.984643,53.379266,On or near Thornsett,E01019755,High Peak 005D,Violence and sexual offences,Further action is not in the public interest,
cb1fd0d4dea946a71c812c5d9d865d3d29a20348da979db673b2e56c13ec5c7f,2021-06,Derbyshire Constabulary,Derbyshire Constabulary,-1.965338,53.383684,On or near Swallow House Lane,E01019755,High Peak 005D,Violence and sexual offences,Unable to prosecute suspect,
,2021-06,Derbyshire Constabulary,Derbyshire Constabulary,-1.988363,53.351366,On or near Calico Lane,E01019766,High Peak 005E,Anti-social behaviour,,
,2021-06,Derbyshire Constabulary,Derbyshire Constabulary,-1.988920,53.347285,On or near Charlesworth Crescent,E01019766,High Peak 005E,Anti-social behaviour,,
1cb5041da594a98c2cd557bd65aba7e69bead3e869c2a29c807c1fefae9c72d7,2021-06,Derbyshire Constabulary,Derbyshire Constabulary,-1.988920,53.347285,On or near Charlesworth Crescent,E01019766,High Peak 005E,Burglary,Investigation complete; no suspect identified,
f4a1ad1c865bc5e840735761e2019b4a05f62f028574915711614304b58b0cdc,2021-06,Derbyshire Constabulary,Derbyshire Constabulary,-1.991699,53.345793,On or near Park Avenue,E01019766,High Peak 005E,Criminal damage and arson,Investigation complete; no suspect identified,
ebae7ab164f7cc53e2af94678ed744eecde339449542e5e697f3a4d63c7d7c3a,2021-06,Derbyshire Constabulary,Derbyshire Constabulary,-1.989115,53.348238,On or near Buxton Road,E01019766,High Peak 005E,Criminal damage and arson,Investigation complete; no suspect identified,
34706b4c69ac9be87d442aed0bf2cbbc9f34febe94b9e80d5786d3b7d5d49f03,2021-06,Derbyshire Constabulary,Derbyshire Constabulary,-1.940459,53.338615,On or near Derwent Square,E01019711,High Peak 006A,Burglary,Investigation complete; no suspect identified,
494c8e6b94e5052a0b1bb62c3ba83527aa8ec87959e0683bd827f3cea2636bd4,2021-06,Derbyshire Constabulary,Derbyshire Constabulary,-1.940382,53.339963,On or near Portland Grove,E01019711,High Peak 006A,Criminal damage and arson,Offender given penalty notice,
f5c1bbd1a79eb2ce11757a24351df3ee6d19ef94b0a4f84cd45ab002b58dbb2b,2021-06,Derbyshire Constabulary,Derbyshire Constabulary,-1.941540,53.338373,On or near Rhuddlan Place,E01019711,High Peak 006A,Other theft,Investigation complete; no suspect identified,
81a1938b762bbf2b13e2a6d78ae963bb3ee2870a1209cf8e06001b980823f58d,2021-06,Derbyshire Constabulary,Derbyshire Constabulary,-1.969311,53.334814,On or near Brookside,E01019711,High Peak 006A,Public order,Unable to prosecute suspect,
17924ff31a33ea766c70741685a6c7ee130c6945aab9b39c13ae2ed134a9ecb3,2021-06,Derbyshire Constabulary,Derbyshire Constabulary,-1.960478,53.338542,On or near Brierley Park,E01019711,High Peak 006A,Robbery,Unable to prosecute suspect,
,2021-06,Derbyshire Constabulary,Derbyshire Constabulary,-1.948745,53.379526,On or near Wood Lane,E01019734,High Peak 006B,Anti-social behaviour,,
8aa3fd147749a770eaea8cfa53e2034fe2647e31ba70c443c762f79e1658ae6c,2021-06,Derbyshire Constabulary,Derbyshire Constabulary,-1.945409,53.378176,On or near Fishers Bridge,E01019734,High Peak 006B,Burglary,Investigation complete; no suspect identified,
5cd668c7a04e42167f662bd4883287b12375b54925bf20527be24b37ab1ef05c,2021-06,Derbyshire Constabulary,Derbyshire Constabulary,-1.946684,53.381053,On or near Market Street,E01019734,High Peak 006B,Criminal damage and arson,Unable to prosecute suspect,
d0003fc86b77900b3499081b6183a15a00c6b5d67809589c22e856e5a33a857c,2021-06,Derbyshire Constabulary,Derbyshire Constabulary,-1.952264,53.378368,On or near The Birches,E01019734,High Peak 006B,Criminal damage and arson,Investigation complete; no suspect identified,
afe7b97e4cac5bc4c9bb71f3d0ea51f4578923536ea1a3aca386e000b3bee787,2021-06,Derbyshire Constabulary,Derbyshire Constabulary,-1.939549,53.377032,On or near Valley Road,E01019734,High Peak 006B,Other theft,Investigation complete; no suspect identified,
e633c9b92a9900d5e755c1b0646ac7f5ed13404b105c068791de64cc84f87247,2021-06,Derbyshire Constabulary,Derbyshire Constabulary,-1.951897,53.383896,On or near Sports/Recreation Area,E01019734,High Peak 006B,Public order,Unable to prosecute suspect,
3d39504184d11bc732e98bbaffb61e619b42ac67b3fd75b3ea424f14790a6513,2021-06,Derbyshire Constabulary,Derbyshire Constabulary,-1.950607,53.381198,On or near Wood Gardens,E01019734,High Peak 006B,Vehicle crime,Investigation complete; no suspect identified,
0721854cd837bcb902e3858feca3432c6ac6f9a7e4491fe42ec3018cc39c663f,2021-06,Derbyshire Constabulary,Derbyshire Constabulary,-1.945409,53.378176,On or near Fishers Bridge,E01019734,High Peak 006B,Vehicle crime,Investigation complete; no suspect identified,
f93b7d12f9ddc79f91882d1d90feb7747dd1df139cc2f2ce5027422a6a258213,2021-06,Derbyshire Constabulary,Derbyshire Constabulary,-1.946684,53.381053,On or near Market Street,E01019734,High Peak 006B,Violence and sexual offences,Unable to prosecute suspect,
2d1a7e26bc5d84a26c683ccbe7042cd28b7606194ac79e8f50f19fd90a6ca832,2021-06,Derbyshire Constabulary,Derbyshire Constabulary,-1.946684,53.381053,On or near Market Street,E01019734,High Peak 006B,Violence and sexual offences,Unable to prosecute suspect,
,2021-06,Derbyshire Constabulary,Derbyshire Constabulary,-1.988132,53.371788,On or near Diglands Avenue,E01019743,High Peak 006C,Anti-social behaviour,,
,2021-06,Derbyshire Constabulary,Derbyshire Constabulary,-1.986824,53.374350,On or near Bridleway,E01019743,High Peak 006C,Anti-social behaviour,,
,2021-06,Derbyshire Constabulary,Derbyshire Constabulary,-1.990537,53.371240,On or near The Bungalows,E01019743,High Peak 006C,Anti-social behaviour,,
,2021-06,Derbyshire Constabulary,Derbyshire Constabulary,-1.986824,53.374350,On or near Bridleway,E01019743,High Peak 006C,Anti-social behaviour,,
a76536d22c7c9ba83c9890aa7be4e2ef8049702f282436cdc83722610e53cb21,2021-06,Derbyshire Constabulary,Derbyshire Constabulary,-1.986824,53.374350,On or near Bridleway,E01019743,High Peak 006C,Other theft,Investigation complete; no suspect identified,
e31e7383fa00bacf1eefd586b865eaad833974fdea081b591911b6d23f03d7f1,2021-06,Derbyshire Constabulary,Derbyshire Constabulary,-1.990537,53.371240,On or near The Bungalows,E01019743,High Peak 006C,Violence and sexual offences,Unable to prosecute suspect,
d3557e3d3562df3a7919f5b690f9d43a0617639379aa7079e54d9c8588143864,2021-06,Derbyshire Constabulary,Derbyshire Constabulary,-1.990537,53.371240,On or near The Bungalows,E01019743,High Peak 006C,Violence and sexual offences,Unable to prosecute suspect,
11de7b4504965870c11be3d0304d93ca99a90b0c9f884dd632a01b78515adbc5,2021-06,Derbyshire Constabulary,Derbyshire Constabulary,-1.990537,53.371240,On or near The Bungalows,E01019743,High Peak 006C,Violence and sexual offences,Unable to prosecute suspect,
c44154a843b77a8151130f98a4ff38a20de30832e30554498eb57fe08f3b28f2,2021-06,Derbyshire Constabulary,Derbyshire Constabulary,-1.989169,53.374628,On or near High Hill Road,E01019743,High Peak 006C,Violence and sexual offences,Unable to prosecute suspect,
,2021-06,Derbyshire Constabulary,Derbyshire Constabulary,-1.987050,53.373621,On or near Beech Avenue,E01019744,High Peak 006D,Anti-social behaviour,,
,2021-06,Derbyshire Constabulary,Derbyshire Constabulary,-1.986208,53.372758,On or near Sycamore Close,E01019744,High Peak 006D,Anti-social behaviour,,
,2021-06,Derbyshire Constabulary,Derbyshire Constabulary,-1.987050,53.373621,On or near Beech Avenue,E01019744,High Peak 006D,Anti-social behaviour,,
9d3aea247eecbf476a934edfc3309b4fe91afa5f2561a3342a843db37a231257,2021-06,Derbyshire Constabulary,Derbyshire Constabulary,-1.979518,53.375571,On or near Hayfield Road,E01019744,High Peak 006D,Other theft,Investigation complete; no suspect identified,
1aae7a6e8801fb9aa313bd1aa8165b1e78479350fab06711afd8c8792deb6742,2021-06,Derbyshire Constabulary,Derbyshire Constabulary,-1.988387,53.373792,On or near Lime Avenue,E01019744,High Peak 006D,Vehicle crime,Investigation complete; no suspect identified,
b94ff1970db59cbf875c04e4efcb717500ca3bc48f41b6ce98d8304593c902ca,2021-06,Derbyshire Constabulary,Derbyshire Constabulary,-1.989185,53.368390,On or near Cale Road,E01019744,High Peak 006D,Violence and sexual offences,Unable to prosecute suspect,
8f6fa5d523c22c55042ea6d103eec6a94d86d091881684dd3190258709e483bc,2021-06,Derbyshire Constabulary,Derbyshire Constabulary,-1.987050,53.373621,On or near Beech Avenue,E01019744,High Peak 006D,Violence and sexual offences,Unable to prosecute suspect,
44a08819e141486c14e72c1627d148054b82ae4af245188b84ac73d7a7c493ae,2021-06,Derbyshire Constabulary,Derbyshire Constabulary,-1.988990,53.369244,On or near Highfield Terrace,E01019744,High Peak 006D,Violence and sexual offences,Status update unavailable,
6138fc5fa88b5dc11646adb2f94c62616468a25dfec4a6a6a6d829ac05a8a7c8,2021-06,Derbyshire Constabulary,Derbyshire Constabulary,-1.988855,53.366898,On or near Low Leighton Road,E01019744,High Peak 006D,Violence and sexual offences,Local resolution,
29ab0d00b5319494dce85273f6695f91bfe4e78b78a2eec89b3dc7a20f580b25,2021-06,Derbyshire Constabulary,Derbyshire Constabulary,-1.989185,53.368390,On or near Cale Road,E01019744,High Peak 006D,Violence and sexual offences,Unable to prosecute suspect,
0ee8c61ec93198095f74460eb49bdc3f252412feab7dada169d54c6353f692c6,2021-06,Derbyshire Constabulary,Derbyshire Constabulary,-1.987050,53.373621,On or near Beech Avenue,E01019744,High Peak 006D,Violence and sexual offences,Unable to prosecute suspect,
,2021-06,Derbyshire Constabulary,Derbyshire Constabulary,-1.993153,53.366404,On or near Sports/Recreation Area,E01019745,High Peak 006E,Anti-social behaviour,,
,2021-06,Derbyshire Constabulary,Derbyshire Constabulary,-1.993153,53.366404,On or near Sports/Recreation Area,E01019745,High Peak 006E,Anti-social behaviour,,
,2021-06,Derbyshire Constabulary,Derbyshire Constabulary,-1.993153,53.366404,On or near Sports/Recreation Area,E01019745,High Peak 006E,Anti-social behaviour,,
,2021-06,Derbyshire Constabulary,Derbyshire Constabulary,-1.993890,53.359825,On or near Griffin Close,E01019745,High Peak 006E,Anti-social behaviour,,
349d44d885c1b76714d4dad594d3412a506f7c68c8c09c12b994fb669986f29b,2021-06,Derbyshire Constabulary,Derbyshire Constabulary,-1.993138,53.364436,On or near Sports/Recreation Area,E01019745,High Peak 006E,Other theft,Investigation complete; no suspect identified,
834dbc53b1cd33ad628069ababc3d77bd10aece71d68bc9bb9a33ef21c299bc5,2021-06,Derbyshire Constabulary,Derbyshire Constabulary,-1.997526,53.363384,On or near Supermarket,E01019745,High Peak 006E,Shoplifting,Investigation complete; no suspect identified,
0757ce8b12a06d441d48aa7741a16ce742ddd885d0fbad6e364b6a892ad2e99a,2021-06,Derbyshire Constabulary,Derbyshire Constabulary,-1.993740,53.362557,On or near New Street,E01019745,High Peak 006E,Violence and sexual offences,Unable to prosecute suspect,
0ef18751337648b9a85b8f90e9ee74a0cd0e1694f83be7f240f1c97363a76157,2021-06,Derbyshire Constabulary,Derbyshire Constabulary,-1.993890,53.359825,On or near Griffin Close,E01019745,High Peak 006E,Violence and sexual offences,Unable to prosecute suspect,
25afb1ccc0f1d2587fb326f1ac3b200599f7905834daeae6ed6dddc6779c275c,2021-06,Derbyshire Constabulary,Derbyshire Constabulary,-1.993740,53.362557,On or near New Street,E01019745,High Peak 006E,Violence and sexual offences,Unable to prosecute suspect,
9fcc4ad6d5b3a841fa704637ca6416f8dfbc815c1629b5e001558faaf57b2f0a,2021-06,Derbyshire Constabulary,Derbyshire Constabulary,-1.993740,53.362557,On or near New Street,E01019745,High Peak 006E,Violence and sexual offences,Unable to prosecute suspect,
fc1aee10888a118eff6a0066a5e13489ef27b519fdfc668053bf2b5c106405cd,2021-06,Derbyshire Constabulary,Derbyshire Constabulary,-1.993890,53.359825,On or near Griffin Close,E01019745,High Peak 006E,Violence and sexual offences,Unable to prosecute suspect,
,2021-06,Derbyshire Constabulary,Derbyshire Constabulary,-1.936961,53.337417,On or near Hartington Drive,E01019712,High Peak 008A,Anti-social behaviour,,
281a41a0b0d7e70a75f3c5bdebbc9440932eb6ce0480cabb652519b4949908de,2021-06,Derbyshire Constabulary,Derbyshire Constabulary,-1.921866,53.338604,On or near Maybank Close,E01019712,High Peak 008A,Drugs,Status update unavailable,
1e26d5b2c5212805f248db972a70c97be079c27e8543b781ea22fd8675e57da3,2021-06,Derbyshire Constabulary,Derbyshire Constabulary,-1.938504,53.339953,On or near Princes Road,E01019712,High Peak 008A,Violence and sexual offences,Unable to prosecute suspect,
8b774be326523fd51f69333cb3b28a0bf49d0804329c2c77aadf33d45e19617e,2021-06,Derbyshire Constabulary,Derbyshire Constabulary,-1.939901,53.340196,On or near Green Lane,E01019712,High Peak 008A,Violence and sexual offences,Local resolution,
,2021-06,Derbyshire Constabulary,Derbyshire Constabulary,-1.929480,53.320335,On or near Chapel Police Station,E01019713,High Peak 008B,Anti-social behaviour,,
9b726582a50412f42c5f183f1425d0c8610858cc2d031deaee3e4da87d2d3448,2021-06,Derbyshire Constabulary,Derbyshire Constabulary,-1.929480,53.320335,On or near Chapel Police Station,E01019713,High Peak 008B,Burglary,Investigation complete; no suspect identified,
3d2eae945c451422a88b9cdb116f3fd5452b9a7649d3bcec603457434aa453ac,2021-06,Derbyshire Constabulary,Derbyshire Constabulary,-1.942154,53.317285,On or near Manchester Road,E01019713,High Peak 008B,Criminal damage and arson,Investigation complete; no suspect identified,
ab3fdad43fb57174bd50272dac0592cab312ab2789a1ec468bfc268744e2edd5,2021-06,Derbyshire Constabulary,Derbyshire Constabulary,-1.942154,53.317285,On or near Manchester Road,E01019713,High Peak 008B,Public order,Unable to prosecute suspect,
65fb4d2c50e32af05a523a077934704dac9bb792dbcf0d39c2f09063e8b6590c,2021-06,Derbyshire Constabulary,Derbyshire Constabulary,-1.942154,53.317285,On or near Manchester Road,E01019713,High Peak 008B,Public order,Unable to prosecute suspect,
57673a808195f3d173006af53864ab5b9a74d512d8d3514e71653a6a49dc8078,2021-06,Derbyshire Constabulary,Derbyshire Constabulary,-1.942154,53.317285,On or near Manchester Road,E01019713,High Peak 008B,Vehicle crime,Investigation complete; no suspect identified,
0e7944056fc317c6af6442357266fad6aec6261c6c442f5f80d7a28d8d2a6b59,2021-06,Derbyshire Constabulary,Derbyshire Constabulary,-1.929480,53.320335,On or near Chapel Police Station,E01019713,High Peak 008B,Violence and sexual offences,Further investigation is not in the public interest,
69d8664bb0307da93afa4dfef8840365e9fd71bc43906b60e71278ce6a3d579d,2021-06,Derbyshire Constabulary,Derbyshire Constabulary,-1.929480,53.320335,On or near Chapel Police Station,E01019713,High Peak 008B,Violence and sexual offences,Unable to prosecute suspect,
d02857163b5f30876de40352582f804f355ec3cdcab90ad8992f6d6e7e5f9758,2021-06,Derbyshire Constabulary,Derbyshire Constabulary,-1.929480,53.320335,On or near Chapel Police Station,E01019713,High Peak 008B,Violence and sexual offences,Unable to prosecute suspect,
803a90ab23cc9d4b5b93446fbe8703bdfd4ae63b50081fa3b214f3ec017e4dc4,2021-06,Derbyshire Constabulary,Derbyshire Constabulary,-1.929480,53.320335,On or near Chapel Police Station,E01019713,High Peak 008B,Violence and sexual offences,Further investigation is not in the public interest,
945cc14d81853a25215250583907a111687f1fa27269584f0a65674a9d1eb5e5,2021-06,Derbyshire Constabulary,Derbyshire Constabulary,-1.929480,53.320335,On or near Chapel Police Station,E01019713,High Peak 008B,Violence and sexual offences,Unable to prosecute suspect,
,2021-06,Derbyshire Constabulary,Derbyshire Constabulary,-1.977369,53.319086,On or near The Coppice,E01019764,High Peak 008C,Anti-social behaviour,,
,2021-06,Derbyshire Constabulary,Derbyshire Constabulary,-1.995592,53.320958,On or near Linglongs Avenue,E01019764,High Peak 008C,Anti-social behaviour,,
,2021-06,Derbyshire Constabulary,Derbyshire Constabulary,-1.995712,53.321596,On or near The Rise,E01019764,High Peak 008C,Anti-social behaviour,,
7c022f48ec3a1ce0e02a4cb413e6be93fd1e5c7f893a3bce1ddfc207f85e50ba,2021-06,Derbyshire Constabulary,Derbyshire Constabulary,-1.985025,53.317910,On or near Manor Road,E01019764,High Peak 008C,Violence and sexual offences,Unable to prosecute suspect,
12380517e58f458be7a6378837a1e4d2b8827ca393683cc3029a74f5b99fbc32,2021-06,Derbyshire Constabulary,Derbyshire Constabulary,-1.979824,53.300965,On or near Park/Open Space,E01019764,High Peak 008C,Violence and sexual offences,Local resolution,
b04aa32ff10c5511bfda7f28d0983cdcae387f3fcc51ef818d443623a5cadd89,2021-06,Derbyshire Constabulary,Derbyshire Constabulary,-1.978752,53.314781,On or near Shallcross Avenue,E01019764,High Peak 008C,Violence and sexual offences,Unable to prosecute suspect,
91fdd3abf72535a138a857cfcf3fa05fbfb4be400e49eb37b61b02bacefea6e7,2021-06,Derbyshire Constabulary,Derbyshire Constabulary,-1.978752,53.314781,On or near Shallcross Avenue,E01019764,High Peak 008C,Violence and sexual offences,Unable to prosecute suspect,
,2021-06,Derbyshire Constabulary,Derbyshire Constabulary,-1.984480,53.330089,On or near Parking Area,E01019765,High Peak 008D,Anti-social behaviour,,
,2021-06,Derbyshire Constabulary,Derbyshire Constabulary,-1.983955,53.329397,On or near Market Street,E01019765,High Peak 008D,Anti-social behaviour,,
,2021-06,Derbyshire Constabulary,Derbyshire Constabulary,-1.984480,53.330089,On or near Parking Area,E01019765,High Peak 008D,Anti-social behaviour,,
,2021-06,Derbyshire Constabulary,Derbyshire Constabulary,-1.984480,53.330089,On or near Parking Area,E01019765,High Peak 008D,Anti-social behaviour,,
,2021-06,Derbyshire Constabulary,Derbyshire Constabulary,-1.984811,53.328642,On or near Wharf Road,E01019765,High Peak 008D,Anti-social behaviour,,
41de7fb1dd7222ead54a77a7754e1715c2c56084ecd7e09412bc254b0309cf00,2021-06,Derbyshire Constabulary,Derbyshire Constabulary,-1.984480,53.330089,On or near Parking Area,E01019765,High Peak 008D,Burglary,Status update unavailable,
2ef69849d1b246efe22aa70999c0668fca2416a15b8d23ec9f5543854bd2162b,2021-06,Derbyshire Constabulary,Derbyshire Constabulary,-1.986210,53.318548,On or near Vaughan Road,E01019765,High Peak 008D,Burglary,Investigation complete; no suspect identified,
69f28295a52be0477e415ee865b6e9b348da0d145fa824429138fcbfef240570,2021-06,Derbyshire Constabulary,Derbyshire Constabulary,-1.984480,53.330089,On or near Parking Area,E01019765,High Peak 008D,Burglary,Investigation complete; no suspect identified,
ced9e82002ac19cedc3922cade6eac5872ed6a723539e8ba9cdfdffc32c67e3b,2021-06,Derbyshire Constabulary,Derbyshire Constabulary,-1.985427,53.325478,On or near Wheatsheaf Road,E01019765,High Peak 008D,Criminal damage and arson,Investigation complete; no suspect identified,
02d9dbd92a96be4992247a6cb11582808eb4babe669c86210a52123ac83756cd,2021-06,Derbyshire Constabulary,Derbyshire Constabulary,-1.989362,53.323124,On or near Reddish Road,E01019765,High Peak 008D,Criminal damage and arson,Local resolution,
6b7cc5bc34c64baa94fdc634ddc0f4ae26e22576fb3748fb1d44d9fc8ab00ddf,2021-06,Derbyshire Constabulary,Derbyshire Constabulary,-1.980070,53.320740,On or near Cotton Close,E01019765,High Peak 008D,Other theft,Unable to prosecute suspect,
15b05a8582b5c351cf81cb9b80e0408b38085d319a81011a63f4a79622950f78,2021-06,Derbyshire Constabulary,Derbyshire Constabulary,-1.983610,53.328552,On or near Supermarket,E01019765,High Peak 008D,Public order,Investigation complete; no suspect identified,
afc5f61adc1d5176a827a0f12b4178e22a48775c2cde5da6008e7f0fcb74d845,2021-06,Derbyshire Constabulary,Derbyshire Constabulary,-1.980919,53.336318,On or near Petrol Station,E01019765,High Peak 008D,Shoplifting,Investigation complete; no suspect identified,
74d96684c6f3766d1fb2c4042bd281f9672eed0aafed53fbfea5cb1e5ec14a75,2021-06,Derbyshire Constabulary,Derbyshire Constabulary,-1.986599,53.322530,On or near Lower Macclesfield Road,E01019765,High Peak 008D,Vehicle crime,Investigation complete; no suspect identified,
e97051b4121ff61485cf7a6db4f2c86d578f440ed9b79cc8acc803b299823e2c,2021-06,Derbyshire Constabulary,Derbyshire Constabulary,-1.983610,53.328552,On or near Supermarket,E01019765,High Peak 008D,Violence and sexual offences,Unable to prosecute suspect,
f751d6d30da1c6ebb13fc125c9aba3f5681927ea226a0cce0d712f1fa3e84044,2021-06,Derbyshire Constabulary,Derbyshire Constabulary,-1.983564,53.330772,On or near Johnson Street,E01019765,High Peak 008D,Violence and sexual offences,Unable to prosecute suspect,
1824ca952058a4357f444d348a60fd5b4d5856e5cf802633576d615d44caefc5,2021-06,Derbyshire Constabulary,Derbyshire Constabulary,-1.982859,53.327204,On or near Old Road,E01019765,High Peak 008D,Violence and sexual offences,Unable to prosecute suspect,
1937b2ca14d281cfeb87231d4dd2e3325f262b8a60cd44a03b71241b2d818e9e,2021-06,Derbyshire Constabulary,Derbyshire Constabulary,-1.984480,53.330089,On or near Parking Area,E01019765,High Peak 008D,Violence and sexual offences,Local resolution,
e8fa77e9b3bef5fa706cfe27a4e1f82047b6bdb7cba6116cf798416db45b8e7c,2021-06,Derbyshire Constabulary,Derbyshire Constabulary,-1.983610,53.328552,On or near Supermarket,E01019765,High Peak 008D,Violence and sexual offences,Awaiting court outcome,
,2021-06,Derbyshire Constabulary,Derbyshire Constabulary,-1.991387,53.327528,On or near Reservoir Road,E01019767,High Peak 008E,Anti-social behaviour,,
,2021-06,Derbyshire Constabulary,Derbyshire Constabulary,-1.986958,53.329155,On or near Orchard Road,E01019767,High Peak 008E,Anti-social behaviour,,
,2021-06,Derbyshire Constabulary,Derbyshire Constabulary,-1.991387,53.327528,On or near Reservoir Road,E01019767,High Peak 008E,Anti-social behaviour,,
1595e77dc06b560354998ad1e6e6140dbc2d831b8d250d30f94430ca2a6ad8b1,2021-06,Derbyshire Constabulary,Derbyshire Constabulary,-1.991387,53.327528,On or near Reservoir Road,E01019767,High Peak 008E,Criminal damage and arson,Investigation complete; no suspect identified,
e631b83563ddd477277f3b318630649585f15988ff5c622dca26544e90376f36,2021-06,Derbyshire Constabulary,Derbyshire Constabulary,-1.990050,53.334575,On or near Alder Rise,E01019767,High Peak 008E,Violence and sexual offences,Status update unavailable,
ddc0aed0fe7f3157df86410a03e5bccff5e689413b72dc2cd8b6fd74e475c497,2021-06,Derbyshire Constabulary,Derbyshire Constabulary,-1.984851,53.341784,On or near B6062,E01019767,High Peak 008E,Violence and sexual offences,Unable to prosecute suspect,
4343c5cf9baaea86c8df69ecfbb24a1c6c76f3683c053ac84e0d816cc0191381,2021-06,Derbyshire Constabulary,Derbyshire Constabulary,-1.987106,53.334970,On or near Hall Farm Close,E01019767,High Peak 008E,Violence and sexual offences,Investigation complete; no suspect identified,
d67d74b63f78a9130f207b9e74c54e0af09c873c269fd7f363a4cd050fca5263,2021-06,Derbyshire Constabulary,Derbyshire Constabulary,-1.987106,53.334970,On or near Hall Farm Close,E01019767,High Peak 008E,Violence and sexual offences,Investigation complete; no suspect identified,
4d4c9c1acdaedcb28768a71685273ed688aaa8972a462c84aa7926dbff748334,2021-06,Derbyshire Constabulary,Derbyshire Constabulary,-1.988563,53.334323,On or near Cloughfield Close,E01019767,High Peak 008E,Violence and sexual offences,Awaiting court outcome,
95e3dcf0e6be0fdb7362fda7ac8c28d33ef11e045114c74049864411b2b46c5c,2021-06,Derbyshire Constabulary,Derbyshire Constabulary,-1.990050,53.334575,On or near Alder Rise,E01019767,High Peak 008E,Violence and sexual offences,Unable to prosecute suspect,
,2021-06,Derbyshire Constabulary,Derbyshire Constabulary,-1.901722,53.262212,On or near Alma Street,E01019710,High Peak 010A,Anti-social behaviour,,
,2021-06,Derbyshire Constabulary,Derbyshire Constabulary,-1.906459,53.262036,On or near Brooklands,E01019710,High Peak 010A,Anti-social behaviour,,
,2021-06,Derbyshire Constabulary,Derbyshire Constabulary,-1.903223,53.261323,On or near Windsor Park Road,E01019710,High Peak 010A,Anti-social behaviour,,
,2021-06,Derbyshire Constabulary,Derbyshire Constabulary,-1.900613,53.261933,On or near Queen'S Avenue,E01019710,High Peak 010A,Anti-social behaviour,,
82e41ed2b9f6c4a746fe0f734acdb7d328126665aa83d64cd133d43b45f30831,2021-06,Derbyshire Constabulary,Derbyshire Constabulary,-1.901722,53.262212,On or near Alma Street,E01019710,High Peak 010A,Burglary,Unable to prosecute suspect,
98dc1a0e4dec7e0cbca1f1952d79d43dcc85688cad4da8acb45be56133af1ddc,2021-06,Derbyshire Constabulary,Derbyshire Constabulary,-1.906459,53.262036,On or near Brooklands,E01019710,High Peak 010A,Criminal damage and arson,Investigation complete; no suspect identified,
c8dc7f1ef1f04ef29c0ba1bd2d12629b89d3a5624ae66ed62e85e57860665d94,2021-06,Derbyshire Constabulary,Derbyshire Constabulary,-1.895076,53.264256,On or near Town End,E01019710,High Peak 010A,Criminal damage and arson,Investigation complete; no suspect identified,
85b85973c0794364498695aeab3e3fe6ffbcb78713319c584ca688481401d229,2021-06,Derbyshire Constabulary,Derbyshire Constabulary,-1.904644,53.262529,On or near Marlow Street,E01019710,High Peak 010A,Criminal damage and arson,Unable to prosecute suspect,
4959f290b7faf3837cf0788b2d420398e8a826899bc935914c1b3df831c81a05,2021-06,Derbyshire Constabulary,Derbyshire Constabulary,-1.904875,53.260111,On or near Victoria Park Road,E01019710,High Peak 010A,Criminal damage and arson,Unable to prosecute suspect,
7f9614cdfef8d9d2b055b6455bc8c7f58e00bdc93dda45ce5486249580ee7493,2021-06,Derbyshire Constabulary,Derbyshire Constabulary,-1.894457,53.266008,On or near Park/Open Space,E01019710,High Peak 010A,Criminal damage and arson,Investigation complete; no suspect identified,
ff2bcd545f5c515b31de8606e0ed860c81581becd54ba21d85a80a397359297b,2021-06,Derbyshire Constabulary,Derbyshire Constabulary,-1.895076,53.264256,On or near Town End,E01019710,High Peak 010A,Criminal damage and arson,Investigation complete; no suspect identified,
a8fe670a356e29be9c58a732e43a0868acb7fe16de7906b9b14e69ee9d023583,2021-06,Derbyshire Constabulary,Derbyshire Constabulary,-1.900613,53.261933,On or near Queen'S Avenue,E01019710,High Peak 010A,Criminal damage and arson,Unable to prosecute suspect,
8f43e43b0cf1be30edd14fef2d0d48b1a2381bec9fa16cde551755cb60d388cc,2021-06,Derbyshire Constabulary,Derbyshire Constabulary,-1.904875,53.260111,On or near Victoria Park Road,E01019710,High Peak 010A,Criminal damage and arson,Unable to prosecute suspect,
6e91d97f0743d2f137a6e24dc31708bb28fbc497a23a0b998d16b22318f94543,2021-06,Derbyshire Constabulary,Derbyshire Constabulary,-1.895076,53.264256,On or near Town End,E01019710,High Peak 010A,Other theft,Investigation complete; no suspect identified,
1b2d26b89503a851c81197715f465bef9d0dcfe04dc9722159e6d7e71c3d9461,2021-06,Derbyshire Constabulary,Derbyshire Constabulary,-1.901722,53.262212,On or near Alma Street,E01019710,High Peak 010A,Other theft,Unable to prosecute suspect,
a73de391483d4266b8af9af78bd78da27e43d3f31f5a1f885a9055ba32492987,2021-06,Derbyshire Constabulary,Derbyshire Constabulary,-1.900443,53.264072,On or near North Road,E01019710,High Peak 010A,Possession of weapons,Unable to prosecute suspect,
6b309a279b44051264790085b5f206f4edbedddff7739e677351907312c6965e,2021-06,Derbyshire Constabulary,Derbyshire Constabulary,-1.901722,53.262212,On or near Alma Street,E01019710,High Peak 010A,Public order,Unable to prosecute suspect,
962bdb28f1bcdc3c05896737d45dd718e5df31f0a2ff3204df5ae1a068cb94c3,2021-06,Derbyshire Constabulary,Derbyshire Constabulary,-1.904644,53.262529,On or near Marlow Street,E01019710,High Peak 010A,Public order,Unable to prosecute suspect,
a3918ddd9a570c2771b93b09874fe46fd05c8177bf396b82b86fd930585bca03,2021-06,Derbyshire Constabulary,Derbyshire Constabulary,-1.904875,53.260111,On or near Victoria Park Road,E01019710,High Peak 010A,Public order,Unable to prosecute suspect,
f93f102dcfa67d4dd9894dfb0f09425dc66706d68f919a7ad90cf2abda05a475,2021-06,Derbyshire Constabulary,Derbyshire Constabulary,-1.904452,53.261558,On or near Windsor Road,E01019710,High Peak 010A,Public order,Status update unavailable,
77854f49f7d013c97795c2a3da9445e7951d26d85c80a725560a3aed5042a06a,2021-06,Derbyshire Constabulary,Derbyshire Constabulary,-1.904644,53.262529,On or near Marlow Street,E01019710,High Peak 010A,Public order,Unable to prosecute suspect,
4af3c722ece2f40d2ce6e7bb12d86ee4451622a53228b1e0730a873fd556edea,2021-06,Derbyshire Constabulary,Derbyshire Constabulary,-1.904644,53.262529,On or near Marlow Street,E01019710,High Peak 010A,Public order,Investigation complete; no suspect identified,
f98126746cc331c7eaf69b0172f8972d1f7ee2a571dfd9ae10fb75cb434675ea,2021-06,Derbyshire Constabulary,Derbyshire Constabulary,-1.903223,53.261323,On or near Windsor Park Road,E01019710,High Peak 010A,Violence and sexual offences,Unable to prosecute suspect,
5e745c1740217922e2c01f0a732e68e4c479e40e57cb7f13bc8b396b2f0b8073,2021-06,Derbyshire Constabulary,Derbyshire Constabulary,-1.904875,53.260111,On or near Victoria Park Road,E01019710,High Peak 010A,Violence and sexual offences,Unable to prosecute suspect,
10fd76b9101e7596b52e2e6f47f946ec68b665b1cc3406b6aec7a4bc9ae62fbe,2021-06,Derbyshire Constabulary,Derbyshire Constabulary,-1.904875,53.260111,On or near Victoria Park Road,E01019710,High Peak 010A,Violence and sexual offences,Unable to prosecute suspect,
6ad78cd0be8b9ab3e7d3aca809b210f869aae36ea5a546f35fca654da2fc0b96,2021-06,Derbyshire Constabulary,Derbyshire Constabulary,-1.901722,53.262212,On or near Alma Street,E01019710,High Peak 010A,Violence and sexual offences,Unable to prosecute suspect,
bd4e23355da056cd1c9ce19d5f789c4a7696dddedff3374ac43effbe59ff3f53,2021-06,Derbyshire Constabulary,Derbyshire Constabulary,-1.904875,53.260111,On or near Victoria Park Road,E01019710,High Peak 010A,Violence and sexual offences,Unable to prosecute suspect,
e8059b17c1a54c2dde53c82fb10a5910232ec94f05a9e13118357ecdef38f68c,2021-06,Derbyshire Constabulary,Derbyshire Constabulary,-1.899097,53.262857,On or near Cross Street,E01019710,High Peak 010A,Violence and sexual offences,Awaiting court outcome,
1c63b3a24b32a06a83091517fe169daf6bacadcfddd7ea550cbf748b2acbe2b3,2021-06,Derbyshire Constabulary,Derbyshire Constabulary,-1.903595,53.262366,On or near Fairfield Road,E01019710,High Peak 010A,Violence and sexual offences,Awaiting court outcome,
e5e075753df61f2cd29aba0607ccb21cc7bb042c7fe55a75b5cb744f830f5609,2021-06,Derbyshire Constabulary,Derbyshire Constabulary,-1.899097,53.262857,On or near Cross Street,E01019710,High Peak 010A,Violence and sexual offences,Unable to prosecute suspect,
728d72cb511fc83daf1018e86833108941c995cd2bd192df5e24e503f9abed29,2021-06,Derbyshire Constabulary,Derbyshire Constabulary,-1.900443,53.264072,On or near North Road,E01019710,High Peak 010A,Violence and sexual offences,Unable to prosecute suspect,
bc40dd30e9012147a48de036f1dcff8f6c4fb1821f258321e0f14a4af0240100,2021-06,Derbyshire Constabulary,Derbyshire Constabulary,-1.904875,53.260111,On or near Victoria Park Road,E01019710,High Peak 010A,Violence and sexual offences,Unable to prosecute suspect,
0d6204928f652e0e7fecf07e830bc1ca1a19d45a2e07ec309314e6e684620224,2021-06,Derbyshire Constabulary,Derbyshire Constabulary,-1.906459,53.262036,On or near Brooklands,E01019710,High Peak 010A,Violence and sexual offences,Unable to prosecute suspect,
42b38e50e9c3a480bca1fadcb532cb0ad308a08e2d453b8af0679c7503a861ac,2021-06,Derbyshire Constabulary,Derbyshire Constabulary,-1.904875,53.260111,On or near Victoria Park Road,E01019710,High Peak 010A,Violence and sexual offences,Unable to prosecute suspect,
3ad5443af527eaca37e601c4dbccb3026677dc3f20a4719b8cb0b4c810815c53,2021-06,Derbyshire Constabulary,Derbyshire Constabulary,-1.906459,53.262036,On or near Brooklands,E01019710,High Peak 010A,Violence and sexual offences,Unable to prosecute suspect,
41213502b51a38ace4a66f02a4ad4c03f97d3d79ff10709d2539943d2a4c0931,2021-06,Derbyshire Constabulary,Derbyshire Constabulary,-1.906459,53.262036,On or near Brooklands,E01019710,High Peak 010A,Violence and sexual offences,Unable to prosecute suspect,
f4059f1e619364b43094280b71e72f727b32b6b045ea617ac11394f424ab8afe,2021-06,Derbyshire Constabulary,Derbyshire Constabulary,-1.904875,53.260111,On or near Victoria Park Road,E01019710,High Peak 010A,Violence and sexual offences,Unable to prosecute suspect,
680676fa75782bcaacfc47dc1e5be7e40cd9ad28dd1bbd73e15d0eda52bf3f32,2021-06,Derbyshire Constabulary,Derbyshire Constabulary,-1.900087,53.262687,On or near Dakin Avenue,E01019710,High Peak 010A,Violence and sexual offences,Unable to prosecute suspect,
16e91180cb7baab8f263df62537bf031110bdaf278c85bd751aee5b95b394375,2021-06,Derbyshire Constabulary,Derbyshire Constabulary,-1.900443,53.264072,On or near North Road,E01019710,High Peak 010A,Violence and sexual offences,Investigation complete; no suspect identified,
7730b6339f5c0237dfde1181fbd487819f7c0b0b4c03f8d37ac3749889472496,2021-06,Derbyshire Constabulary,Derbyshire Constabulary,-1.904644,53.262529,On or near Marlow Street,E01019710,High Peak 010A,Violence and sexual offences,Status update unavailable,
ae789c594417421b3e30bac45134becf7a4609b028ee2744e14f8eabec1c5cc6,2021-06,Derbyshire Constabulary,Derbyshire Constabulary,-1.896111,53.269893,On or near A6,E01019710,High Peak 010A,Violence and sexual offences,Unable to prosecute suspect,
,2021-06,Derbyshire Constabulary,Derbyshire Constabulary,-1.911709,53.253501,On or near New Market Street,E01019715,High Peak 010B,Anti-social behaviour,,
,2021-06,Derbyshire Constabulary,Derbyshire Constabulary,-1.915349,53.254726,On or near High Street,E01019715,High Peak 010B,Anti-social behaviour,,
,2021-06,Derbyshire Constabulary,Derbyshire Constabulary,-1.916771,53.255788,On or near Fountain Street,E01019715,High Peak 010B,Anti-social behaviour,,
,2021-06,Derbyshire Constabulary,Derbyshire Constabulary,-1.914493,53.255435,On or near Nightclub,E01019715,High Peak 010B,Anti-social behaviour,,
7a38cb1fbe4d3aaad424cb4f9b6d5353ca49655e1ff098cca1d06daedc36dda5,2021-06,Derbyshire Constabulary,Derbyshire Constabulary,-1.915349,53.254726,On or near High Street,E01019715,High Peak 010B,Criminal damage and arson,Local resolution,
d5ecc89d52a3d93d7f1cb12022fa61ec90a0d469871182a7a05cd5ea0d0270fe,2021-06,Derbyshire Constabulary,Derbyshire Constabulary,-1.917270,53.253208,On or near West Road,E01019715,High Peak 010B,Public order,Unable to prosecute suspect,
2f6f912cced8d296f458919ae4e7e002e6b45a95777b1afbc4e10e3fe9d41197,2021-06,Derbyshire Constabulary,Derbyshire Constabulary,-1.916771,53.255788,On or near Fountain Street,E01019715,High Peak 010B,Public order,Unable to prosecute suspect,
89533e27c20cf3ce0d0ecc28120ca6264648da46bc272f31a477a1cb96487fc5,2021-06,Derbyshire Constabulary,Derbyshire Constabulary,-1.914029,53.254905,On or near Parking Area,E01019715,High Peak 010B,Robbery,Status update unavailable,
3aa57d1dc383020bff22ff57fe4e29685b9db7437aa7f1396b7ecb3a928c429a,2021-06,Derbyshire Constabulary,Derbyshire Constabulary,-1.913010,53.254787,On or near Market Street,E01019715,High Peak 010B,Violence and sexual offences,Unable to prosecute suspect,
155f1f78517c985a58a078f9da1905c8daf6e0724abea72c32598bb17b20a7bd,2021-06,Derbyshire Constabulary,Derbyshire Constabulary,-1.915516,53.253243,On or near West Road,E01019715,High Peak 010B,Violence and sexual offences,Status update unavailable,
7ccb34233c14691b81cbb2d371e664a48bf0d891683ad54e6eaabe2d5d9da6bf,2021-06,Derbyshire Constabulary,Derbyshire Constabulary,-1.914029,53.254905,On or near Parking Area,E01019715,High Peak 010B,Violence and sexual offences,Unable to prosecute suspect,
,2021-06,Derbyshire Constabulary,Derbyshire Constabulary,-1.910992,53.259586,On or near Shopping Area,E01019717,High Peak 010C,Anti-social behaviour,,
,2021-06,Derbyshire Constabulary,Derbyshire Constabulary,-1.914447,53.255867,On or near Scarsdale Place,E01019717,High Peak 010C,Anti-social behaviour,,
,2021-06,Derbyshire Constabulary,Derbyshire Constabulary,-1.914581,53.256397,On or near Eagle Parade,E01019717,High Peak 010C,Anti-social behaviour,,
,2021-06,Derbyshire Constabulary,Derbyshire Constabulary,-1.913046,53.259587,On or near Station Approach,E01019717,High Peak 010C,Anti-social behaviour,,
,2021-06,Derbyshire Constabulary,Derbyshire Constabulary,-1.914447,53.255867,On or near Scarsdale Place,E01019717,High Peak 010C,Anti-social behaviour,,
,2021-06,Derbyshire Constabulary,Derbyshire Constabulary,-1.913965,53.257269,On or near Parking Area,E01019717,High Peak 010C,Anti-social behaviour,,
,2021-06,Derbyshire Constabulary,Derbyshire Constabulary,-1.914820,53.256919,On or near Eagle Street,E01019717,High Peak 010C,Anti-social behaviour,,
,2021-06,Derbyshire Constabulary,Derbyshire Constabulary,-1.911193,53.256664,On or near Hardwick Square South,E01019717,High Peak 010C,Anti-social behaviour,,
,2021-06,Derbyshire Constabulary,Derbyshire Constabulary,-1.911193,53.256664,On or near Hardwick Square South,E01019717,High Peak 010C,Anti-social behaviour,,
,2021-06,Derbyshire Constabulary,Derbyshire Constabulary,-1.914447,53.255867,On or near Scarsdale Place,E01019717,High Peak 010C,Anti-social behaviour,,
,2021-06,Derbyshire Constabulary,Derbyshire Constabulary,-1.914447,53.255867,On or near Scarsdale Place,E01019717,High Peak 010C,Anti-social behaviour,,
7e4ee2aa424b0a7a385b1f1147df6abafc10a4aa73bf4d36578e2a363410129f,2021-06,Derbyshire Constabulary,Derbyshire Constabulary,-1.912930,53.257502,On or near Terrace Road,E01019717,High Peak 010C,Criminal damage and arson,Unable to prosecute suspect,
aebc9285190f76af1dd40420c48e3a6ff5af8a74dea73db38e4a053a394159af,2021-06,Derbyshire Constabulary,Derbyshire Constabulary,-1.915631,53.255859,On or near Supermarket,E01019717,High Peak 010C,Criminal damage and arson,Investigation complete; no suspect identified,
35e156acd840debf4f50e2afb4ee5126e58d745cb571250158b63a4d3c392d97,2021-06,Derbyshire Constabulary,Derbyshire Constabulary,-1.910992,53.259586,On or near Shopping Area,E01019717,High Peak 010C,Criminal damage and arson,Investigation complete; no suspect identified,
628c5c562f969ea84f127a62a381fb7df2a8156a5be214164e981ec1b9aca847,2021-06,Derbyshire Constabulary,Derbyshire Constabulary,-1.910457,53.257347,On or near Hardwick Square East,E01019717,High Peak 010C,Drugs,Status update unavailable,
728456ed5b1c1e5115c2e5cd7ab738a57efe4bcda21f84c682003ef702dd328d,2021-06,Derbyshire Constabulary,Derbyshire Constabulary,-1.912178,53.258679,On or near Lower Hardwick Street,E01019717,High Peak 010C,Other theft,Status update unavailable,
6edfbfb29cf5ce49ed1a9d658c6bb876948100842d421b137760afe49741adcf,2021-06,Derbyshire Constabulary,Derbyshire Constabulary,-1.912004,53.255793,On or near South Avenue,E01019717,High Peak 010C,Public order,Awaiting court outcome,
b86db31bd225bbcb9c421b7f0938062b4d0bc77e9489d62c696c7f02b5ce21b9,2021-06,Derbyshire Constabulary,Derbyshire Constabulary,-1.913562,53.256217,On or near Concert Place,E01019717,High Peak 010C,Public order,Unable to prosecute suspect,
035fc3dbee64a33e170abb3274ea60e302c2253236b0466d955a6a16b50ce50a,2021-06,Derbyshire Constabulary,Derbyshire Constabulary,-1.912178,53.258679,On or near Lower Hardwick Street,E01019717,High Peak 010C,Public order,Status update unavailable,
56851a4c5661ced26afe4c29148b82653151740030d8efee6e8d2054fbc97179,2021-06,Derbyshire Constabulary,Derbyshire Constabulary,-1.912930,53.257502,On or near Terrace Road,E01019717,High Peak 010C,Public order,Investigation complete; no suspect identified,
ee7c107a6413a1ca78effbfd885c920f3a6493f89778fd0e42d6302b640c11e3,2021-06,Derbyshire Constabulary,Derbyshire Constabulary,-1.912178,53.258679,On or near Lower Hardwick Street,E01019717,High Peak 010C,Public order,Unable to prosecute suspect,
3ae9be197f1b8c7c4bdf8bbc05a7f1248a4ee4d977a8198eca81b44c03d15d70,2021-06,Derbyshire Constabulary,Derbyshire Constabulary,-1.911954,53.258418,On or near Hardwick Street,E01019717,High Peak 010C,Public order,Unable to prosecute suspect,
8f67b57a7330930281dc275ffefecf4db04a25f33a3cd9c25eace9d93424e7d6,2021-06,Derbyshire Constabulary,Derbyshire Constabulary,-1.913562,53.256217,On or near Concert Place,E01019717,High Peak 010C,Public order,Unable to prosecute suspect,
d4a7eafa1257ff3c1c5666d132f45846d0f1a97b23e6dbcc7438761ece7f85ea,2021-06,Derbyshire Constabulary,Derbyshire Constabulary,-1.913562,53.256217,On or near Concert Place,E01019717,High Peak 010C,Public order,Unable to prosecute suspect,
8ece8e2abc1655175027f5f6a215147912a35ec19d429a128cb1f9ca95885fdf,2021-06,Derbyshire Constabulary,Derbyshire Constabulary,-1.912178,53.258679,On or near Lower Hardwick Street,E01019717,High Peak 010C,Public order,Unable to prosecute suspect,
09bc3c699ed43ad60ead6cd33e3dbfbd1d69f2a4dedaad5953f1578170d70bb2,2021-06,Derbyshire Constabulary,Derbyshire Constabulary,-1.912178,53.258679,On or near Lower Hardwick Street,E01019717,High Peak 010C,Public order,Unable to prosecute suspect,
754327498d3b47391315577c4b871024d212464f4032d7b9d5fa046817a57e19,2021-06,Derbyshire Constabulary,Derbyshire Constabulary,-1.908758,53.259566,On or near Supermarket,E01019717,High Peak 010C,Public order,Investigation complete; no suspect identified,
d80d94051396161df980018880349d2de32abfe5b5060e6e1478690970b319a5,2021-06,Derbyshire Constabulary,Derbyshire Constabulary,-1.911193,53.256664,On or near Hardwick Square South,E01019717,High Peak 010C,Public order,Unable to prosecute suspect,
f2a4a1d56116822ace559f971135d9164b7c15b9e4108feea04d5fbd3263434c,2021-06,Derbyshire Constabulary,Derbyshire Constabulary,-1.906166,53.259294,On or near Fairfield Road,E01019717,High Peak 010C,Public order,Unable to prosecute suspect,
a22da94de3108e720f0f7979ac1e5f2fe4d8243c6596be495262e95f157c16cc,2021-06,Derbyshire Constabulary,Derbyshire Constabulary,-1.908758,53.259566,On or near Supermarket,E01019717,High Peak 010C,Shoplifting,Investigation complete; no suspect identified,
939daadde1d96b69c3d1abaa1fc3220bffb7dd677c755b83bbc9a2ef45cf6638,2021-06,Derbyshire Constabulary,Derbyshire Constabulary,-1.908758,53.259566,On or near Supermarket,E01019717,High Peak 010C,Shoplifting,Investigation complete; no suspect identified,
89b427497ff8c196d4fcd27cac0d23ba18b83cd98cd6f6e11f3e6e44d8e64568,2021-06,Derbyshire Constabulary,Derbyshire Constabulary,-1.908519,53.259368,On or near Spring Gardens,E01019717,High Peak 010C,Shoplifting,Further investigation is not in the public interest,
fe0bd31f30f1f6f2abf661622186029d12c2fb95dade82dae14eaeefe7cc75e1,2021-06,Derbyshire Constabulary,Derbyshire Constabulary,-1.913046,53.259587,On or near Station Approach,E01019717,High Peak 010C,Shoplifting,Unable to prosecute suspect,
169f29e4ff5d5df6c0a8e0a610c3683565f5fc39e72c55067a2688423a9d57a5,2021-06,Derbyshire Constabulary,Derbyshire Constabulary,-1.908758,53.259566,On or near Supermarket,E01019717,High Peak 010C,Shoplifting,Awaiting court outcome,
6574abd930ba617b02efa62d09d8d489430ab99ec4e5db5e39175ff5daf41ea5,2021-06,Derbyshire Constabulary,Derbyshire Constabulary,-1.915631,53.255859,On or near Supermarket,E01019717,High Peak 010C,Shoplifting,Investigation complete; no suspect identified,
635e1440819f481fefabfad70dbf4139f2af16bad9874d9ba65630a07a700d29,2021-06,Derbyshire Constabulary,Derbyshire Constabulary,-1.908758,53.259566,On or near Supermarket,E01019717,High Peak 010C,Shoplifting,Awaiting court outcome,
0c45b603880fb861be9af435911d0cfad0edfe2711ee639ac74cf9950149562a,2021-06,Derbyshire Constabulary,Derbyshire Constabulary,-1.908758,53.259566,On or near Supermarket,E01019717,High Peak 010C,Shoplifting,Awaiting court outcome,
afcc1180a8a35496152ed289cbf28424a94b7a2c20b4c2b8f4ec178835840fbe,2021-06,Derbyshire Constabulary,Derbyshire Constabulary,-1.908758,53.259566,On or near Supermarket,E01019717,High Peak 010C,Shoplifting,Investigation complete; no suspect identified,
b34394c077de0a2576c54cb4559f602bd23addb0c3bf4a6fa98105d63fc05a5d,2021-06,Derbyshire Constabulary,Derbyshire Constabulary,-1.908758,53.259566,On or near Supermarket,E01019717,High Peak 010C,Shoplifting,Investigation complete; no suspect identified,
a1abc42bb8817cb8d7984c45f9051ec04cab620ac22074180c579aa99446e7cf,2021-06,Derbyshire Constabulary,Derbyshire Constabulary,-1.913690,53.259534,On or near Terrace Road,E01019717,High Peak 010C,Shoplifting,Awaiting court outcome,
7375238debf1035965ffd8596d032f433188bef74b3c9d3c2731c44ad5f61ca6,2021-06,Derbyshire Constabulary,Derbyshire Constabulary,-1.908758,53.259566,On or near Supermarket,E01019717,High Peak 010C,Theft from the person,Investigation complete; no suspect identified,
b57e9a583fbdaa4a55f147617c07408b4ca490cd92efbdaae802d9c2ea0d2e0d,2021-06,Derbyshire Constabulary,Derbyshire Constabulary,-1.913893,53.255606,On or near Parking Area,E01019717,High Peak 010C,Vehicle crime,Investigation complete; no suspect identified,
fbc444c973e906d3e811ef98894789fdb1b74682f95b8cd2fe44e4d98e3dbcdc,2021-06,Derbyshire Constabulary,Derbyshire Constabulary,-1.913562,53.256217,On or near Concert Place,E01019717,High Peak 010C,Vehicle crime,Status update unavailable,
61eec917f64c11f27e4c88133a6de66553116acde85c0f70fdfa6ac6a87ae582,2021-06,Derbyshire Constabulary,Derbyshire Constabulary,-1.914581,53.256397,On or near Eagle Parade,E01019717,High Peak 010C,Violence and sexual offences,Unable to prosecute suspect,
1a13bcb636e0ff2048d19f6324313aa5c6dc599e560354ae27de7564d1edcad8,2021-06,Derbyshire Constabulary,Derbyshire Constabulary,-1.907320,53.259331,On or near Spring Gardens,E01019717,High Peak 010C,Violence and sexual offences,Unable to prosecute suspect,
7a32d7397785e0469096a56fbbfb2cca7be2a7cd8d7d36168cd19d2e498e1cf9,2021-06,Derbyshire Constabulary,Derbyshire Constabulary,-1.913562,53.256217,On or near Concert Place,E01019717,High Peak 010C,Violence and sexual offences,Unable to prosecute suspect,
d5002dc6736fef8672faf33ab107809990193f3d09c9db306baf977b3fb20e57,2021-06,Derbyshire Constabulary,Derbyshire Constabulary,-1.912178,53.258679,On or near Lower Hardwick Street,E01019717,High Peak 010C,Violence and sexual offences,Unable to prosecute suspect,
df83a68ff1f3acd4632490c48f30a7d31dbc37cf5af8d340ad6b88b7e9cf39a4,2021-06,Derbyshire Constabulary,Derbyshire Constabulary,-1.913562,53.256217,On or near Concert Place,E01019717,High Peak 010C,Violence and sexual offences,Unable to prosecute suspect,
b603234fc5e72e8bec281e4be07bd292b0b85b572c43bfa573ba025234699356,2021-06,Derbyshire Constabulary,Derbyshire Constabulary,-1.914447,53.255867,On or near Scarsdale Place,E01019717,High Peak 010C,Violence and sexual offences,Unable to prosecute suspect,
7feb935fe302805f5d90c43867ae2853384dd819a69f1441ef707d6310cfe479,2021-06,Derbyshire Constabulary,Derbyshire Constabulary,-1.910457,53.257347,On or near Hardwick Square East,E01019717,High Peak 010C,Violence and sexual offences,Unable to prosecute suspect,
ecaa7dc1adae97871460244dd0b258239458d667126a01ce40effa3579760ae9,2021-06,Derbyshire Constabulary,Derbyshire Constabulary,-1.913562,53.256217,On or near Concert Place,E01019717,High Peak 010C,Violence and sexual offences,Unable to prosecute suspect,
b5e6eb853ab57ed988e49bf275bf8b0da91b0eba2f72363b7fa94436b9a6e953,2021-06,Derbyshire Constabulary,Derbyshire Constabulary,-1.908519,53.259368,On or near Spring Gardens,E01019717,High Peak 010C,Violence and sexual offences,Unable to prosecute suspect,
7d2338f1df32df4188d0e28466bb232f08de248b752155235b0453d769cf21fe,2021-06,Derbyshire Constabulary,Derbyshire Constabulary,-1.914447,53.255867,On or near Scarsdale Place,E01019717,High Peak 010C,Violence and sexual offences,Unable to prosecute suspect,
3bc1cfb67cbfa75f8a9d6979c61166942d6bd37318638a543f35469efd36642b,2021-06,Derbyshire Constabulary,Derbyshire Constabulary,-1.913562,53.256217,On or near Concert Place,E01019717,High Peak 010C,Violence and sexual offences,Unable to prosecute suspect,
fbaf7458444e35c3a5a8050bac474a2eeef2ebf17a97250b0077f06a501fd2d1,2021-06,Derbyshire Constabulary,Derbyshire Constabulary,-1.915092,53.255598,On or near Parking Area,E01019717,High Peak 010C,Violence and sexual offences,Unable to prosecute suspect,
4eb814187e2f31e120870e3a4cd8ad32d2a215c775f2f3a59709c17458ff11db,2021-06,Derbyshire Constabulary,Derbyshire Constabulary,-1.915092,53.255598,On or near Parking Area,E01019717,High Peak 010C,Violence and sexual offences,Local resolution,
,2021-06,Derbyshire Constabulary,Derbyshire Constabulary,-1.908895,53.265804,On or near Ladycroft,E01019722,High Peak 010D,Anti-social behaviour,,
,2021-06,Derbyshire Constabulary,Derbyshire Constabulary,-1.909842,53.264735,On or near Williamson Avenue,E01019722,High Peak 010D,Anti-social behaviour,,
,2021-06,Derbyshire Constabulary,Derbyshire Constabulary,-1.916208,53.267446,On or near Lightwood Road,E01019722,High Peak 010D,Anti-social behaviour,,
,2021-06,Derbyshire Constabulary,Derbyshire Constabulary,-1.908617,53.262397,On or near Lightwood Road,E01019722,High Peak 010D,Anti-social behaviour,,
,2021-06,Derbyshire Constabulary,Derbyshire Constabulary,-1.909116,53.260627,On or near Supermarket,E01019722,High Peak 010D,Anti-social behaviour,,
9ee8894ccfc744cb0aa86ae665adab57e65c47baef085bec1c31a3dde38baaa1,2021-06,Derbyshire Constabulary,Derbyshire Constabulary,-1.909842,53.264735,On or near Williamson Avenue,E01019722,High Peak 010D,Burglary,Investigation complete; no suspect identified,
255f75fd9ae37a504e7493dc8d2ecf1151bbe7ffb0361cc2fa97a19c49049505,2021-06,Derbyshire Constabulary,Derbyshire Constabulary,-1.907286,53.261039,On or near Briar Close,E01019722,High Peak 010D,Burglary,Status update unavailable,
47e0f0df245f314e092d881c7d9d6ac40ae2608d991ffcd977a1ba892c212def,2021-06,Derbyshire Constabulary,Derbyshire Constabulary,-1.906831,53.263672,On or near Sports/Recreation Area,E01019722,High Peak 010D,Criminal damage and arson,Unable to prosecute suspect,
d14e74673f7c5b6e7ecf0516b415863858e3615a6f3f4d7ffb2a6d3cafbee622,2021-06,Derbyshire Constabulary,Derbyshire Constabulary,-1.908137,53.262712,On or near Hogshaw Villas Road,E01019722,High Peak 010D,Criminal damage and arson,Unable to prosecute suspect,
b75d7f1ccd67db8994f4a2db6c6f7c0284f95de41f8ef164dc8b9810d7210de7,2021-06,Derbyshire Constabulary,Derbyshire Constabulary,-1.916592,53.262673,On or near The Old Tennis Courts,E01019722,High Peak 010D,Other theft,Investigation complete; no suspect identified,
78d958f2ba24842ecb39df2d8a746bf3e55facb13934c7b7a120a1139301b4e1,2021-06,Derbyshire Constabulary,Derbyshire Constabulary,-1.909116,53.260627,On or near Supermarket,E01019722,High Peak 010D,Public order,Unable to prosecute suspect,
e282f0a95188199aa4daae2b1fc4e6cf39f3b3b3d3bea7af602dee458d867e5b,2021-06,Derbyshire Constabulary,Derbyshire Constabulary,-1.909116,53.260627,On or near Supermarket,E01019722,High Peak 010D,Theft from the person,Investigation complete; no suspect identified,
a856f76c93b512626a1725ab0fe674056bca3c99ca7959e70643812c03fe6c28,2021-06,Derbyshire Constabulary,Derbyshire Constabulary,-1.917119,53.261864,On or near Marlborough Road,E01019722,High Peak 010D,Violence and sexual offences,Unable to prosecute suspect,
33d76f5c264b7c54ba3896d9655d2c3bfabce2ab416590417a7d3daee661760d,2021-06,Derbyshire Constabulary,Derbyshire Constabulary,-1.917119,53.261864,On or near Marlborough Road,E01019722,High Peak 010D,Violence and sexual offences,Unable to prosecute suspect,
a87ebf53f59672184dac530aa02a9aa125ad29c7acb1412f29c2ba5f9f45bdf3,2021-06,Derbyshire Constabulary,Derbyshire Constabulary,-1.908617,53.262397,On or near Lightwood Road,E01019722,High Peak 010D,Violence and sexual offences,Status update unavailable,
9a71e65c8f5b6812156af06c1bca14ff34c82be46f0918181a449b015307ed3a,2021-06,Derbyshire Constabulary,Derbyshire Constabulary,-1.908895,53.265804,On or near Ladycroft,E01019722,High Peak 010D,Violence and sexual offences,Unable to prosecute suspect,
d7b1a2518aa196757f46ac5c6bd5b4b8592291061faef42359e22e432918aeb3,2021-06,Derbyshire Constabulary,Derbyshire Constabulary,-1.908394,53.268770,On or near Nursery Drive,E01019722,High Peak 010D,Violence and sexual offences,Unable to prosecute suspect,
4f429ed08371e9c8f9303c4b085d4e18103a4a639f39542c2bab8af772d76efa,2021-06,Derbyshire Constabulary,Derbyshire Constabulary,-1.908137,53.262712,On or near Hogshaw Villas Road,E01019722,High Peak 010D,Violence and sexual offences,Unable to prosecute suspect,
,2021-06,Derbyshire Constabulary,Derbyshire Constabulary,-1.925542,53.262769,On or near Manchester Road,E01019723,High Peak 010E,Anti-social behaviour,,
dc16599f25a5dbc019e53f234a78b01a5d9eaa8e8a0b6b36476a54a1db544756,2021-06,Derbyshire Constabulary,Derbyshire Constabulary,-1.926592,53.262356,On or near Manchester Road,E01019723,High Peak 010E,Vehicle crime,Investigation complete; no suspect identified,
d331159847a76efd8b16f5ea34d9e1aaf532b8dcc32e511139e3e822e2118bf0,2021-06,Derbyshire Constabulary,Derbyshire Constabulary,-1.926358,53.258985,On or near Thornwood Court,E01019723,High Peak 010E,Violence and sexual offences,Unable to prosecute suspect,
06a50c5218cc9fee3372c8607d5daa8c47ec4f78157d0a2a08ba62f88c816f69,2021-06,Derbyshire Constabulary,Derbyshire Constabulary,-1.920380,53.257570,On or near Parking Area,E01019723,High Peak 010E,Violence and sexual offences,Local resolution,
4979f80613e492a557bfc8d2428bcc4d85a4c2b8d720da75ce09dc72881a8549,2021-06,Derbyshire Constabulary,Derbyshire Constabulary,-1.926358,53.258985,On or near Thornwood Court,E01019723,High Peak 010E,Violence and sexual offences,Unable to prosecute suspect,
1b80a860b054b223bed9d8b80cab28f31b23e61efe456057a566c748b40d4072,2021-06,Derbyshire Constabulary,Derbyshire Constabulary,-1.924242,53.260566,On or near Alder Grove,E01019723,High Peak 010E,Violence and sexual offences,Unable to prosecute suspect,
15699aa0d79431e8c56cc44da839ed8ed9e84161132c060e91c6e34fcc5f9e5b,2021-06,Derbyshire Constabulary,Derbyshire Constabulary,-1.926358,53.258985,On or near Thornwood Court,E01019723,High Peak 010E,Violence and sexual offences,Unable to prosecute suspect,
bcc40f8d3c668b6979d50c52b429d4770300d1c0f2db15d80cf7f8b5e773f7ff,2021-06,Derbyshire Constabulary,Derbyshire Constabulary,-1.922743,53.260601,On or near Park Road,E01019723,High Peak 010E,Violence and sexual offences,Status update unavailable,
bbe3a86776c55e7142c0409795203f579cda6efe45c070b88649fe68a771e2e8,2021-06,Derbyshire Constabulary,Derbyshire Constabulary,-1.925542,53.262769,On or near Manchester Road,E01019723,High Peak 010E,Violence and sexual offences,Status update unavailable,
d44b9a06cbe282c942028514d84c66243365744f704558f6499c3d4052d08d2d,2021-06,Derbyshire Constabulary,Derbyshire Constabulary,-1.926358,53.258985,On or near Thornwood Court,E01019723,High Peak 010E,Violence and sexual offences,Unable to prosecute suspect,
bab748b2c2283c6579fd0521fb76da7996ef905d2235c73af7dd7a492872c880,2021-06,Derbyshire Constabulary,Derbyshire Constabulary,-1.920380,53.257570,On or near Parking Area,E01019723,High Peak 010E,Violence and sexual offences,Unable to prosecute suspect,
88dca6d88fb5437561972019272436b222d5159e633ca41110cb8fbe48742bbe,2021-06,Derbyshire Constabulary,Derbyshire Constabulary,-1.926358,53.258985,On or near Thornwood Court,E01019723,High Peak 010E,Violence and sexual offences,Unable to prosecute suspect,
3a73991d9e115ccc3aceedc01df2b761531701fc5e2308bed58e5fda53f596c9,2021-06,Derbyshire Constabulary,Derbyshire Constabulary,-1.926358,53.258985,On or near Thornwood Court,E01019723,High Peak 010E,Violence and sexual offences,Unable to prosecute suspect,
,2021-06,Derbyshire Constabulary,Derbyshire Constabulary,-1.904213,53.254196,On or near Petrol Station,E01019716,High Peak 011A,Anti-social behaviour,,
,2021-06,Derbyshire Constabulary,Derbyshire Constabulary,-1.904213,53.254196,On or near Petrol Station,E01019716,High Peak 011A,Anti-social behaviour,,
,2021-06,Derbyshire Constabulary,Derbyshire Constabulary,-1.904213,53.254196,On or near Petrol Station,E01019716,High Peak 011A,Anti-social behaviour,,
,2021-06,Derbyshire Constabulary,Derbyshire Constabulary,-1.904213,53.254196,On or near Petrol Station,E01019716,High Peak 011A,Anti-social behaviour,,
,2021-06,Derbyshire Constabulary,Derbyshire Constabulary,-1.908591,53.253813,On or near Crowestones,E01019716,High Peak 011A,Anti-social behaviour,,
d59bd74b78dff6655080a2b05aba5e04480653eec74de0b48d38d5cd80378d55,2021-06,Derbyshire Constabulary,Derbyshire Constabulary,-1.906639,53.255196,On or near Solomons View,E01019716,High Peak 011A,Burglary,Awaiting court outcome,
e81aff4f907e29d882962f306b231cbc41e5786d33074b2db76547d5b04bd0ba,2021-06,Derbyshire Constabulary,Derbyshire Constabulary,-1.912005,53.255065,On or near Dale Side,E01019716,High Peak 011A,Criminal damage and arson,Investigation complete; no suspect identified,
56766acea93da84bbcda0d31d66706cfe0c4e5c1e90a4e5f1d205ecb9351c84b,2021-06,Derbyshire Constabulary,Derbyshire Constabulary,-1.908123,53.255368,On or near Peveril Road,E01019716,High Peak 011A,Drugs,Status update unavailable,
0085f492dbc4b51a6bccf1028a33e788fb21f5af02e80321250e30f4b726bb42,2021-06,Derbyshire Constabulary,Derbyshire Constabulary,-1.908123,53.255368,On or near Peveril Road,E01019716,High Peak 011A,Drugs,Status update unavailable,
df5008dbc5c2ef295527149abcf8a34bddc06172361c440d2acfc2b2bb56506f,2021-06,Derbyshire Constabulary,Derbyshire Constabulary,-1.906639,53.255196,On or near Solomons View,E01019716,High Peak 011A,Vehicle crime,Awaiting court outcome,
e500257fd57ac8b83e5a7a0c37ab7bc2fc4f68fa5983e5b5b90801dca14665c7,2021-06,Derbyshire Constabulary,Derbyshire Constabulary,-1.908591,53.253813,On or near Crowestones,E01019716,High Peak 011A,Violence and sexual offences,Unable to prosecute suspect,
0b8d2204dcd7c5878e782be2e8b2b7224e795f657389a302ec148788ab575f97,2021-06,Derbyshire Constabulary,Derbyshire Constabulary,-1.908591,53.253813,On or near Crowestones,E01019716,High Peak 011A,Violence and sexual offences,Unable to prosecute suspect,
66f1fd07aa5fc007ac9ed29cdf43ed74baf00afdcb4a79aff22a49381a0da856,2021-06,Derbyshire Constabulary,Derbyshire Constabulary,-1.908591,53.253813,On or near Crowestones,E01019716,High Peak 011A,Other crime,Unable to prosecute suspect,
24b188d7bc663026da71e1a5d685eb6bbf4008a6429e971ed49bf2428a4beac0,2021-06,Derbyshire Constabulary,Derbyshire Constabulary,-1.908123,53.255368,On or near Peveril Road,E01019716,High Peak 011A,Other crime,Status update unavailable,
,2021-06,Derbyshire Constabulary,Derbyshire Constabulary,-1.910471,53.250525,On or near Petrol Station,E01019724,High Peak 011B,Anti-social behaviour,,
,2021-06,Derbyshire Constabulary,Derbyshire Constabulary,-1.906787,53.249281,On or near Oaklea,E01019724,High Peak 011B,Anti-social behaviour,,
,2021-06,Derbyshire Constabulary,Derbyshire Constabulary,-1.908104,53.250190,On or near Welbeck Avenue,E01019724,High Peak 011B,Anti-social behaviour,,
,2021-06,Derbyshire Constabulary,Derbyshire Constabulary,-1.908104,53.250190,On or near Welbeck Avenue,E01019724,High Peak 011B,Anti-social behaviour,,
071782fb6900bbce60caeb0d166f5be85e02d79a7a5a9f0e58e40c840eb8ba66,2021-06,Derbyshire Constabulary,Derbyshire Constabulary,-1.910991,53.252691,On or near Byron Street,E01019724,High Peak 011B,Burglary,Investigation complete; no suspect identified,
9da0cf2c6056d352f8a076e5a811a7615a229f979c2bcaca6a0a5aae5c7f6583,2021-06,Derbyshire Constabulary,Derbyshire Constabulary,-1.906260,53.250476,On or near Sherwood Road,E01019724,High Peak 011B,Criminal damage and arson,Investigation complete; no suspect identified,
dd034cea5cbffd3c917f9e12d7d06c5b8d3a8762298a8de09bb75a83550b4546,2021-06,Derbyshire Constabulary,Derbyshire Constabulary,-1.907160,53.249785,On or near Aldwark Road,E01019724,High Peak 011B,Other theft,Unable to prosecute suspect,
508864b81524a866d9af4b8d520b3ef523c4e41d68642f2b631ad2b2c2c68441,2021-06,Derbyshire Constabulary,Derbyshire Constabulary,-1.906787,53.249281,On or near Oaklea,E01019724,High Peak 011B,Violence and sexual offences,Status update unavailable,
fbce2270b1f6f8d6ff366275aa5dcb53706cf6f52d4b6201d53797e478c3825b,2021-06,Derbyshire Constabulary,Derbyshire Constabulary,-1.906787,53.249281,On or near Oaklea,E01019724,High Peak 011B,Violence and sexual offences,Unable to prosecute suspect,
48151eebeacfd4e13d3ffb1c0ccbe32a16ecaf305b89143c91641e290c8201b7,2021-06,Derbyshire Constabulary,Derbyshire Constabulary,-1.906260,53.250476,On or near Sherwood Road,E01019724,High Peak 011B,Violence and sexual offences,Unable to prosecute suspect,
c7a363ddc4d69bcdbc671834311598c6bd8674f5c73225f2b843980598a001de,2021-06,Derbyshire Constabulary,Derbyshire Constabulary,-1.910991,53.252691,On or near Byron Street,E01019724,High Peak 011B,Violence and sexual offences,Investigation complete; no suspect identified,
58bd48e4e98cd6c0cc6517b5934393679df4f1fb51a8e519760fe7ce380e3dba,2021-06,Derbyshire Constabulary,Derbyshire Constabulary,-1.906787,53.249281,On or near Oaklea,E01019724,High Peak 011B,Violence and sexual offences,Unable to prosecute suspect,
6f0e0b4ab571f2fe89bed940cab9d140327aa43e0ec857378f01466163cc8106,2021-06,Derbyshire Constabulary,Derbyshire Constabulary,-1.910471,53.250525,On or near Petrol Station,E01019724,High Peak 011B,Violence and sexual offences,Awaiting court outcome,
575adc4d1cdec24b2c8455de29d21e73e791408906a5f5b429e1795aea9bbe56,2021-06,Derbyshire Constabulary,Derbyshire Constabulary,-1.906787,53.249281,On or near Oaklea,E01019724,High Peak 011B,Violence and sexual offences,Unable to prosecute suspect,
,2021-06,Derbyshire Constabulary,Derbyshire Constabulary,-1.895559,53.256706,On or near Edensor Avenue,E01019759,High Peak 011C,Anti-social behaviour,,
,2021-06,Derbyshire Constabulary,Derbyshire Constabulary,-1.898690,53.257311,On or near Victoria Park Road,E01019759,High Peak 011C,Anti-social behaviour,,
,2021-06,Derbyshire Constabulary,Derbyshire Constabulary,-1.898690,53.257311,On or near Victoria Park Road,E01019759,High Peak 011C,Anti-social behaviour,,
,2021-06,Derbyshire Constabulary,Derbyshire Constabulary,-1.891567,53.258653,On or near Stone Bench Way,E01019759,High Peak 011C,Anti-social behaviour,,
,2021-06,Derbyshire Constabulary,Derbyshire Constabulary,-1.896491,53.261749,On or near Tongue Lane,E01019759,High Peak 011C,Anti-social behaviour,,
,2021-06,Derbyshire Constabulary,Derbyshire Constabulary,-1.898690,53.257311,On or near Victoria Park Road,E01019759,High Peak 011C,Anti-social behaviour,,
607178f9dc68e63bae1b3af762f8fc5096d2f092601c38b45b41800ca9b90548,2021-06,Derbyshire Constabulary,Derbyshire Constabulary,-1.897677,53.254820,On or near Granby Road,E01019759,High Peak 011C,Burglary,Status update unavailable,
43e5868922225fe42b82f479ee17eb656ab32c4712710ba98c67d3c527d4d82a,2021-06,Derbyshire Constabulary,Derbyshire Constabulary,-1.895559,53.256706,On or near Edensor Avenue,E01019759,High Peak 011C,Burglary,Investigation complete; no suspect identified,
0a8765c6fe154aabb639e3a5f8c93c30822c5524b1e3a8118d2743227d7eeb3c,2021-06,Derbyshire Constabulary,Derbyshire Constabulary,-1.895559,53.256706,On or near Edensor Avenue,E01019759,High Peak 011C,Criminal damage and arson,Investigation complete; no suspect identified,
2c8fd9f51bd1429606a46bb0ed3a39947923b1c8a2b357a2865bf94bcfb41195,2021-06,Derbyshire Constabulary,Derbyshire Constabulary,-1.898690,53.257311,On or near Victoria Park Road,E01019759,High Peak 011C,Other theft,Unable to prosecute suspect,
78f0e1d99368006b8ca2431dd409585030da96f6b25262843c95602d93aa525e,2021-06,Derbyshire Constabulary,Derbyshire Constabulary,-1.898690,53.257311,On or near Victoria Park Road,E01019759,High Peak 011C,Public order,Unable to prosecute suspect,
a3712c0433e4e4796d4e0a79426fdd4fddd8cd4cb63d33d11e294e09f561959e,2021-06,Derbyshire Constabulary,Derbyshire Constabulary,-1.898690,53.257311,On or near Victoria Park Road,E01019759,High Peak 011C,Public order,Unable to prosecute suspect,
aab14d0373a82b0958f49dd7fd4ef9ee84379ff6221272cd7e803df45d29492d,2021-06,Derbyshire Constabulary,Derbyshire Constabulary,-1.897677,53.254820,On or near Granby Road,E01019759,High Peak 011C,Public order,Unable to prosecute suspect,
46312f85adb7eddca825a691f403a4bd900e2c6612e3a9e0d142648f930322e9,2021-06,Derbyshire Constabulary,Derbyshire Constabulary,-1.897677,53.254820,On or near Granby Road,E01019759,High Peak 011C,Public order,Unable to prosecute suspect,
bc4a9ca172c6b4044b2245f9b7ff8d2f60d6261a6b9fd40ef512b9900edca16f,2021-06,Derbyshire Constabulary,Derbyshire Constabulary,-1.898690,53.257311,On or near Victoria Park Road,E01019759,High Peak 011C,Public order,Unable to prosecute suspect,
02e3e9f6ca458184a948cb474d61a982d7bcf91340f8cc3ae49111df69921ddd,2021-06,Derbyshire Constabulary,Derbyshire Constabulary,-1.895559,53.256706,On or near Edensor Avenue,E01019759,High Peak 011C,Robbery,Investigation complete; no suspect identified,
02e3e9f6ca458184a948cb474d61a982d7bcf91340f8cc3ae49111df69921ddd,2021-06,Derbyshire Constabulary,Derbyshire Constabulary,-1.897508,53.256357,On or near Elizabeth Avenue,E01019759,High Peak 011C,Robbery,Status update unavailable,
fd7a492ffb0732585db6d7e3aadf9ddf951a22098896422347676b33803b98e3,2021-06,Derbyshire Constabulary,Derbyshire Constabulary,-1.898690,53.257311,On or near Victoria Park Road,E01019759,High Peak 011C,Shoplifting,Awaiting court outcome,
f9b7797ec3ca279603ed883dea11afbf17b3bd985f59456dac286a68ab022260,2021-06,Derbyshire Constabulary,Derbyshire Constabulary,-1.898690,53.257311,On or near Victoria Park Road,E01019759,High Peak 011C,Vehicle crime,Unable to prosecute suspect,
bb491d44527bd3ff3e126794e2864a658f42314c4e7d460065a9204d70ab4be1,2021-06,Derbyshire Constabulary,Derbyshire Constabulary,-1.898690,53.257311,On or near Victoria Park Road,E01019759,High Peak 011C,Violence and sexual offences,Unable to prosecute suspect,
0b35e3d9765ff62847fca772a476e77ee15dfda2a91570802b3eb8562cafe8c5,2021-06,Derbyshire Constabulary,Derbyshire Constabulary,-1.898690,53.257311,On or near Victoria Park Road,E01019759,High Peak 011C,Violence and sexual offences,Unable to prosecute suspect,
2c9ba7f1daafc2cd5baf1eb22cebc432e15367b2e64a63fd7f69381bec721c7b,2021-06,Derbyshire Constabulary,Derbyshire Constabulary,-1.898690,53.257311,On or near Victoria Park Road,E01019759,High Peak 011C,Violence and sexual offences,Unable to prosecute suspect,
6c733dd925654c1523f296bf9e020d7de00a402a80251d067a4a332294b052f8,2021-06,Derbyshire Constabulary,Derbyshire Constabulary,-1.897677,53.254820,On or near Granby Road,E01019759,High Peak 011C,Violence and sexual offences,Unable to prosecute suspect,
a5f024f5c3b65ac2685d0bb9f1ffae5229afd1f1bd9cab6389c681d3d0e3c1a3,2021-06,Derbyshire Constabulary,Derbyshire Constabulary,-1.898690,53.257311,On or near Victoria Park Road,E01019759,High Peak 011C,Violence and sexual offences,Unable to prosecute suspect,
2550405fb1bc97340a63a1528e99572b7a6ae5bc66d31399ac6b4f59dc0f22f7,2021-06,Derbyshire Constabulary,Derbyshire Constabulary,-1.894506,53.257963,On or near Cornwall Avenue,E01019759,High Peak 011C,Violence and sexual offences,Status update unavailable,
56decc49c93b5def62b689c74da6c395bbf73e6c104ebdc481cfddafb7d86b9f,2021-06,Derbyshire Constabulary,Derbyshire Constabulary,-1.897508,53.256357,On or near Elizabeth Avenue,E01019759,High Peak 011C,Violence and sexual offences,Unable to prosecute suspect,
0a08e289317f5bd48bad21dfe396a703b616e3c07302af8fc8409b30ddad2f85,2021-06,Derbyshire Constabulary,Derbyshire Constabulary,-1.894506,53.257963,On or near Cornwall Avenue,E01019759,High Peak 011C,Violence and sexual offences,Status update unavailable,
788e82227e806620fc192c695ed14a8964d82d6dd0aa010357726775c8a8ab29,2021-06,Derbyshire Constabulary,Derbyshire Constabulary,-1.894506,53.257963,On or near Cornwall Avenue,E01019759,High Peak 011C,Violence and sexual offences,Status update unavailable,
d2e5bfe2b84f454f6f9df95e58f7421e1956026ffc0f84741c315b5dcd60ef88,2021-06,Derbyshire Constabulary,Derbyshire Constabulary,-1.897677,53.254820,On or near Granby Road,E01019759,High Peak 011C,Violence and sexual offences,Unable to prosecute suspect,
aa9c3c0adaf8f217eb5eb3a7a29205b6498bdfdbde8e9a1233ac4d8a359cbe95,2021-06,Derbyshire Constabulary,Derbyshire Constabulary,-1.898690,53.257311,On or near Victoria Park Road,E01019759,High Peak 011C,Violence and sexual offences,Unable to prosecute suspect,
42b824d41025fea4ac81bbc9c0195ad8e7301f61d9768a80cb405a371008290b,2021-06,Derbyshire Constabulary,Derbyshire Constabulary,-1.898690,53.257311,On or near Victoria Park Road,E01019759,High Peak 011C,Violence and sexual offences,Unable to prosecute suspect,
6b5c184e257ca85a584fca7772246cdc491b0a787132a5e5d90d18b209602e7c,2021-06,Derbyshire Constabulary,Derbyshire Constabulary,-1.898690,53.257311,On or near Victoria Park Road,E01019759,High Peak 011C,Violence and sexual offences,Unable to prosecute suspect,
678e4a254f63fa0bad64f93cbefc2743a1213ead820967d8f756cbf8e50112d0,2021-06,Derbyshire Constabulary,Derbyshire Constabulary,-1.891567,53.258653,On or near Stone Bench Way,E01019759,High Peak 011C,Violence and sexual offences,Unable to prosecute suspect,
,2021-06,Derbyshire Constabulary,Derbyshire Constabulary,-1.897768,53.260546,On or near King'S Close,E01019760,High Peak 011D,Anti-social behaviour,,
f1830017e52b23771659fa84bd6eb98c08c031a887a021e0be0c2c521e1905a4,2021-06,Derbyshire Constabulary,Derbyshire Constabulary,-1.897960,53.261706,On or near Prince'S Road,E01019760,High Peak 011D,Public order,Awaiting court outcome,
a87ebf53f59672184dac530aa02a9aa125ad29c7acb1412f29c2ba5f9f45bdf3,2021-06,Derbyshire Constabulary,Derbyshire Constabulary,-1.900097,53.258058,On or near Lathkil Grove,E01019760,High Peak 011D,Violence and sexual offences,Unable to prosecute suspect,
,2021-06,Derbyshire Constabulary,Derbyshire Constabulary,-1.893721,53.254457,On or near Winster Square,E01019761,High Peak 011E,Anti-social behaviour,,
,2021-06,Derbyshire Constabulary,Derbyshire Constabulary,-1.893929,53.254826,On or near Alsop Way,E01019761,High Peak 011E,Anti-social behaviour,,
,2021-06,Derbyshire Constabulary,Derbyshire Constabulary,-1.895185,53.256157,On or near Chatsworth Road,E01019761,High Peak 011E,Anti-social behaviour,,
,2021-06,Derbyshire Constabulary,Derbyshire Constabulary,-1.894707,53.255519,On or near Kinder Way,E01019761,High Peak 011E,Anti-social behaviour,,
2780a705b3463584cec119056cc87fffad0806e8a114b0241e48ecafde978681,2021-06,Derbyshire Constabulary,Derbyshire Constabulary,-1.896193,53.254900,On or near Edale Grove,E01019761,High Peak 011E,Criminal damage and arson,Investigation complete; no suspect identified,
3c7b788af05583434cb16edae7ef0862de952656e3b20440097ad1638fa817a7,2021-06,Derbyshire Constabulary,Derbyshire Constabulary,-1.893929,53.254826,On or near Alsop Way,E01019761,High Peak 011E,Criminal damage and arson,Investigation complete; no suspect identified,
4e9ba2cb4d3cd1f17e15522d0f37a75699d29a5bf0e389d5ca74131dfae42d6e,2021-06,Derbyshire Constabulary,Derbyshire Constabulary,-1.894277,53.253630,On or near Baslow Grove,E01019761,High Peak 011E,Criminal damage and arson,Unable to prosecute suspect,
66fe257d99a835e9162380a47423a73b00b35acb2067a85c7e358602790f97bc,2021-06,Derbyshire Constabulary,Derbyshire Constabulary,-1.893721,53.254457,On or near Winster Square,E01019761,High Peak 011E,Criminal damage and arson,Status update unavailable,
8f408e8a222fb3461876dd133fcff90bad7048502b99260ede28cab2c58c448e,2021-06,Derbyshire Constabulary,Derbyshire Constabulary,-1.894707,53.255519,On or near Kinder Way,E01019761,High Peak 011E,Other theft,Unable to prosecute suspect,
a2e8b39e67cde2c7b9f0b01698c7661c3a35af5882c308d0d9359754853555d7,2021-06,Derbyshire Constabulary,Derbyshire Constabulary,-1.900160,53.256710,On or near Monsal Grove,E01019761,High Peak 011E,Other theft,Unable to prosecute suspect,
3a7c21d5fd9a220e8c7414a80899aa612a9bf3b971965b65f78aaf026f4529ef,2021-06,Derbyshire Constabulary,Derbyshire Constabulary,-1.893721,53.254457,On or near Winster Square,E01019761,High Peak 011E,Public order,Unable to prosecute suspect,
f9973c2be90feaab8b10ab4715a745dc7980ee8c4f22f772c7aa1ed66777e5ee,2021-06,Derbyshire Constabulary,Derbyshire Constabulary,-1.896193,53.254900,On or near Edale Grove,E01019761,High Peak 011E,Vehicle crime,Investigation complete; no suspect identified,
79f42d4b97d12b4c0ca9593872596c201788096a8d44aedba61cd0d1b2d26385,2021-06,Derbyshire Constabulary,Derbyshire Constabulary,-1.895185,53.256157,On or near Chatsworth Road,E01019761,High Peak 011E,Violence and sexual offences,Unable to prosecute suspect,
7730b6339f5c0237dfde1181fbd487819f7c0b0b4c03f8d37ac3749889472496,2021-06,Derbyshire Constabulary,Derbyshire Constabulary,-1.894707,53.255519,On or near Kinder Way,E01019761,High Peak 011E,Violence and sexual offences,Unable to prosecute suspect,
09912ff7928bc19673d76b795e81babc3c6ed2429f4489b1da229ff8f62f48c8,2021-06,Derbyshire Constabulary,Derbyshire Constabulary,-1.895986,53.253731,On or near Doveridge Grove,E01019761,High Peak 011E,Violence and sexual offences,Unable to prosecute suspect,
6fd9f28651df9d98c4cb752118a2e4c7c446028b77e2321c26d843eb89ca5608,2021-06,Derbyshire Constabulary,Derbyshire Constabulary,-1.896315,53.254037,On or near Darley Way,E01019761,High Peak 011E,Violence and sexual offences,Unable to prosecute suspect,
c000c3bbcfc688534941eee8ef8a59fcc3a63e177438de30b86796f5c9b6c634,2021-06,Derbyshire Constabulary,Derbyshire Constabulary,-1.896315,53.254037,On or near Darley Way,E01019761,High Peak 011E,Violence and sexual offences,Unable to prosecute suspect,
71af559ab52d2e0c9f80973fc6e684b9a0f5a006bdf0c774265a37a0db6e05ba,2021-06,Derbyshire Constabulary,Derbyshire Constabulary,-1.895986,53.253731,On or near Doveridge Grove,E01019761,High Peak 011E,Violence and sexual offences,Unable to prosecute suspect,
307f963733e1399745df10fc1f16fd90d72cea9a9255962a6bea31cc35c5bbf1,2021-06,Derbyshire Constabulary,Derbyshire Constabulary,-1.893721,53.254457,On or near Winster Square,E01019761,High Peak 011E,Violence and sexual offences,Status update unavailable,
4c84b07c9ded178a13316b7feff95b9bdad2c34f032d177107da74348a357f13,2021-06,Derbyshire Constabulary,Derbyshire Constabulary,-1.894277,53.253630,On or near Baslow Grove,E01019761,High Peak 011E,Violence and sexual offences,Unable to prosecute suspect,
a43946bd41febe351e34b6afb89192ce477f02436f7960fa1c17c97cf19c4c78,2021-06,Derbyshire Constabulary,Derbyshire Constabulary,-1.894277,53.253630,On or near Baslow Grove,E01019761,High Peak 011E,Violence and sexual offences,Offender given a caution,
3d6cc0936ec067400e1edf5d4c3a9a24efdb9dca24884153bf1168065a575790,2021-06,Derbyshire Constabulary,Derbyshire Constabulary,-1.896193,53.254900,On or near Edale Grove,E01019761,High Peak 011E,Violence and sexual offences,Investigation complete; no suspect identified,
f4a59b49d8ca194430ef3d04bae5d7857967e7de0ec9b99f28af7eb318a0e001,2021-06,Derbyshire Constabulary,Derbyshire Constabulary,-1.899657,53.254004,On or near Sheldon Road,E01019761,High Peak 011E,Violence and sexual offences,Unable to prosecute suspect,
ab2305742c132ddade5c632784cbe913b26878079c4c30727dc8c7f99b9faf27,2021-06,Derbyshire Constabulary,Derbyshire Constabulary,-1.895185,53.256157,On or near Chatsworth Road,E01019761,High Peak 011E,Violence and sexual offences,Unable to prosecute suspect,
ce798e865d918a64a63583e6f371e153d91577dcd0dfa7cd3572c201500d6385,2021-06,Derbyshire Constabulary,Derbyshire Constabulary,-1.895185,53.256157,On or near Chatsworth Road,E01019761,High Peak 011E,Violence and sexual offences,Unable to prosecute suspect,
e30f75cb164e239d94b2099793233c12ea82170d9b03e3e6639b597706d68ec0,2021-06,Derbyshire Constabulary,Derbyshire Constabulary,-1.896193,53.254900,On or near Edale Grove,E01019761,High Peak 011E,Other crime,Status update unavailable,
067c5708c00be3d5d312914ff0931da9b93438af77588b750a372e6c6e8afb8f,2021-06,Derbyshire Constabulary,Derbyshire Constabulary,-1.895986,53.253731,On or near Doveridge Grove,E01019761,High Peak 011E,Other crime,Unable to prosecute suspect,
,2021-06,Derbyshire Constabulary,Derbyshire Constabulary,-1.983152,53.270431,On or near Parking Area,E01019714,High Peak 012A,Anti-social behaviour,,
,2021-06,Derbyshire Constabulary,Derbyshire Constabulary,-1.935077,53.252967,On or near St John'S Road,E01019714,High Peak 012A,Anti-social behaviour,,
,2021-06,Derbyshire Constabulary,Derbyshire Constabulary,-1.931869,53.253074,On or near Cavendish Avenue,E01019714,High Peak 012A,Anti-social behaviour,,
,2021-06,Derbyshire Constabulary,Derbyshire Constabulary,-1.936210,53.226343,On or near Park/Open Space,E01019714,High Peak 012A,Anti-social behaviour,,
1ea95b20ec65fb850e2f5d0b2011302472c6dc0f7110a60ccd67aa6ff3dcd388,2021-06,Derbyshire Constabulary,Derbyshire Constabulary,-1.936210,53.226343,On or near Park/Open Space,E01019714,High Peak 012A,Burglary,Investigation complete; no suspect identified,
23f73876379e86f92ebbd115b9be4ee1df3521a9f1735b7ace5ed7ece1fd9b0a,2021-06,Derbyshire Constabulary,Derbyshire Constabulary,-1.983152,53.270431,On or near Parking Area,E01019714,High Peak 012A,Criminal damage and arson,Investigation complete; no suspect identified,
04f8d2ea3aab2a82f162f3a995a0f9d45901fc82c5d12c91bfc3d60e8de27519,2021-06,Derbyshire Constabulary,Derbyshire Constabulary,-1.982429,53.278853,On or near Parking Area,E01019714,High Peak 012A,Public order,Investigation complete; no suspect identified,
a870e425f094e478a91d1be8120f9e2b5b107802da707b10d8c68f547d689bde,2021-06,Derbyshire Constabulary,Derbyshire Constabulary,-1.940929,53.248027,On or near Wyatville Avenue,E01019714,High Peak 012A,Vehicle crime,Unable to prosecute suspect,
e530c8b740e4008a8753d7eb3a2d52b80139d6803b8dcedd9a7c42fc214b2014,2021-06,Derbyshire Constabulary,Derbyshire Constabulary,-1.957355,53.277193,On or near Old Longhill Road,E01019714,High Peak 012A,Violence and sexual offences,Unable to prosecute suspect,
fdbcdec753c256495bc5f1b8c9c41ad3394e04083c838af0fc07ee4cce711371,2021-06,Derbyshire Constabulary,Derbyshire Constabulary,-1.942231,53.249439,On or near Anncroft Road,E01019714,High Peak 012A,Violence and sexual offences,Investigation complete; no suspect identified,
a056a61710ad8683ee698bf9886733bd329e6a906def63d171bd849cd7c80458,2021-06,Derbyshire Constabulary,Derbyshire Constabulary,-1.943463,53.257934,On or near Bishop'S Lane,E01019714,High Peak 012A,Violence and sexual offences,Status update unavailable,
53e4d600c3005b0b7b71a712b60061c6e08547cb61a90add214c60a1dc8ae1d4,2021-06,Derbyshire Constabulary,Derbyshire Constabulary,-1.939163,53.246066,On or near Stable Lane,E01019714,High Peak 012A,Violence and sexual offences,Status update unavailable,
,2021-06,Derbyshire Constabulary,Derbyshire Constabulary,-1.904386,53.243706,On or near Berwick Road,E01019725,High Peak 012B,Anti-social behaviour,,
,2021-06,Derbyshire Constabulary,Derbyshire Constabulary,-1.906458,53.242216,On or near Kendal Close,E01019725,High Peak 012B,Anti-social behaviour,,
53a1f8407ab435bba49f80a4295edf4ac883bba14026d49213c73bf9d2a09297,2021-06,Derbyshire Constabulary,Derbyshire Constabulary,-1.908148,53.243377,On or near Trent Avenue,E01019725,High Peak 012B,Public order,Status update unavailable,
f056dcb675e6a00cb831b01de80ae06fe9c0c9b36e63a288725a8df9a7accba6,2021-06,Derbyshire Constabulary,Derbyshire Constabulary,-1.908148,53.243377,On or near Trent Avenue,E01019725,High Peak 012B,Violence and sexual offences,Unable to prosecute suspect,
f6ce636dfb5920014d21bdf8f587071bf2cdd1190c38bc99d2d212a1d35ec726,2021-06,Derbyshire Constabulary,Derbyshire Constabulary,-1.908148,53.243377,On or near Trent Avenue,E01019725,High Peak 012B,Violence and sexual offences,Unable to prosecute suspect,
791a9e605c54ebf6fe3536e05d0994e49e42a8df24f9d83d69779ae84a229aea,2021-06,Derbyshire Constabulary,Derbyshire Constabulary,-1.851480,53.246475,On or near Park/Open Space,E01019725,High Peak 012B,Violence and sexual offences,Investigation complete; no suspect identified,
b848d69399a0586cceb2e43053c7f51d37b6217ba3b92daa404d557c350dc6a9,2021-06,Derbyshire Constabulary,Derbyshire Constabulary,-1.904509,53.242592,On or near Hastings Road,E01019725,High Peak 012B,Other crime,Unable to prosecute suspect,
,2021-06,Derbyshire Constabulary,Derbyshire Constabulary,-1.910169,53.237158,On or near Grin Low Road,E01019726,High Peak 012C,Anti-social behaviour,,
,2021-06,Derbyshire Constabulary,Derbyshire Constabulary,-1.902877,53.235193,On or near Solomans Court,E01019726,High Peak 012C,Anti-social behaviour,,
,2021-06,Derbyshire Constabulary,Derbyshire Constabulary,-1.904252,53.236875,On or near Burlow Avenue,E01019726,High Peak 012C,Anti-social behaviour,,
,2021-06,Derbyshire Constabulary,Derbyshire Constabulary,-1.907563,53.237057,On or near Grinlow Close,E01019726,High Peak 012C,Anti-social behaviour,,
c623bf8063e0d2498c8eb043fc2c0bcda332da781d7db1e728cc685c3da56b59,2021-06,Derbyshire Constabulary,Derbyshire Constabulary,-1.908661,53.241966,On or near Ferneydale Avenue,E01019726,High Peak 012C,Criminal damage and arson,Unable to prosecute suspect,
b42f42485f1117ea25627061121f3b5cb2d4637c6a4d53ff1bb099d41534c95d,2021-06,Derbyshire Constabulary,Derbyshire Constabulary,-1.897296,53.232339,On or near Dolby Road,E01019726,High Peak 012C,Other theft,Investigation complete; no suspect identified,
b8b29de01d11406172dd5227f93b0bc573b332afe9e3921b679309794ec1b9df,2021-06,Derbyshire Constabulary,Derbyshire Constabulary,-1.910169,53.237158,On or near Grin Low Road,E01019726,High Peak 012C,Public order,Unable to prosecute suspect,
8cd05747a79e44d80b8461b36a5f647821e255bf72ab2a8bc3fd28b1b21a3074,2021-06,Derbyshire Constabulary,Derbyshire Constabulary,-1.907563,53.237057,On or near Grinlow Close,E01019726,High Peak 012C,Public order,Unable to prosecute suspect,
fc09d0b2c7a239cbae3060896f8aa545cba70b204f5a300a60094cb80133e733,2021-06,Derbyshire Constabulary,Derbyshire Constabulary,-1.904114,53.238115,On or near Harris Road,E01019726,High Peak 012C,Violence and sexual offences,Unable to prosecute suspect,
3c4ae4797968d79981c8bf31246372631f89dcee74a5f89962f199011df4d7fd,2021-06,Derbyshire Constabulary,Derbyshire Constabulary,-1.902877,53.235193,On or near Solomans Court,E01019726,High Peak 012C,Violence and sexual offences,Investigation complete; no suspect identified,
071df17a98656f88881e830f95d8c8bc1d6fe09418aeef2545a28549388b8e33,2021-06,Derbyshire Constabulary,Derbyshire Constabulary,-1.904114,53.238115,On or near Harris Road,E01019726,High Peak 012C,Violence and sexual offences,Unable to prosecute suspect,
c07969edc7317cff467f4bdd52ceaddaed12b3b651774f1915c04d0278944b32,2021-06,Derbyshire Constabulary,Derbyshire Constabulary,-1.897296,53.232339,On or near Dolby Road,E01019726,High Peak 012C,Violence and sexual offences,Status update unavailable,
b2ca4ca2c961a96ab600944c4942697a07f4c4d4c308f369b767629add087c51,2021-06,Derbyshire Constabulary,Derbyshire Constabulary,-1.902877,53.235193,On or near Solomans Court,E01019726,High Peak 012C,Violence and sexual offences,Investigation complete; no suspect identified,
,2021-06,Derbyshire Constabulary,Derbyshire Constabulary,-1.917960,53.253227,On or near West Road,E01019762,High Peak 012D,Anti-social behaviour,,
,2021-06,Derbyshire Constabulary,Derbyshire Constabulary,-1.925654,53.249852,On or near Parking Area,E01019762,High Peak 012D,Anti-social behaviour,,
e30b9fb7fe1d51802702140f9446c271a24d811767624a38f596207583e1bcfe,2021-06,Derbyshire Constabulary,Derbyshire Constabulary,-1.919537,53.251520,On or near College Road,E01019762,High Peak 012D,Burglary,Investigation complete; no suspect identified,
,2021-06,Derbyshire Constabulary,Derbyshire Constabulary,-1.688816,53.348741,On or near Fidlers Well,E01019735,High Peak 013A,Anti-social behaviour,,
,2021-06,Derbyshire Constabulary,Derbyshire Constabulary,-1.703977,53.361166,On or near Lydgate Lane,E01019735,High Peak 013A,Anti-social behaviour,,
,2021-06,Derbyshire Constabulary,Derbyshire Constabulary,-1.687101,53.346930,On or near Brentwood Avenue,E01019735,High Peak 013A,Anti-social behaviour,,
,2021-06,Derbyshire Constabulary,Derbyshire Constabulary,-1.688816,53.348741,On or near Fidlers Well,E01019735,High Peak 013A,Anti-social behaviour,,
9efbcc4b14ef6c124f912f2776b90568c84cd8af550dcac406fe1b09a0da4a22,2021-06,Derbyshire Constabulary,Derbyshire Constabulary,-1.700850,53.361347,On or near Steward Gate,E01019735,High Peak 013A,Burglary,Investigation complete; no suspect identified,
77e3c6d1b6785a684acd770198c905561542894b73431004917cfa6767513fe7,2021-06,Derbyshire Constabulary,Derbyshire Constabulary,-1.693872,53.339145,On or near Hope Road,E01019735,High Peak 013A,Other theft,Investigation complete; no suspect identified,
d9e94cbceb4f506d244d5975e9f83c13e3d91893c6a9ee95dabc4c62aae40e8d,2021-06,Derbyshire Constabulary,Derbyshire Constabulary,-1.696930,53.369535,On or near Parking Area,E01019735,High Peak 013A,Other theft,Unable to prosecute suspect,
db75b26beb887a812b87efe5925673126e42bda88ab114486823132ab1870947,2021-06,Derbyshire Constabulary,Derbyshire Constabulary,-1.698122,53.366769,On or near A6013,E01019735,High Peak 013A,Other theft,Unable to prosecute suspect,
ec259a0138047c0e648aa229e56e0cea6a8daf76eff237613cdebd4a1ba8c2aa,2021-06,Derbyshire Constabulary,Derbyshire Constabulary,-1.703375,53.341713,On or near Hope Road,E01019735,High Peak 013A,Other theft,Investigation complete; no suspect identified,
,2021-06,Derbyshire Constabulary,Derbyshire Constabulary,-1.789978,53.402705,On or near Snake Road,E01019736,High Peak 013B,Anti-social behaviour,,
,2021-06,Derbyshire Constabulary,Derbyshire Constabulary,-1.742211,53.404652,On or near Park/Open Space,E01019736,High Peak 013B,Anti-social behaviour,,
,2021-06,Derbyshire Constabulary,Derbyshire Constabulary,-1.823866,53.307417,On or near Hernstone Lane,E01019736,High Peak 013B,Anti-social behaviour,,
,2021-06,Derbyshire Constabulary,Derbyshire Constabulary,-1.776482,53.343140,On or near Cross Street,E01019736,High Peak 013B,Anti-social behaviour,,
,2021-06,Derbyshire Constabulary,Derbyshire Constabulary,-1.816777,53.364835,On or near Pedestrian Subway,E01019736,High Peak 013B,Anti-social behaviour,,
865798020332eec04a5d4deb83d2966171b4a0d2dc0a23d692e6ad494ced0a3e,2021-06,Derbyshire Constabulary,Derbyshire Constabulary,-1.814676,53.367654,On or near Park/Open Space,E01019736,High Peak 013B,Bicycle theft,Investigation complete; no suspect identified,
597d1546bd9c76617800cbe45199b776d77eec7b31cfccb3f97e824997277949,2021-06,Derbyshire Constabulary,Derbyshire Constabulary,-1.725082,53.341082,On or near Stretfield Road,E01019736,High Peak 013B,Bicycle theft,Investigation complete; no suspect identified,
2b14e9822ac428375fe2ad57625beeaacee5654441cec147dd32b53e604e5285,2021-06,Derbyshire Constabulary,Derbyshire Constabulary,-1.828903,53.308773,On or near Sports/Recreation Area,E01019736,High Peak 013B,Burglary,Unable to prosecute suspect,
abc2c016eff9a2e66b7d796e63ff817ace2b1461b8d02bdd9e781f0f34d220fe,2021-06,Derbyshire Constabulary,Derbyshire Constabulary,-1.814899,53.364715,On or near Parking Area,E01019736,High Peak 013B,Burglary,Investigation complete; no suspect identified,
25debeddc7485654caed0931a6a2a644755ebf142344716866f631b2749fbca3,2021-06,Derbyshire Constabulary,Derbyshire Constabulary,-1.816777,53.364835,On or near Pedestrian Subway,E01019736,High Peak 013B,Burglary,Investigation complete; no suspect identified,
8eea89f6780ca4eb836a54121b44f54827d2c9ef08d7edfa0e97bf0baf16e91f,2021-06,Derbyshire Constabulary,Derbyshire Constabulary,-1.885331,53.309083,On or near Higher Hallsteads,E01019736,High Peak 013B,Drugs,Offender given a drugs possession warning,
1e69ee978a95ce6d59611626084653648f8f49bc38d6b9549ad9532792d0c0f1,2021-06,Derbyshire Constabulary,Derbyshire Constabulary,-1.885331,53.309083,On or near Higher Hallsteads,E01019736,High Peak 013B,Drugs,Offender given a drugs possession warning,
d1ef43802d15a861fcb3af25e14246d7c4398303fb7e3c77e627a4a514b5bc18,2021-06,Derbyshire Constabulary,Derbyshire Constabulary,-1.885331,53.309083,On or near Higher Hallsteads,E01019736,High Peak 013B,Drugs,Status update unavailable,
1b61415afd17df1ab717e805bb58e07e2cfdad6758230de559b98b66d1ce4c69,2021-06,Derbyshire Constabulary,Derbyshire Constabulary,-1.831660,53.309900,On or near Church Close,E01019736,High Peak 013B,Other theft,Unable to prosecute suspect,
562cf8c69e32d5a14fc9e50e2d9e6dba3b5d033cdaeeb36c384669070b576f30,2021-06,Derbyshire Constabulary,Derbyshire Constabulary,-1.788488,53.341957,On or near Arthurs Way,E01019736,High Peak 013B,Public order,Investigation complete; no suspect identified,
7e1c28e60c3313cee301d5bae02ac82f184d5a624cd01dc8aec2fa45ee5a7c88,2021-06,Derbyshire Constabulary,Derbyshire Constabulary,-1.776482,53.343140,On or near Cross Street,E01019736,High Peak 013B,Public order,Investigation complete; no suspect identified,
2542c1c791a947fd179c1341f5418b0e98c016ea28807407e8c4a50d29dee7a7,2021-06,Derbyshire Constabulary,Derbyshire Constabulary,-1.830428,53.359597,On or near Parking Area,E01019736,High Peak 013B,Vehicle crime,Investigation complete; no suspect identified,
737cd66ac74b5e5bad1edb5f5b66ea289bca8cafa0a2d5cef66818607c57e762,2021-06,Derbyshire Constabulary,Derbyshire Constabulary,-1.814899,53.364715,On or near Parking Area,E01019736,High Peak 013B,Vehicle crime,Investigation complete; no suspect identified,
0f1f11b5a030621cfe9055a29db16b34af86d4ce0d42a7b63448b5715bde1228,2021-06,Derbyshire Constabulary,Derbyshire Constabulary,-1.789978,53.402705,On or near Snake Road,E01019736,High Peak 013B,Vehicle crime,Investigation complete; no suspect identified,
62c9161db1669920f79e2ace854770119474765fe120cbb8a84c7776b61219e7,2021-06,Derbyshire Constabulary,Derbyshire Constabulary,-1.789978,53.402705,On or near Snake Road,E01019736,High Peak 013B,Vehicle crime,Investigation complete; no suspect identified,
4bf6cd9dd1a6e21ab613b1eff61c87c178ca9d1536399f9b1db306d76198920a,2021-06,Derbyshire Constabulary,Derbyshire Constabulary,-1.814899,53.364715,On or near Parking Area,E01019736,High Peak 013B,Vehicle crime,Investigation complete; no suspect identified,
5d6d412b84b7503d18d9d1e02f4f1b1c52dc4d26ed47b99f61fea321638bfb02,2021-06,Derbyshire Constabulary,Derbyshire Constabulary,-1.814676,53.367654,On or near Park/Open Space,E01019736,High Peak 013B,Vehicle crime,Investigation complete; no suspect identified,
67376372ceb604c8a683cbee832c60233cf40e02c39a56a9d0a4100dc9001fd5,2021-06,Derbyshire Constabulary,Derbyshire Constabulary,-1.778439,53.342164,On or near Park/Open Space,E01019736,High Peak 013B,Violence and sexual offences,Unable to prosecute suspect,
da1fac91232ea29ed29aa042bfa06ff68ee17ea175f341b69dae6ef1742586d7,2021-06,Derbyshire Constabulary,Derbyshire Constabulary,-1.814676,53.367654,On or near Park/Open Space,E01019736,High Peak 013B,Violence and sexual offences,Status update unavailable,
,2021-06,Derbyshire Constabulary,Derbyshire Constabulary,-1.775184,53.341393,On or near Bargate,E01019737,High Peak 013C,Anti-social behaviour,,
946b3010c5ec2c1b6b7893af2c2484048424929b3090aebb7cc270913038b756,2021-06,Derbyshire Constabulary,Derbyshire Constabulary,-1.748011,53.349717,On or near Parking Area,E01019737,High Peak 013C,Public order,Unable to prosecute suspect,
,2021-06,Derbyshire Constabulary,Derbyshire Constabulary,-1.887151,53.278882,On or near Waterswallows Lane,E01019742,High Peak 013D,Anti-social behaviour,,
,2021-06,Derbyshire Constabulary,Derbyshire Constabulary,-1.876788,53.273749,On or near Waterswallows Road,E01019742,High Peak 013D,Anti-social behaviour,,
,2021-06,Derbyshire Constabulary,Derbyshire Constabulary,-1.875797,53.284525,On or near Batham Gate Road,E01019742,High Peak 013D,Anti-social behaviour,,
,2021-06,Derbyshire Constabulary,Derbyshire Constabulary,-1.885303,53.291564,On or near Park/Open Space,E01019742,High Peak 013D,Anti-social behaviour,,
,2021-06,Derbyshire Constabulary,Derbyshire Constabulary,-1.876788,53.273749,On or near Waterswallows Road,E01019742,High Peak 013D,Anti-social behaviour,,
95ff5c054098c2ef271c6de0a08e7e6185c5d7d83e82b9cd3083d350a489104d,2021-06,Derbyshire Constabulary,Derbyshire Constabulary,-1.876788,53.273749,On or near Waterswallows Road,E01019742,High Peak 013D,Drugs,Status update unavailable,
a64a5aa097e4a2ed11f8a4d7e7c63c235dcae8b49dab967345c16c10592bf65e,2021-06,Derbyshire Constabulary,Derbyshire Constabulary,-1.876788,53.273749,On or near Waterswallows Road,E01019742,High Peak 013D,Public order,Status update unavailable,
6bd712444e5dc7d3b36ab6d99eaddf844eb228085c67706ce02fabfbee950d6d,2021-06,Derbyshire Constabulary,Derbyshire Constabulary,-1.876788,53.273749,On or near Waterswallows Road,E01019742,High Peak 013D,Violence and sexual offences,Status update unavailable,
78ac7584252f6638d8733def9c0ccac31db5fa90a317e01a904ea82ad06c5abd,2021-06,Derbyshire Constabulary,Derbyshire Constabulary,-1.792706,53.255700,On or near B6049,E01019742,High Peak 013D,Violence and sexual offences,Investigation complete; no suspect identified,
f6e8050eec44eb5b865fbf4f2bef1235a478055f25176c59773d8d22023249e8,2021-06,Derbyshire Constabulary,Derbyshire Constabulary,-1.875797,53.284525,On or near Batham Gate Road,E01019742,High Peak 013D,Violence and sexual offences,Unable to prosecute suspect,
,2021-06,Derbyshire Constabulary,Derbyshire Constabulary,-1.856400,53.334705,On or near Rushup Lane,E01019718,High Peak 013E,Anti-social behaviour,,
,2021-06,Derbyshire Constabulary,Derbyshire Constabulary,-1.904272,53.321899,On or near Burdekin Close,E01019718,High Peak 013E,Anti-social behaviour,,
,2021-06,Derbyshire Constabulary,Derbyshire Constabulary,-1.898878,53.323774,On or near Buxton Road,E01019718,High Peak 013E,Anti-social behaviour,,
,2021-06,Derbyshire Constabulary,Derbyshire Constabulary,-1.910353,53.328574,On or near Brook Fold,E01019718,High Peak 013E,Anti-social behaviour,,
54eddaaf84d8ef98429f344c0f27471ef6cc43ca05dc19547b7d61ac021bc5b5,2021-06,Derbyshire Constabulary,Derbyshire Constabulary,-1.905123,53.323994,On or near Sports/Recreation Area,E01019718,High Peak 013E,Criminal damage and arson,Offender given a caution,
281a41a0b0d7e70a75f3c5bdebbc9440932eb6ce0480cabb652519b4949908de,2021-06,Derbyshire Constabulary,Derbyshire Constabulary,-1.905123,53.323994,On or near Sports/Recreation Area,E01019718,High Peak 013E,Drugs,Status update unavailable,
b493aa79ea356a340f420708ea44a86be6d8fb47e9970037f5cebb2387bbf0e2,2021-06,Derbyshire Constabulary,Derbyshire Constabulary,-1.905123,53.323994,On or near Sports/Recreation Area,E01019718,High Peak 013E,Public order,Offender given a caution,
b50ee02b26f2c740f7bf4398d302100f32f260f4457cbe1a0989b66e81d69c9e,2021-06,Derbyshire Constabulary,Derbyshire Constabulary,-1.910171,53.329778,On or near Foresters Way,E01019718,High Peak 013E,Public order,Investigation complete; no suspect identified,
efa90ac03104df99ecd5673709859d9f5b936d56ee2606b7f0da95ea7bf1b371,2021-06,Derbyshire Constabulary,Derbyshire Constabulary,-1.907373,53.325201,On or near Hayfield Road East,E01019718,High Peak 013E,Vehicle crime,Investigation complete; no suspect identified,
b7001da4589653955ea9d58a20afeae07725f7a85ad9af9a2278698ce49a2b72,2021-06,Derbyshire Constabulary,Derbyshire Constabulary,-1.901866,53.323677,On or near Netherfield Road,E01019718,High Peak 013E,Violence and sexual offences,Investigation complete; no suspect identified,
a7d9d64288a08e097012bfadf193a876633d1260ed9dce4e6ae06b04b89e3bcc,2021-06,Derbyshire Constabulary,Derbyshire Constabulary,-1.907467,53.323412,On or near Heyworth Road,E01019718,High Peak 013E,Violence and sexual offences,Unable to prosecute suspect,
c46a6b72e9698961bd11d63987b797f986e5a23cbcf27ea5f064f51931e9fbc3,2021-06,Derbyshire Constabulary,Derbyshire Constabulary,-1.900032,53.318417,On or near Ashbourne Lane,E01019718,High Peak 013E,Violence and sexual offences,Unable to prosecute suspect,
09ffc57ffa73b37d2e463f92e3aa7509e9ac23cb11dca192fc1a8fee7d31ebc2,2021-06,Derbyshire Constabulary,Derbyshire Constabulary,-1.907467,53.323412,On or near Heyworth Road,E01019718,High Peak 013E,Violence and sexual offences,Unable to prosecute suspect,
b1ce0e3f333ab71340cff6b6de516ddabe05e62558c99eb7d6b4e947d8633d47,2021-06,Derbyshire Constabulary,Derbyshire Constabulary,-1.903432,53.321503,On or near Johnson Way,E01019718,High Peak 013E,Violence and sexual offences,Unable to prosecute suspect,
2ccef99e618408214c047f978fa1f7b8ad64dd1703fe7550ac7e984214cedfc8,2021-06,Derbyshire Constabulary,Derbyshire Constabulary,-1.905123,53.323994,On or near Sports/Recreation Area,E01019718,High Peak 013E,Violence and sexual offences,Unable to prosecute suspect,
,2021-06,Derbyshire Constabulary,Derbyshire Constabulary,-1.914507,53.323786,On or near Church Brow,E01019719,High Peak 013F,Anti-social behaviour,,
,2021-06,Derbyshire Constabulary,Derbyshire Constabulary,-1.914507,53.323786,On or near Church Brow,E01019719,High Peak 013F,Anti-social behaviour,,
,2021-06,Derbyshire Constabulary,Derbyshire Constabulary,-1.918127,53.322808,On or near Cross Street,E01019719,High Peak 013F,Anti-social behaviour,,
,2021-06,Derbyshire Constabulary,Derbyshire Constabulary,-1.918127,53.322808,On or near Cross Street,E01019719,High Peak 013F,Anti-social behaviour,,
,2021-06,Derbyshire Constabulary,Derbyshire Constabulary,-1.918127,53.322808,On or near Cross Street,E01019719,High Peak 013F,Anti-social behaviour,,
,2021-06,Derbyshire Constabulary,Derbyshire Constabulary,-1.911031,53.320493,On or near Eaves Avenue,E01019719,High Peak 013F,Anti-social behaviour,,
,2021-06,Derbyshire Constabulary,Derbyshire Constabulary,-1.912515,53.328701,On or near Hayfield Road,E01019719,High Peak 013F,Anti-social behaviour,,
,2021-06,Derbyshire Constabulary,Derbyshire Constabulary,-1.911031,53.320493,On or near Eaves Avenue,E01019719,High Peak 013F,Anti-social behaviour,,
,2021-06,Derbyshire Constabulary,Derbyshire Constabulary,-1.914507,53.323786,On or near Church Brow,E01019719,High Peak 013F,Anti-social behaviour,,
,2021-06,Derbyshire Constabulary,Derbyshire Constabulary,-1.912515,53.328701,On or near Hayfield Road,E01019719,High Peak 013F,Anti-social behaviour,,
d69d8a4df244d925a52afbe14316b8a539a341c358fbc8e7cddcc5a5a3ab69d6,2021-06,Derbyshire Constabulary,Derbyshire Constabulary,-1.911445,53.323442,On or near Parking Area,E01019719,High Peak 013F,Burglary,Investigation complete; no suspect identified,
57b9b5556a1f4107eae678bcb263ae53c5533908c9ab8c9d97fa98521dcf3701,2021-06,Derbyshire Constabulary,Derbyshire Constabulary,-1.918127,53.322808,On or near Cross Street,E01019719,High Peak 013F,Criminal damage and arson,Investigation complete; no suspect identified,
52531fb30be19c78018bb70b196d48bf4c954dd070823da761c5c1fd66e1b530,2021-06,Derbyshire Constabulary,Derbyshire Constabulary,-1.912396,53.320989,On or near Park Crescent,E01019719,High Peak 013F,Criminal damage and arson,Unable to prosecute suspect,
035fc3dbee64a33e170abb3274ea60e302c2253236b0466d955a6a16b50ce50a,2021-06,Derbyshire Constabulary,Derbyshire Constabulary,-1.911784,53.326345,On or near Carriers Meadow,E01019719,High Peak 013F,Public order,Unable to prosecute suspect,
5b923557c8d3066600c9c41444ee702f4ddfe7418f2e9c72845980afaa9823ce,2021-06,Derbyshire Constabulary,Derbyshire Constabulary,-1.915513,53.323580,On or near Market Place,E01019719,High Peak 013F,Vehicle crime,Investigation complete; no suspect identified,
0ccede8ec183793b38cc0bf3b6c8f91aa0f2a59c177a3ecabfd076bddd0e0f1c,2021-06,Derbyshire Constabulary,Derbyshire Constabulary,-1.911257,53.327424,On or near Wheatfields,E01019719,High Peak 013F,Violence and sexual offences,Unable to prosecute suspect,
666b947d52ca413a2ca2c583737238a215adfa7e552cd0bee463251b7099df49,2021-06,Derbyshire Constabulary,Derbyshire Constabulary,-1.911031,53.320493,On or near Eaves Avenue,E01019719,High Peak 013F,Violence and sexual offences,Unable to prosecute suspect,
625d5934578ceaa2a1521a5cdd26c596f20edbcf034733d5487da2ef54faad1c,2021-06,Derbyshire Constabulary,Derbyshire Constabulary,-1.912396,53.320989,On or near Park Crescent,E01019719,High Peak 013F,Violence and sexual offences,Unable to prosecute suspect,
12ddb2bba4ff5fccdcf6388e8ec22b63aa0f35aae6b81f1b9c5c8f4930981473,2021-06,Derbyshire Constabulary,Derbyshire Constabulary,-1.912396,53.320989,On or near Park Crescent,E01019719,High Peak 013F,Violence and sexual offences,Unable to prosecute suspect,
bc44202b8af04d7eb1b2070f03db290d2cf1b590a69206cf138baf23ce014f78,2021-06,Derbyshire Constabulary,Derbyshire Constabulary,-1.911257,53.327424,On or near Wheatfields,E01019719,High Peak 013F,Violence and sexual offences,Unable to prosecute suspect,
11afe6904c179c4f18502d9cce7388939f89d84847b9d36b2839b080770c1a9b,2021-06,Derbyshire Constabulary,Derbyshire Constabulary,-1.912396,53.320989,On or near Park Crescent,E01019719,High Peak 013F,Violence and sexual offences,Unable to prosecute suspect,
060c7cf3e2227c47484adc5c747fa6d8ed868dfa7ab88e637e98ad6135915ec1,2021-06,Derbyshire Constabulary,Derbyshire Constabulary,-1.911172,53.324754,On or near Petrol Station,E01019719,High Peak 013F,Violence and sexual offences,Unable to prosecute suspect,
90d77fcac331e9c917244d8e54beef43f9cd58b61bbdfdacf5521b1b44421a29,2021-06,Derbyshire Constabulary,Derbyshire Constabulary,-1.911257,53.327424,On or near Wheatfields,E01019719,High Peak 013F,Violence and sexual offences,Unable to prosecute suspect,
,2021-06,Derbyshire Constabulary,Derbyshire Constabulary,-1.919636,53.318819,On or near Cromwell Avenue,E01019720,High Peak 013G,Anti-social behaviour,,
,2021-06,Derbyshire Constabulary,Derbyshire Constabulary,-1.919636,53.318819,On or near Cromwell Avenue,E01019720,High Peak 013G,Anti-social behaviour,,
,2021-06,Derbyshire Constabulary,Derbyshire Constabulary,-1.915279,53.320748,On or near Rowton Grange Road,E01019720,High Peak 013G,Anti-social behaviour,,
,2021-06,Derbyshire Constabulary,Derbyshire Constabulary,-1.919636,53.318819,On or near Cromwell Avenue,E01019720,High Peak 013G,Anti-social behaviour,,
,2021-06,Derbyshire Constabulary,Derbyshire Constabulary,-1.919636,53.318819,On or near Cromwell Avenue,E01019720,High Peak 013G,Anti-social behaviour,,
,2021-06,Derbyshire Constabulary,Derbyshire Constabulary,-1.915279,53.320748,On or near Rowton Grange Road,E01019720,High Peak 013G,Anti-social behaviour,,
,2021-06,Derbyshire Constabulary,Derbyshire Constabulary,-1.922932,53.322218,On or near Crossings Avenue,E01019720,High Peak 013G,Anti-social behaviour,,
,2021-06,Derbyshire Constabulary,Derbyshire Constabulary,-1.915279,53.320748,On or near Rowton Grange Road,E01019720,High Peak 013G,Anti-social behaviour,,
7f9fa611823cf29e181c0b7446fd9510f09ecc7e08cb9a65371c1f4985a05dbe,2021-06,Derbyshire Constabulary,Derbyshire Constabulary,-1.924584,53.321923,On or near Eccles Fold,E01019720,High Peak 013G,Other theft,Investigation complete; no suspect identified,
6ee622b645a4f1c54428ad1a54cd072c42a64f594ba1a87fde3f361c74d3a0a2,2021-06,Derbyshire Constabulary,Derbyshire Constabulary,-1.916639,53.323383,On or near Supermarket,E01019720,High Peak 013G,Public order,Investigation complete; no suspect identified,
facf22830ec930483b47867f7c93b7bc5a75dc853f8f8ebcff63aae9a01bba80,2021-06,Derbyshire Constabulary,Derbyshire Constabulary,-1.920774,53.319952,On or near Laneside Close,E01019720,High Peak 013G,Robbery,Status update unavailable,
5b984ab27a0e7bd3c606bf9ef5e141c14330ef1842cddd7b589b4d45febd6d39,2021-06,Derbyshire Constabulary,Derbyshire Constabulary,-1.916639,53.323383,On or near Supermarket,E01019720,High Peak 013G,Violence and sexual offences,Awaiting court outcome,
e08cb666c58b86141cc7c8581faa07331b10a6b89cc3aa6070d8e4247e009a0b,2021-06,Derbyshire Constabulary,Derbyshire Constabulary,-1.928096,53.322509,On or near Nearwell Close,E01019720,High Peak 013G,Violence and sexual offences,Unable to prosecute suspect,
,2021-06,Derbyshire Constabulary,Derbyshire Constabulary,-1.916763,53.321396,On or near Sports/Recreation Area,E01019721,High Peak 013H,Anti-social behaviour,,
,2021-06,Derbyshire Constabulary,Derbyshire Constabulary,-1.915379,53.315292,On or near Bridgeway,E01019721,High Peak 013H,Anti-social behaviour,,
,2021-06,Derbyshire Constabulary,Derbyshire Constabulary,-1.916763,53.321396,On or near Sports/Recreation Area,E01019721,High Peak 013H,Anti-social behaviour,,
f4c9c2608d0b229d2d0039563651ca8192bc088375ef955e95af9c50454246fb,2021-06,Derbyshire Constabulary,Derbyshire Constabulary,-1.917432,53.317019,On or near Alston Road,E01019721,High Peak 013H,Criminal damage and arson,Unable to prosecute suspect,
82f1c0c0b977e35c9929b44350a5d3e63093a2095b6a5316647f7088b3081b2c,2021-06,Derbyshire Constabulary,Derbyshire Constabulary,-1.927561,53.319201,On or near Greggs Avenue,E01019721,High Peak 013H,Criminal damage and arson,Unable to prosecute suspect,
9e4d043f8d249effa3adb826194540cd34f368453a0d4357584f0530b8388001,2021-06,Derbyshire Constabulary,Derbyshire Constabulary,-1.916593,53.316416,On or near The Hawthorns,E01019721,High Peak 013H,Criminal damage and arson,Investigation complete; no suspect identified,
6f73bd6b2020cca7b517d007f28ba64651fec737fb503fa6d6a5902f180452b6,2021-06,Derbyshire Constabulary,Derbyshire Constabulary,-1.917432,53.317019,On or near Alston Road,E01019721,High Peak 013H,Violence and sexual offences,Unable to prosecute suspect,
4e5efe8ed0ee30e3eabf49b721da0f7d0dc6977f2b050e3d1cf1dba34009ecdb,2021-06,Derbyshire Constabulary,Derbyshire Constabulary,-1.917432,53.317019,On or near Alston Road,E01019721,High Peak 013H,Violence and sexual offences,Unable to prosecute suspect,
,2021-06,Derbyshire Constabulary,Derbyshire Constabulary,-1.890034,53.301096,On or near Meadow Close,E01019741,High Peak 013I,Anti-social behaviour,,
,2021-06,Derbyshire Constabulary,Derbyshire Constabulary,-1.885934,53.302369,On or near Hallsteads,E01019741,High Peak 013I,Anti-social behaviour,,
,2021-06,Derbyshire Constabulary,Derbyshire Constabulary,-1.892371,53.302528,On or near Highfield Avenue,E01019741,High Peak 013I,Anti-social behaviour,,
fdcaa226a2c18eef2b5431de5826a83e355539f367da1a7784919ebca75abcfe,2021-06,Derbyshire Constabulary,Derbyshire Constabulary,-1.888102,53.299782,On or near Horseshoe Avenue,E01019741,High Peak 013I,Violence and sexual offences,Status update unavailable,
83be8b7eddae3399509120a3b1577b0aafc983b5169c1671bcb98bd0e9ccc917,2021-06,Derbyshire Constabulary,Derbyshire Constabulary,-1.892371,53.302528,On or near Highfield Avenue,E01019741,High Peak 013I,Violence and sexual offences,Investigation complete; no suspect identified,
9b22b242a3efec7ac5c33fa7fc04f047f61a2b88c6324ea487d11d476bdf4899,2021-06,Derbyshire Constabulary,Derbyshire Constabulary,-1.892371,53.302528,On or near Highfield Avenue,E01019741,High Peak 013I,Violence and sexual offences,Unable to prosecute suspect,
10219dfa75b4816f757347772b74ad49f80083441c95c78e415fadc36ad7e2c9,2021-06,Derbyshire Constabulary,Derbyshire Constabulary,-1.823543,53.662118,On or near Zion Close,E01011201,Kirklees 030A,Other crime,Status update unavailable,
4979101333d668e853708aa96b9fbbefdc927b6ee22bd42b5c0d0a6346e46a93,2021-06,Derbyshire Constabulary,Derbyshire Constabulary,-2.877650,54.051418,On or near The Pastures,E01025121,Lancaster 016C,Violence and sexual offences,Status update unavailable,
568536f99b5ede849fec9f8947d52b7f9cc5c646e0520d44daad059125148da1,2021-06,Derbyshire Constabulary,Derbyshire Constabulary,-1.069360,52.653985,On or near Bessingham Close,E01013696,Leicester 009A,Violence and sexual offences,Status update unavailable,
5ac25be932e9036a2dc5b9f23b34e964b4fa1aa68a54d1e1da782d2df8586107,2021-06,Derbyshire Constabulary,Derbyshire Constabulary,-1.192653,52.634536,On or near Outwood Close,E01013730,Leicester 039C,Violence and sexual offences,Status update unavailable,
a8b1dbb8f6c0f5ae8fcf2ee051ba327f1630d3e7c9ae14421ea56ca88e5e5100,2021-06,Derbyshire Constabulary,Derbyshire Constabulary,-1.703241,52.614862,On or near Victoria Drive,E01029504,Lichfield 012D,Violence and sexual offences,Unable to prosecute suspect,
,2021-06,Derbyshire Constabulary,Derbyshire Constabulary,-1.231647,53.148278,On or near Sports/Recreation Area,E01028230,Mansfield 010A,Anti-social behaviour,,
4609ecef6c0c9686c0bcc39ce42ba17b4f60718f42951e756b2c7e3ed0835d9c,2021-06,Derbyshire Constabulary,Derbyshire Constabulary,-1.148595,53.135074,On or near Whaley Bridge Close,E01028263,Mansfield 012D,Violence and sexual offences,Unable to prosecute suspect,
08fa27f4616de90b5b5a268c6f420437162eecae31c772d3582ff1afdde45adb,2021-06,Derbyshire Constabulary,Derbyshire Constabulary,-1.196259,53.134498,On or near Gedling Street,E01028220,Mansfield 013B,Public order,Status update unavailable,
bf5eedb64ee4ed54fee6fcec227bde995ac48daa6651779b89cc3a61ddd0a6b2,2021-06,Derbyshire Constabulary,Derbyshire Constabulary,-1.183801,53.134871,On or near Scholars Way,E01033389,Mansfield 013G,Violence and sexual offences,Status update unavailable,
0e2aff22627fb247bbe61ab3d9db56d93fe66e83ad1c02267b7253f3d8432b41,2021-06,Derbyshire Constabulary,Derbyshire Constabulary,-1.312147,53.318527,On or near Birchlands Drive,E01019801,North East Derbyshire 001A,Vehicle crime,Investigation complete; no suspect identified,
452ab6d539ce370a7f4739974302808d17a9dcbff4831a379c57b2a1e5e5563c,2021-06,Derbyshire Constabulary,Derbyshire Constabulary,-1.312147,53.318527,On or near Birchlands Drive,E01019801,North East Derbyshire 001A,Violence and sexual offences,Local resolution,
34b21d2ba69694f89cac17fe67659ef804febb61900400d6e64ddf1726f464c2,2021-06,Derbyshire Constabulary,Derbyshire Constabulary,-1.312147,53.318527,On or near Birchlands Drive,E01019801,North East Derbyshire 001A,Violence and sexual offences,Unable to prosecute suspect,
,2021-06,Derbyshire Constabulary,Derbyshire Constabulary,-1.317831,53.325472,On or near Meadowgate Park,E01019802,North East Derbyshire 001B,Anti-social behaviour,,
e9dfcd259477ff7e51c176634eb216c34d758650952ba91d766ca6019ed2910a,2021-06,Derbyshire Constabulary,Derbyshire Constabulary,-1.317831,53.325472,On or near Meadowgate Park,E01019802,North East Derbyshire 001B,Burglary,Investigation complete; no suspect identified,
d55427e2bf2b2cc6d6bba054eeb7ead90abf14ce6c5cd15d8f04759b31f867c9,2021-06,Derbyshire Constabulary,Derbyshire Constabulary,-1.317831,53.325472,On or near Meadowgate Park,E01019802,North East Derbyshire 001B,Criminal damage and arson,Unable to prosecute suspect,
40c9d83c2a2d99cf5794f004e4d420f77b2811c8810fa81e000a16b9afb9d191,2021-06,Derbyshire Constabulary,Derbyshire Constabulary,-1.314580,53.322235,On or near Curzon Close,E01019802,North East Derbyshire 001B,Criminal damage and arson,Investigation complete; no suspect identified,
3bb4d94d0f3a892ce3de2bce90cb2438f6e6db232613c4e803d7a2a8a91d8c97,2021-06,Derbyshire Constabulary,Derbyshire Constabulary,-1.317030,53.323957,On or near Bridge Street,E01019802,North East Derbyshire 001B,Other theft,Unable to prosecute suspect,
c7b32cff77421d0bb44206745ee2d7628ee1e8536310c9025df47e35d5023a72,2021-06,Derbyshire Constabulary,Derbyshire Constabulary,-1.318215,53.323083,On or near Peacock Close,E01019802,North East Derbyshire 001B,Other theft,Investigation complete; no suspect identified,
3a5aee125811e0233970b63fb813527c75eee7d3627d12e710c24c680cd0e7ae,2021-06,Derbyshire Constabulary,Derbyshire Constabulary,-1.315683,53.324615,On or near Stanley Street,E01019802,North East Derbyshire 001B,Public order,Unable to prosecute suspect,
a632613157000707f656c37e604638c6cd55a2d470f6f41b7b633947ff34af76,2021-06,Derbyshire Constabulary,Derbyshire Constabulary,-1.316434,53.324574,On or near Shopping Area,E01019802,North East Derbyshire 001B,Shoplifting,Investigation complete; no suspect identified,
697fa5dde346e83fbe77f3a524e3be40cda0f042c9711b0fe1a894c4a2082e9c,2021-06,Derbyshire Constabulary,Derbyshire Constabulary,-1.316670,53.323928,On or near Supermarket,E01019802,North East Derbyshire 001B,Shoplifting,Investigation complete; no suspect identified,
1a896baf4a8d5b01a0e732ab79ea3c47e49df2b685f06a9f6fa8fda61d70d24a,2021-06,Derbyshire Constabulary,Derbyshire Constabulary,-1.317831,53.325472,On or near Meadowgate Park,E01019802,North East Derbyshire 001B,Violence and sexual offences,Unable to prosecute suspect,
3537e7239cf511a947b63345c74aab9a5895bba9d9a0f2747e4b4b7dba010236,2021-06,Derbyshire Constabulary,Derbyshire Constabulary,-1.317030,53.323957,On or near Bridge Street,E01019802,North East Derbyshire 001B,Violence and sexual offences,Unable to prosecute suspect,
6d349456a27d9f148cf628165fb05d9e5e3ad3545ca12afb766189200316ba43,2021-06,Derbyshire Constabulary,Derbyshire Constabulary,-1.316434,53.324574,On or near Shopping Area,E01019802,North East Derbyshire 001B,Violence and sexual offences,Unable to prosecute suspect,
c867a1132235bbfbd0117f638ce95d0459683a611c99110729213aaf280abead,2021-06,Derbyshire Constabulary,Derbyshire Constabulary,-1.316434,53.324574,On or near Shopping Area,E01019802,North East Derbyshire 001B,Violence and sexual offences,Unable to prosecute suspect,
106371c9f8f1a486060128e888a7b692a2604d8cda408f6d4243d8d21d8df6ab,2021-06,Derbyshire Constabulary,Derbyshire Constabulary,-1.317831,53.325472,On or near Meadowgate Park,E01019802,North East Derbyshire 001B,Violence and sexual offences,Unable to prosecute suspect,
1a93322b04878ad54aecc779c3f1c8751c92514563bc0a5b06787db43fe2bce2,2021-06,Derbyshire Constabulary,Derbyshire Constabulary,-1.316434,53.324574,On or near Shopping Area,E01019802,North East Derbyshire 001B,Violence and sexual offences,Unable to prosecute suspect,
83fc4afc0af109259ae30d1a41dd4b4474c1f80929f4619012ce12e2cbd0c80c,2021-06,Derbyshire Constabulary,Derbyshire Constabulary,-1.317831,53.325472,On or near Meadowgate Park,E01019802,North East Derbyshire 001B,Violence and sexual offences,Unable to prosecute suspect,
d1bb193dfdc02c73862e741af0754ae8e6271e8b1126810e362f42b2279f6184,2021-06,Derbyshire Constabulary,Derbyshire Constabulary,-1.317030,53.323957,On or near Bridge Street,E01019802,North East Derbyshire 001B,Violence and sexual offences,Unable to prosecute suspect,
7c2edb2f8737bcb7a0e27149c755da7f9e061539e0a8009f8d6ced8e96ea5fef,2021-06,Derbyshire Constabulary,Derbyshire Constabulary,-1.321418,53.324621,On or near Quarry Road,E01019802,North East Derbyshire 001B,Violence and sexual offences,Offender given a caution,
1ddd80e4f0b203b8bb0290541f8280a37a42196a4526c267736c4e7375585ffe,2021-06,Derbyshire Constabulary,Derbyshire Constabulary,-1.317831,53.325472,On or near Meadowgate Park,E01019802,North East Derbyshire 001B,Violence and sexual offences,Unable to prosecute suspect,
,2021-06,Derbyshire Constabulary,Derbyshire Constabulary,-1.304189,53.327910,On or near Sherwood Road,E01019803,North East Derbyshire 001C,Anti-social behaviour,,
,2021-06,Derbyshire Constabulary,Derbyshire Constabulary,-1.304189,53.327910,On or near Sherwood Road,E01019803,North East Derbyshire 001C,Anti-social behaviour,,
3e44a7b3469eda9b744d1306ea5b753e91696ae35b88393c87f8188e1993e94f,2021-06,Derbyshire Constabulary,Derbyshire Constabulary,-1.304712,53.327167,On or near South Crescent,E01019803,North East Derbyshire 001C,Other theft,Status update unavailable,
27cc7dadb2d9503d98de31bf9d8b990ac0fd3ae8c355ac7c51cdffd840e85da6,2021-06,Derbyshire Constabulary,Derbyshire Constabulary,-1.302681,53.325564,On or near Gannow Close,E01019803,North East Derbyshire 001C,Public order,Unable to prosecute suspect,
d1a643a6658d335f7fc47942f01f22727d395b86c175392b889121d93c2973e1,2021-06,Derbyshire Constabulary,Derbyshire Constabulary,-1.301771,53.326997,On or near Norwood Crescent,E01019803,North East Derbyshire 001C,Public order,Further action is not in the public interest,
107129def7e0895b2e1f0c7c8d76c3c4a9b19bfcf05e0e745df74fc4c40dc705,2021-06,Derbyshire Constabulary,Derbyshire Constabulary,-1.301771,53.326997,On or near Norwood Crescent,E01019803,North East Derbyshire 001C,Public order,Unable to prosecute suspect,
184a26fbdea5b335f1a857bd7a65c8672bc621d7e39f686508cca54c372ebf23,2021-06,Derbyshire Constabulary,Derbyshire Constabulary,-1.304189,53.327910,On or near Sherwood Road,E01019803,North East Derbyshire 001C,Violence and sexual offences,Unable to prosecute suspect,
7133e9cf7725b59cd6b979f039ff91f0e4725a2ba620e13c16421d91b75333eb,2021-06,Derbyshire Constabulary,Derbyshire Constabulary,-1.313622,53.326751,On or near Nethergreen Court,E01019803,North East Derbyshire 001C,Violence and sexual offences,Unable to prosecute suspect,
02686bc55b10be02628ac0419a70b6fa7708724c0d4e19ceeb216caf11950164,2021-06,Derbyshire Constabulary,Derbyshire Constabulary,-1.313622,53.326751,On or near Nethergreen Court,E01019803,North East Derbyshire 001C,Violence and sexual offences,Investigation complete; no suspect identified,
a01da0cb3ccce788c6280859590ff34161d3ec43cec12dddd6e12971680e64d4,2021-06,Derbyshire Constabulary,Derbyshire Constabulary,-1.304189,53.327910,On or near Sherwood Road,E01019803,North East Derbyshire 001C,Violence and sexual offences,Further investigation is not in the public interest,
f61880b25c457d543115c8263ab26266c228901e98af3b0f9b8fec631cd19495,2021-06,Derbyshire Constabulary,Derbyshire Constabulary,-1.305607,53.328395,On or near Rotherwood Road,E01019803,North East Derbyshire 001C,Violence and sexual offences,Unable to prosecute suspect,
74cb50bc4e989e0fc2e2351b337bcbafa6841fd88ed032bf4d1221485abcd96b,2021-06,Derbyshire Constabulary,Derbyshire Constabulary,-1.308854,53.328171,On or near Primrose Close,E01019803,North East Derbyshire 001C,Violence and sexual offences,Investigation complete; no suspect identified,
15eee066253bd9ea7aeb9ab1679dce12067b066d5fda0caa9aa52b1ab2866bd1,2021-06,Derbyshire Constabulary,Derbyshire Constabulary,-1.313622,53.326751,On or near Nethergreen Court,E01019803,North East Derbyshire 001C,Violence and sexual offences,Unable to prosecute suspect,
205204fc3394e6aadfd466047ae2f5eaa1a829cfe44ee0a0290eedba8766f1f7,2021-06,Derbyshire Constabulary,Derbyshire Constabulary,-1.313622,53.326751,On or near Nethergreen Court,E01019803,North East Derbyshire 001C,Other crime,Further investigation is not in the public interest,
b72b6ab89cab369f643a3b6ed8c60f73d46b9d6ded64c637fefcb4665ee91476,2021-06,Derbyshire Constabulary,Derbyshire Constabulary,-1.322829,53.318004,On or near Fir Place,E01019804,North East Derbyshire 001D,Burglary,Investigation complete; no suspect identified,
23a0f518ec632f22b4488bd5dbe4225410dc7efa13b8732d288f62dfdf1da183,2021-06,Derbyshire Constabulary,Derbyshire Constabulary,-1.319816,53.317708,On or near Sycamore Drive,E01019804,North East Derbyshire 001D,Vehicle crime,Status update unavailable,
771a06dbf7a0d2c6fef922ea5279ab1a77480bdedcef43aeef5cb870f6ac0648,2021-06,Derbyshire Constabulary,Derbyshire Constabulary,-1.319301,53.317076,On or near Westfield Road,E01019804,North East Derbyshire 001D,Violence and sexual offences,Status update unavailable,
1fb5bceb7d25042306eaf1cc348840e02bc37b443b9e27449188806dbbf87ca1,2021-06,Derbyshire Constabulary,Derbyshire Constabulary,-1.319301,53.317076,On or near Westfield Road,E01019804,North East Derbyshire 001D,Violence and sexual offences,Status update unavailable,
7dd3f69bbd288b00992ab7c27d29758be0086cb08a8384bb998c6952242abf5c,2021-06,Derbyshire Constabulary,Derbyshire Constabulary,-1.325844,53.317194,On or near Holly Close,E01019804,North East Derbyshire 001D,Other crime,Investigation complete; no suspect identified,
,2021-06,Derbyshire Constabulary,Derbyshire Constabulary,-1.313103,53.316950,On or near Briars Close,E01019805,North East Derbyshire 001E,Anti-social behaviour,,
829bcb83917c2a09361821380befb8e8af17f055a46f887bb4f05b32b7398dc0,2021-06,Derbyshire Constabulary,Derbyshire Constabulary,-1.319200,53.315898,On or near Rowan Tree Close,E01019805,North East Derbyshire 001E,Criminal damage and arson,Unable to prosecute suspect,
6dd53d1183e6ad49ea6ec8a64d05ce177499d9581a3bb666dc7f939a99171625,2021-06,Derbyshire Constabulary,Derbyshire Constabulary,-1.315418,53.315822,On or near Moss Drive,E01019805,North East Derbyshire 001E,Other theft,Investigation complete; no suspect identified,
46656fe775e417291e1bec2bf9f76e1a7e4b3a5cf134180c57d66318812e664a,2021-06,Derbyshire Constabulary,Derbyshire Constabulary,-1.320831,53.314325,On or near Crofters Close,E01019805,North East Derbyshire 001E,Violence and sexual offences,Unable to prosecute suspect,
39111c43229388104bbd4c9ccd1890ccfe6fc0791413e9f68aa3278690b61c8f,2021-06,Derbyshire Constabulary,Derbyshire Constabulary,-1.317191,53.314781,On or near Ross Court,E01019805,North East Derbyshire 001E,Violence and sexual offences,Unable to prosecute suspect,
e61d02dbba77367cf49091a47017c048b9aa216459bc398f24651cc5ab017bcf,2021-06,Derbyshire Constabulary,Derbyshire Constabulary,-1.313103,53.316950,On or near Briars Close,E01019805,North East Derbyshire 001E,Violence and sexual offences,Investigation complete; no suspect identified,
,2021-06,Derbyshire Constabulary,Derbyshire Constabulary,-1.324447,53.324854,On or near Netherthorpe Close,E01019806,North East Derbyshire 001F,Anti-social behaviour,,
,2021-06,Derbyshire Constabulary,Derbyshire Constabulary,-1.321768,53.321494,On or near Marrison Drive,E01019806,North East Derbyshire 001F,Anti-social behaviour,,
,2021-06,Derbyshire Constabulary,Derbyshire Constabulary,-1.323971,53.321750,On or near Dobbs Close,E01019806,North East Derbyshire 001F,Anti-social behaviour,,
30f1949ff5c81f5f033a0536dd5fc2bbbce005c48ae0fad075b9691b00adc2d3,2021-06,Derbyshire Constabulary,Derbyshire Constabulary,-1.322428,53.322433,On or near Brindley Court,E01019806,North East Derbyshire 001F,Criminal damage and arson,Unable to prosecute suspect,
3664b492b1a919f1fb42efb9859f98e8467d4040c8c36fb300b561c70c9cd796,2021-06,Derbyshire Constabulary,Derbyshire Constabulary,-1.321768,53.321494,On or near Marrison Drive,E01019806,North East Derbyshire 001F,Public order,Investigation complete; no suspect identified,
b88ab0cc3c4593a4eba155e9954587dc567f9c17f43a58b251b57245a26e0170,2021-06,Derbyshire Constabulary,Derbyshire Constabulary,-1.321625,53.321952,On or near Baker Drive,E01019806,North East Derbyshire 001F,Public order,Investigation complete; no suspect identified,
6ed401d89ad5dc0a262a43574f2b09a9db0f00e9f4ce7e186fa88c2ee0cc0ca6,2021-06,Derbyshire Constabulary,Derbyshire Constabulary,-1.324447,53.324854,On or near Netherthorpe Close,E01019806,North East Derbyshire 001F,Vehicle crime,Investigation complete; no suspect identified,
413a837ad62c8d146640822b873bc7eefbf4b3147a90701e39de027863fb9542,2021-06,Derbyshire Constabulary,Derbyshire Constabulary,-1.321625,53.321952,On or near Baker Drive,E01019806,North East Derbyshire 001F,Violence and sexual offences,Investigation complete; no suspect identified,
819fb40e5f1ddacb244fb4c46178a2340e82e6fc7ccaf40ec11cedea946875fb,2021-06,Derbyshire Constabulary,Derbyshire Constabulary,-1.321625,53.321952,On or near Baker Drive,E01019806,North East Derbyshire 001F,Violence and sexual offences,Unable to prosecute suspect,
b768bbedf9c6a79111c040290a28a561b89bed3fef99d53bded8b0d3acb1fb8d,2021-06,Derbyshire Constabulary,Derbyshire Constabulary,-1.327144,53.319475,On or near Betony Close,E01019806,North East Derbyshire 001F,Other crime,Status update unavailable,
,2021-06,Derbyshire Constabulary,Derbyshire Constabulary,-1.316312,53.322839,On or near Canal Bridge,E01019807,North East Derbyshire 001G,Anti-social behaviour,,
,2021-06,Derbyshire Constabulary,Derbyshire Constabulary,-1.316659,53.321798,On or near Orchard Place,E01019807,North East Derbyshire 001G,Anti-social behaviour,,
,2021-06,Derbyshire Constabulary,Derbyshire Constabulary,-1.313594,53.321016,On or near High Street,E01019807,North East Derbyshire 001G,Anti-social behaviour,,
1d1e1640ca2559ce591591617dfc91f6162d816d41fd2d5397c901453334dfc5,2021-06,Derbyshire Constabulary,Derbyshire Constabulary,-1.317183,53.319994,On or near Ashley Close,E01019807,North East Derbyshire 001G,Criminal damage and arson,Unable to prosecute suspect,
b5f57059570fbbd846e30627b71e595872ad3b39126d75006bbd69e6a2b5ee1b,2021-06,Derbyshire Constabulary,Derbyshire Constabulary,-1.317183,53.319994,On or near Ashley Close,E01019807,North East Derbyshire 001G,Criminal damage and arson,Status update unavailable,
b8eb8b47fcc6659f7c2234cf3db489e1b12b467585358d61c4196e7df102b147,2021-06,Derbyshire Constabulary,Derbyshire Constabulary,-1.316731,53.317268,On or near Hawthorne Close,E01019807,North East Derbyshire 001G,Other theft,Unable to prosecute suspect,
5f3fda4e12544c3fcde617b39fef273844a08b8a2a0eeee6e4b8fe2fa68603b0,2021-06,Derbyshire Constabulary,Derbyshire Constabulary,-1.316659,53.321798,On or near Orchard Place,E01019807,North East Derbyshire 001G,Possession of weapons,Status update unavailable,
6192f64c68697bc2b5ea47bd58d703070588799df795e43ca89c2bd9a982eda4,2021-06,Derbyshire Constabulary,Derbyshire Constabulary,-1.317333,53.318089,On or near Cherry Tree Drive,E01019807,North East Derbyshire 001G,Vehicle crime,Investigation complete; no suspect identified,
23a0f518ec632f22b4488bd5dbe4225410dc7efa13b8732d288f62dfdf1da183,2021-06,Derbyshire Constabulary,Derbyshire Constabulary,-1.317750,53.316429,On or near Beech Crescent,E01019807,North East Derbyshire 001G,Vehicle crime,Unable to prosecute suspect,
04a28e014a7c3ec266535934f92fb665691503f8c01e01aca3a5e9cc55a2bff9,2021-06,Derbyshire Constabulary,Derbyshire Constabulary,-1.313594,53.321016,On or near High Street,E01019807,North East Derbyshire 001G,Vehicle crime,Investigation complete; no suspect identified,
7cf761a1a16d931507da9d7559ae81c3cc32871d35088a425135fa1540a528c9,2021-06,Derbyshire Constabulary,Derbyshire Constabulary,-1.317183,53.319994,On or near Ashley Close,E01019807,North East Derbyshire 001G,Vehicle crime,Investigation complete; no suspect identified,
ca7156650663eaf4e782259fdedae5345c50d640a8594de1b22c1548e3f4ed9b,2021-06,Derbyshire Constabulary,Derbyshire Constabulary,-1.318840,53.316777,On or near Oak Close,E01019807,North East Derbyshire 001G,Violence and sexual offences,Status update unavailable,
37ea6ea759f7db6ee7ae184ecbdbe4a5a6b713370899a76be194dddf1b8043bf,2021-06,Derbyshire Constabulary,Derbyshire Constabulary,-1.318877,53.321100,On or near Sheepcote Road,E01019807,North East Derbyshire 001G,Violence and sexual offences,Unable to prosecute suspect,
f897682e0ec20a523f2fb613eab0b3fa22322b0088a560a5cc195d74d78885f8,2021-06,Derbyshire Constabulary,Derbyshire Constabulary,-1.317750,53.316429,On or near Beech Crescent,E01019807,North East Derbyshire 001G,Violence and sexual offences,Unable to prosecute suspect,
2bde60577cf5c97640232dc28b1236eb5d88171b0e3b9af0216673f73c7a9489,2021-06,Derbyshire Constabulary,Derbyshire Constabulary,-1.317183,53.319994,On or near Ashley Close,E01019807,North East Derbyshire 001G,Violence and sexual offences,Unable to prosecute suspect,
,2021-06,Derbyshire Constabulary,Derbyshire Constabulary,-1.442928,53.312620,On or near Sicklebrook Lane,E01019778,North East Derbyshire 002A,Anti-social behaviour,,
,2021-06,Derbyshire Constabulary,Derbyshire Constabulary,-1.453436,53.304291,On or near Stonelow Crescent,E01019778,North East Derbyshire 002A,Anti-social behaviour,,
81ec080a921ff33124a874c88b2c8ac38d715ae8872342ac13b1e0c5dceb9a27,2021-06,Derbyshire Constabulary,Derbyshire Constabulary,-1.450502,53.309563,On or near Ferndale Road,E01019778,North East Derbyshire 002A,Criminal damage and arson,Investigation complete; no suspect identified,
3d9ced2c56c67f7c8ccd9da773510f559090288c65f23d2035019196a6ff1c67,2021-06,Derbyshire Constabulary,Derbyshire Constabulary,-1.452233,53.310317,On or near Ridgeway,E01019778,North East Derbyshire 002A,Violence and sexual offences,Unable to prosecute suspect,
97dd21613d96bdc65d298f262654519b70f25dc19db3a9fe767c11c740e05073,2021-06,Derbyshire Constabulary,Derbyshire Constabulary,-1.459884,53.312986,On or near Petrol Station,E01019779,North East Derbyshire 002B,Other theft,Investigation complete; no suspect identified,
,2021-06,Derbyshire Constabulary,Derbyshire Constabulary,-1.375174,53.304572,On or near Randall Street,E01019790,North East Derbyshire 002C,Anti-social behaviour,,
,2021-06,Derbyshire Constabulary,Derbyshire Constabulary,-1.375174,53.304572,On or near Randall Street,E01019790,North East Derbyshire 002C,Anti-social behaviour,,
,2021-06,Derbyshire Constabulary,Derbyshire Constabulary,-1.373395,53.307143,On or near Curlew Avenue,E01019790,North East Derbyshire 002C,Anti-social behaviour,,
cadef956b087e51770178ac5c4cb1269c1c121f20082ea202644cea421483c17,2021-06,Derbyshire Constabulary,Derbyshire Constabulary,-1.376860,53.308321,On or near Fern Close,E01019790,North East Derbyshire 002C,Violence and sexual offences,Local resolution,
ab58050ae54a313254353e55f119416338491c8cf27b5bdbfc36df3f4d777b5a,2021-06,Derbyshire Constabulary,Derbyshire Constabulary,-1.375174,53.304572,On or near Randall Street,E01019790,North East Derbyshire 002C,Violence and sexual offences,Status update unavailable,
8f366147f32b897c74f36683688ac3c1432ed765a2ae9a935f8d8f1403b8df5a,2021-06,Derbyshire Constabulary,Derbyshire Constabulary,-1.375174,53.304572,On or near Randall Street,E01019790,North East Derbyshire 002C,Violence and sexual offences,Local resolution,
2a8e0fff4aa16b1afd4ddae5ef62c4f340d6963cffdc8aaed1be0a71fb319a01,2021-06,Derbyshire Constabulary,Derbyshire Constabulary,-1.412191,53.310333,On or near Park/Open Space,E01019816,North East Derbyshire 002D,Other theft,Investigation complete; no suspect identified,
,2021-06,Derbyshire Constabulary,Derbyshire Constabulary,-1.468897,53.305125,On or near Snape Hill Lane,E01019780,North East Derbyshire 004A,Anti-social behaviour,,
,2021-06,Derbyshire Constabulary,Derbyshire Constabulary,-1.472991,53.307759,On or near Fairview Road,E01019780,North East Derbyshire 004A,Anti-social behaviour,,
,2021-06,Derbyshire Constabulary,Derbyshire Constabulary,-1.468409,53.304530,On or near Egerton Road,E01019780,North East Derbyshire 004A,Anti-social behaviour,,
,2021-06,Derbyshire Constabulary,Derbyshire Constabulary,-1.472686,53.305744,On or near Snapehill Crescent,E01019780,North East Derbyshire 004A,Anti-social behaviour,,
,2021-06,Derbyshire Constabulary,Derbyshire Constabulary,-1.472686,53.305744,On or near Snapehill Crescent,E01019780,North East Derbyshire 004A,Anti-social behaviour,,
,2021-06,Derbyshire Constabulary,Derbyshire Constabulary,-1.472686,53.305744,On or near Snapehill Crescent,E01019780,North East Derbyshire 004A,Anti-social behaviour,,
,2021-06,Derbyshire Constabulary,Derbyshire Constabulary,-1.472074,53.304258,On or near Thirlmere Drive,E01019780,North East Derbyshire 004A,Anti-social behaviour,,
a6a5662f3fe41ab6bb9e15aa1ab363534bcd69fd77033e8fb7acb80f24ca1db9,2021-06,Derbyshire Constabulary,Derbyshire Constabulary,-1.472502,53.303622,On or near Snape Hill,E01019780,North East Derbyshire 004A,Criminal damage and arson,Investigation complete; no suspect identified,
95351bab59b613215945560a19e7dcd80922b744d622e56190fe0b56f43dead5,2021-06,Derbyshire Constabulary,Derbyshire Constabulary,-1.472991,53.307759,On or near Fairview Road,E01019780,North East Derbyshire 004A,Drugs,Status update unavailable,
d7aa99fa87be7656ca2fd42ca3f0ed1a964ee4438d0e92cf18f1dfe2732b2a02,2021-06,Derbyshire Constabulary,Derbyshire Constabulary,-1.472686,53.305744,On or near Snapehill Crescent,E01019780,North East Derbyshire 004A,Other theft,Investigation complete; no suspect identified,
da45723f6fd9a6ff32cdc17cf944e4f2ba595feacd8bea6a5c97624def107479,2021-06,Derbyshire Constabulary,Derbyshire Constabulary,-1.476724,53.308126,On or near Holmley Lane,E01019780,North East Derbyshire 004A,Other theft,Investigation complete; no suspect identified,
fd56f15617cf4edf7770d6cb94d3d5834266e0528ee87b958c5815d57fb3ae70,2021-06,Derbyshire Constabulary,Derbyshire Constabulary,-1.468485,53.306885,On or near Snape Hill Drive,E01019780,North East Derbyshire 004A,Public order,Unable to prosecute suspect,
d2352b47b4164394c307c4444c83e78146f0996d629e8961715e6d0115eb9ecf,2021-06,Derbyshire Constabulary,Derbyshire Constabulary,-1.468409,53.304530,On or near Egerton Road,E01019780,North East Derbyshire 004A,Public order,Unable to prosecute suspect,
b70b79a105a654f47dd84170b41378fc2ba1148c312cf0ebe27858380b99f6e0,2021-06,Derbyshire Constabulary,Derbyshire Constabulary,-1.472686,53.305744,On or near Snapehill Crescent,E01019780,North East Derbyshire 004A,Shoplifting,Investigation complete; no suspect identified,
8f4ffadc5c81b257581cb180f04341a396c4509711db7fcde6c4fdb9fbec8e29,2021-06,Derbyshire Constabulary,Derbyshire Constabulary,-1.472991,53.307759,On or near Fairview Road,E01019780,North East Derbyshire 004A,Vehicle crime,Status update unavailable,
8f4ffadc5c81b257581cb180f04341a396c4509711db7fcde6c4fdb9fbec8e29,2021-06,Derbyshire Constabulary,Derbyshire Constabulary,-1.472991,53.307759,On or near Fairview Road,E01019780,North East Derbyshire 004A,Vehicle crime,Unable to prosecute suspect,
f9a97d266abf563472f1dfe224cc88ddcb2a7d62d0482c516c0a9e474dfd58b5,2021-06,Derbyshire Constabulary,Derbyshire Constabulary,-1.469863,53.307125,On or near Snape Hill Crescent,E01019780,North East Derbyshire 004A,Violence and sexual offences,Status update unavailable,
fdf581b3e6666ef51defc22dd823fd9032aa87f6091aca3cdbd1b7ad65cfb3a3,2021-06,Derbyshire Constabulary,Derbyshire Constabulary,-1.472686,53.305744,On or near Snapehill Crescent,E01019780,North East Derbyshire 004A,Violence and sexual offences,Status update unavailable,
a09e84ef4584cfe4f2a2357cf9d2f06dcbdce88e34ad75bbb628b8e1e6ec3c4f,2021-06,Derbyshire Constabulary,Derbyshire Constabulary,-1.472686,53.305744,On or near Snapehill Crescent,E01019780,North East Derbyshire 004A,Violence and sexual offences,Unable to prosecute suspect,
f9a97d266abf563472f1dfe224cc88ddcb2a7d62d0482c516c0a9e474dfd58b5,2021-06,Derbyshire Constabulary,Derbyshire Constabulary,-1.469901,53.308860,On or near Beech Way,E01019780,North East Derbyshire 004A,Violence and sexual offences,Unable to prosecute suspect,
6a68809f51dd24662edeee73143cb57e08291265ff24bc1e80c578792b3756f8,2021-06,Derbyshire Constabulary,Derbyshire Constabulary,-1.472991,53.307759,On or near Fairview Road,E01019780,North East Derbyshire 004A,Violence and sexual offences,Unable to prosecute suspect,
ee9ed2537d4fcf09b7f005230a597bf66d5e9a6bd6da7ad8e611ed0ac32cf5e5,2021-06,Derbyshire Constabulary,Derbyshire Constabulary,-1.472502,53.303622,On or near Snape Hill,E01019780,North East Derbyshire 004A,Violence and sexual offences,Local resolution,
,2021-06,Derbyshire Constabulary,Derbyshire Constabulary,-1.464347,53.311352,On or near Holmley Lane,E01019781,North East Derbyshire 004B,Anti-social behaviour,,
ec861a0b85be16434be5dd511f1cca94808c4bf238924cfc74c49faea5216c7d,2021-06,Derbyshire Constabulary,Derbyshire Constabulary,-1.468596,53.305169,On or near Supermarket,E01019781,North East Derbyshire 004B,Other theft,Investigation complete; no suspect identified,
9776a5e7c380298480b4e167cf215be90b8362d9125b9f73a12cc1d07ca0d479,2021-06,Derbyshire Constabulary,Derbyshire Constabulary,-1.472508,53.309267,On or near Brookview Court,E01019781,North East Derbyshire 004B,Violence and sexual offences,Unable to prosecute suspect,
f36a073291ca87b63606d39d0c30f42e2b78fb1b7995c98b12534f888aa47cf5,2021-06,Derbyshire Constabulary,Derbyshire Constabulary,-1.463936,53.309400,On or near Derwent Road,E01019781,North East Derbyshire 004B,Violence and sexual offences,Investigation complete; no suspect identified,
1efda513d1a726051f844a5ce088a064331892777978d95e30b369ba037c7be1,2021-06,Derbyshire Constabulary,Derbyshire Constabulary,-1.468154,53.308187,On or near Marsh Avenue,E01019781,North East Derbyshire 004B,Violence and sexual offences,Unable to prosecute suspect,
4ecae57adf9a002b803741e0732a143f8012a6d1c76b447477dfe3d8516202bd,2021-06,Derbyshire Constabulary,Derbyshire Constabulary,-1.465260,53.305531,On or near Green Lane,E01019781,North East Derbyshire 004B,Violence and sexual offences,Unable to prosecute suspect,
,2021-06,Derbyshire Constabulary,Derbyshire Constabulary,-1.461107,53.305234,On or near Haddon Close,E01019782,North East Derbyshire 004C,Anti-social behaviour,,
3f3bd797c6add15cc24be505a055b4b281d004c6dae1c765e53d82a74cab7041,2021-06,Derbyshire Constabulary,Derbyshire Constabulary,-1.465887,53.301049,On or near Callywhite Lane,E01019782,North East Derbyshire 004C,Burglary,Investigation complete; no suspect identified,
1a9bd2e6e5b1ea6d6f978f8e15a20502c72c48df04d96ebb441e61d90900c8c7,2021-06,Derbyshire Constabulary,Derbyshire Constabulary,-1.463816,53.303466,On or near Park Avenue,E01019782,North East Derbyshire 004C,Criminal damage and arson,Unable to prosecute suspect,
be8fed38ad4f805099e229c1c6fe75be9eb49dc139d90954c56890417d3287bb,2021-06,Derbyshire Constabulary,Derbyshire Constabulary,-1.465887,53.301049,On or near Callywhite Lane,E01019782,North East Derbyshire 004C,Criminal damage and arson,Local resolution,
583555f8897b809e84a1dde768991a6cf6cb374bad4c7a52bc16c52154e76733,2021-06,Derbyshire Constabulary,Derbyshire Constabulary,-1.464204,53.304763,On or near Supermarket,E01019782,North East Derbyshire 004C,Criminal damage and arson,Investigation complete; no suspect identified,
2830b223be5249bf1e0bb56c4a3daa7f98305010c0083a0122ae49984f866e68,2021-06,Derbyshire Constabulary,Derbyshire Constabulary,-1.465887,53.301049,On or near Callywhite Lane,E01019782,North East Derbyshire 004C,Drugs,Local resolution,
457cee4061ebef94412af020ef4caa56868548bed34e6ac5933226539ef7bb0b,2021-06,Derbyshire Constabulary,Derbyshire Constabulary,-1.455472,53.301101,On or near Birch House Way,E01019782,North East Derbyshire 004C,Other theft,Investigation complete; no suspect identified,
73614b5ca4254e5b8c488cebb521ce6b5144ccb404df7964603d763ae419f6c4,2021-06,Derbyshire Constabulary,Derbyshire Constabulary,-1.465887,53.301049,On or near Callywhite Lane,E01019782,North East Derbyshire 004C,Possession of weapons,Status update unavailable,
46f67c421b74344fd63a0e42aa9ca6852635216190fdf9ff96a2127f93b47a80,2021-06,Derbyshire Constabulary,Derbyshire Constabulary,-1.456850,53.303678,On or near Shireoaks Road,E01019782,North East Derbyshire 004C,Public order,Unable to prosecute suspect,
5e9b22ea96d77370b5c21adc93abc4580a225f4f3f4245f0cefb69e174340ad5,2021-06,Derbyshire Constabulary,Derbyshire Constabulary,-1.465887,53.301049,On or near Callywhite Lane,E01019782,North East Derbyshire 004C,Public order,Local resolution,
288754934a0108dbd1d8365f0807ec705698a1b0a2b7655c35226d1c92b5c2d3,2021-06,Derbyshire Constabulary,Derbyshire Constabulary,-1.465887,53.301049,On or near Callywhite Lane,E01019782,North East Derbyshire 004C,Vehicle crime,Investigation complete; no suspect identified,
59fd49a1d60abff4a67730f6ca4c10c6342b1f65039dd94d95047bedc0fbde81,2021-06,Derbyshire Constabulary,Derbyshire Constabulary,-1.470397,53.302777,On or near Holburn Avenue,E01019782,North East Derbyshire 004C,Violence and sexual offences,Awaiting court outcome,
2d1b2c06edef7f0064b317bb05b321554a77ee4d4004309e4760c963f4bb4ded,2021-06,Derbyshire Constabulary,Derbyshire Constabulary,-1.464204,53.304763,On or near Supermarket,E01019782,North East Derbyshire 004C,Violence and sexual offences,Unable to prosecute suspect,
372c1b6fc8ed3d96cf8ee7b48df9bb9995dff9628f55a68ec176f1a270dac3dc,2021-06,Derbyshire Constabulary,Derbyshire Constabulary,-1.470397,53.302777,On or near Holburn Avenue,E01019782,North East Derbyshire 004C,Violence and sexual offences,Awaiting court outcome,
a9623c46582d41ff8bb51536605cfd00f2aa5a66352d989c8425705d7939f17a,2021-06,Derbyshire Constabulary,Derbyshire Constabulary,-1.461107,53.305234,On or near Haddon Close,E01019782,North East Derbyshire 004C,Violence and sexual offences,Unable to prosecute suspect,
8531705abc4a961cd12f73443b58d60f1e68e987b2f28c86ee427e21354bd433,2021-06,Derbyshire Constabulary,Derbyshire Constabulary,-1.465887,53.301049,On or near Callywhite Lane,E01019782,North East Derbyshire 004C,Other crime,Unable to prosecute suspect,
2be5c68ed5c10dea8f3fee0730af550b89801482ca4c47e5d334814130e98b94,2021-06,Derbyshire Constabulary,Derbyshire Constabulary,-1.465887,53.301049,On or near Callywhite Lane,E01019782,North East Derbyshire 004C,Other crime,Unable to prosecute suspect,
b3642582f625d486c7ef4e78a293dd943fff61374be98963b9f2fac3c5d247ad,2021-06,Derbyshire Constabulary,Derbyshire Constabulary,-1.465887,53.301049,On or near Callywhite Lane,E01019782,North East Derbyshire 004C,Other crime,Status update unavailable,
,2021-06,Derbyshire Constabulary,Derbyshire Constabulary,-1.472384,53.301033,On or near Fanshaw Bank,E01019786,North East Derbyshire 004D,Anti-social behaviour,,
,2021-06,Derbyshire Constabulary,Derbyshire Constabulary,-1.464516,53.297825,On or near Hallowes Court,E01019786,North East Derbyshire 004D,Anti-social behaviour,,
,2021-06,Derbyshire Constabulary,Derbyshire Constabulary,-1.476514,53.301968,On or near Parking Area,E01019786,North East Derbyshire 004D,Anti-social behaviour,,
43cc41bd2caaee5d1821949e17a19e97988513008169e4a1c2e1627287fa84c6,2021-06,Derbyshire Constabulary,Derbyshire Constabulary,-1.474424,53.302336,On or near Chapel Yard,E01019786,North East Derbyshire 004D,Public order,Status update unavailable,
47250a6a562d328f84158387d9bf47c647241b8f78cc7c7d5514e497cfdefaa5,2021-06,Derbyshire Constabulary,Derbyshire Constabulary,-1.464516,53.297825,On or near Hallowes Court,E01019786,North East Derbyshire 004D,Public order,Status update unavailable,
abf08789cf2e782c3a94a21c5d96bab71b28bc7b785f698a253fc50e6d5cef40,2021-06,Derbyshire Constabulary,Derbyshire Constabulary,-1.473227,53.298367,On or near Gomersal Lane,E01019786,North East Derbyshire 004D,Public order,Investigation complete; no suspect identified,
62a2b71a30825184998e33e67479101f114d1fda783fc1aa14f001003b23ef51,2021-06,Derbyshire Constabulary,Derbyshire Constabulary,-1.474424,53.302336,On or near Chapel Yard,E01019786,North East Derbyshire 004D,Shoplifting,Investigation complete; no suspect identified,
76824bb478f8076b0145c030aaa4c325d22ecbb85a1e746a1fb6a8ea2e66a333,2021-06,Derbyshire Constabulary,Derbyshire Constabulary,-1.473227,53.298367,On or near Gomersal Lane,E01019786,North East Derbyshire 004D,Violence and sexual offences,Unable to prosecute suspect,
f7b9e4bc16a76972373d8f776016f09cf70211267dcaf453c4d94c8464e8bd62,2021-06,Derbyshire Constabulary,Derbyshire Constabulary,-1.464516,53.297825,On or near Hallowes Court,E01019786,North East Derbyshire 004D,Violence and sexual offences,Unable to prosecute suspect,
5f3d866b978fba1041fa5abfa9b51d07604dd8ead96c50cfed2bcb7c08c32b10,2021-06,Derbyshire Constabulary,Derbyshire Constabulary,-1.471433,53.299078,On or near Fletcher Avenue,E01019786,North East Derbyshire 004D,Violence and sexual offences,Unable to prosecute suspect,
5f42557f2e5a25afa7cb0a0d27652d230e62f0ad882eb55d944d86ad9480d864,2021-06,Derbyshire Constabulary,Derbyshire Constabulary,-1.466964,53.298842,On or near Quoit Green,E01019786,North East Derbyshire 004D,Violence and sexual offences,Unable to prosecute suspect,
,2021-06,Derbyshire Constabulary,Derbyshire Constabulary,-1.436998,53.283064,On or near Whittington Lane,E01019827,North East Derbyshire 004E,Anti-social behaviour,,
,2021-06,Derbyshire Constabulary,Derbyshire Constabulary,-1.423165,53.308994,On or near B6056,E01019827,North East Derbyshire 004E,Anti-social behaviour,,
29186ffd811dc499091b96577eec2ade4dff88805d44d0560175233dd287c7ad,2021-06,Derbyshire Constabulary,Derbyshire Constabulary,-1.423165,53.308994,On or near B6056,E01019827,North East Derbyshire 004E,Criminal damage and arson,Investigation complete; no suspect identified,
f5394a3770dfbbf6f7b7f9b37218cd5ad2dc16ba534d5b99c04616ea4a0bd52b,2021-06,Derbyshire Constabulary,Derbyshire Constabulary,-1.442408,53.284582,On or near Ramshaw Road,E01019827,North East Derbyshire 004E,Drugs,Status update unavailable,
4836c0998931f8b7c55c63e895b331bf649d23a7e2a97acf8ede3ddd1d86a285,2021-06,Derbyshire Constabulary,Derbyshire Constabulary,-1.440874,53.282588,On or near Sheffield Road,E01019827,North East Derbyshire 004E,Violence and sexual offences,Unable to prosecute suspect,
99879e55ece38b99d288c8b80611e865fabc60d64eb55adeb7c537d02229c9ce,2021-06,Derbyshire Constabulary,Derbyshire Constabulary,-1.442408,53.284582,On or near Ramshaw Road,E01019827,North East Derbyshire 004E,Violence and sexual offences,Unable to prosecute suspect,
e238605773272aea507cd55fb19b38ee8f591b19016622f76eac00cff444f1fb,2021-06,Derbyshire Constabulary,Derbyshire Constabulary,-1.442596,53.283908,On or near Birch Holt Grove,E01019827,North East Derbyshire 004E,Violence and sexual offences,Unable to prosecute suspect,
f02a7a6c9e66fe612d84069bb9137879ba0092c061123948bd1b7de6ffe29288,2021-06,Derbyshire Constabulary,Derbyshire Constabulary,-1.424308,53.289817,On or near Park/Open Space,E01019827,North East Derbyshire 004E,Violence and sexual offences,Status update unavailable,
4372c56470c0fbbadb8cdcffd444647f5750efe1a38432dbafa095e49f2769f6,2021-06,Derbyshire Constabulary,Derbyshire Constabulary,-1.442408,53.284582,On or near Ramshaw Road,E01019827,North East Derbyshire 004E,Violence and sexual offences,Unable to prosecute suspect,
cfd21e1927f076bb044aaf6d5c91f70aee578b1b154b05d8ea3fa3e6b798cf4d,2021-06,Derbyshire Constabulary,Derbyshire Constabulary,-1.442408,53.284582,On or near Ramshaw Road,E01019827,North East Derbyshire 004E,Violence and sexual offences,Unable to prosecute suspect,
6ec246df35509fbc01282937372793a7249067cafa4f1cc7551410b127050866,2021-06,Derbyshire Constabulary,Derbyshire Constabulary,-1.442596,53.283908,On or near Birch Holt Grove,E01019827,North East Derbyshire 004E,Violence and sexual offences,Status update unavailable,
712eb8a124b0b695484a6285bc6138ffd78e9f9b02e22611fed246995eba792a,2021-06,Derbyshire Constabulary,Derbyshire Constabulary,-1.442408,53.284582,On or near Ramshaw Road,E01019827,North East Derbyshire 004E,Violence and sexual offences,Unable to prosecute suspect,
,2021-06,Derbyshire Constabulary,Derbyshire Constabulary,-1.518986,53.296025,On or near Vicarage Close,E01019770,North East Derbyshire 005A,Anti-social behaviour,,
,2021-06,Derbyshire Constabulary,Derbyshire Constabulary,-1.497111,53.274299,On or near Springfield Road,E01019770,North East Derbyshire 005A,Anti-social behaviour,,
,2021-06,Derbyshire Constabulary,Derbyshire Constabulary,-1.517320,53.296099,On or near Woodside Avenue,E01019770,North East Derbyshire 005A,Anti-social behaviour,,
,2021-06,Derbyshire Constabulary,Derbyshire Constabulary,-1.521262,53.295117,On or near Park Avenue,E01019770,North East Derbyshire 005A,Anti-social behaviour,,
,2021-06,Derbyshire Constabulary,Derbyshire Constabulary,-1.516802,53.296780,On or near Park Rise,E01019770,North East Derbyshire 005A,Anti-social behaviour,,
361dd957ab95a1fad9e397c047fb4fc85ba2fde0f0a4d7529a8af66fc5baa8de,2021-06,Derbyshire Constabulary,Derbyshire Constabulary,-1.487749,53.293504,On or near Cowley Bottom,E01019770,North East Derbyshire 005A,Other theft,Local resolution,
29c3dab857bd3f3e514694ed95f90d710e906135d8d7da875f814548cba01551,2021-06,Derbyshire Constabulary,Derbyshire Constabulary,-1.545344,53.277917,On or near Unthank Lane,E01019770,North East Derbyshire 005A,Public order,Investigation complete; no suspect identified,
92cd32c8be2afc4f644e3411cf88f652e5f69529e881ab15d4d11d735d478532,2021-06,Derbyshire Constabulary,Derbyshire Constabulary,-1.552656,53.268479,On or near Unthank Lane,E01019770,North East Derbyshire 005A,Public order,Unable to prosecute suspect,
84ce49884e7bcbe8b0163e18601af3e05b2218117258b43aab1bff470a849b5d,2021-06,Derbyshire Constabulary,Derbyshire Constabulary,-1.515875,53.296507,On or near Woodside View,E01019770,North East Derbyshire 005A,Robbery,Investigation complete; no suspect identified,
b863ffb26eff661eecf2d535b4627e3a28280988e9f5d0bc92ede9a6addf4fc5,2021-06,Derbyshire Constabulary,Derbyshire Constabulary,-1.515875,53.296507,On or near Woodside View,E01019770,North East Derbyshire 005A,Vehicle crime,Status update unavailable,
65bacfc8e4ca2873b7d7d25970bf73affc6f2d047f0edf2ebf27a5473cb655c8,2021-06,Derbyshire Constabulary,Derbyshire Constabulary,-1.485910,53.266736,On or near Wilkin Hill,E01019770,North East Derbyshire 005A,Vehicle crime,Investigation complete; no suspect identified,
8e3ddfb1bc52d5146e9cb7d52885f4480392fbd5931d953d2e750c37b5f1caf6,2021-06,Derbyshire Constabulary,Derbyshire Constabulary,-1.489023,53.272278,On or near Millcross Lane,E01019770,North East Derbyshire 005A,Violence and sexual offences,Unable to prosecute suspect,
,2021-06,Derbyshire Constabulary,Derbyshire Constabulary,-1.497616,53.299038,On or near Roston Close,E01019787,North East Derbyshire 005B,Anti-social behaviour,,
74c9d96e75dc073196f65575ef210a77942fb0d7c8f6f9aacfd50d33fce12c44,2021-06,Derbyshire Constabulary,Derbyshire Constabulary,-1.476115,53.316141,On or near A61,E01019787,North East Derbyshire 005B,Other theft,Investigation complete; no suspect identified,
dc7f74802a4544a4095ebef2c78644f74a686296676c6904def85ca832ac6914,2021-06,Derbyshire Constabulary,Derbyshire Constabulary,-1.476115,53.316141,On or near A61,E01019787,North East Derbyshire 005B,Other theft,Investigation complete; no suspect identified,
200c373c9c7e3abf0ca307a1bd02a3e46cbc5ea0ae4eed3304c4a058825b30df,2021-06,Derbyshire Constabulary,Derbyshire Constabulary,-1.476115,53.316141,On or near A61,E01019787,North East Derbyshire 005B,Public order,Investigation complete; no suspect identified,
1fc1ced326865fa8ad23b65a611979dbe3968b312382fc732dcf60092583d3a1,2021-06,Derbyshire Constabulary,Derbyshire Constabulary,-1.476115,53.316141,On or near A61,E01019787,North East Derbyshire 005B,Public order,Unable to prosecute suspect,
228142360c65b5d7fa1eff3cf49a2bf4390f0d00fa802c77c14625e7682dda67,2021-06,Derbyshire Constabulary,Derbyshire Constabulary,-1.495276,53.305383,On or near Carr Lane Mews,E01019787,North East Derbyshire 005B,Violence and sexual offences,Unable to prosecute suspect,
3be314ea2e9ff4ae05759723f6d4049b1c17c0ce3fe9531200f4153636f99951,2021-06,Derbyshire Constabulary,Derbyshire Constabulary,-1.495276,53.305383,On or near Carr Lane Mews,E01019787,North East Derbyshire 005B,Violence and sexual offences,Unable to prosecute suspect,
b8abad82a6898c25b8687772ca641513332e6b870e86df7ed7ce68740aee8a66,2021-06,Derbyshire Constabulary,Derbyshire Constabulary,-1.509963,53.308366,On or near Northern Common,E01019788,North East Derbyshire 005C,Other theft,Investigation complete; no suspect identified,
bbc81b4bb054e68059750af0840f87284b304377b9ca5a86f1936e8ab5f5f0d4,2021-06,Derbyshire Constabulary,Derbyshire Constabulary,-1.500508,53.303248,On or near Carr Lane,E01019788,North East Derbyshire 005C,Public order,Investigation complete; no suspect identified,
,2021-06,Derbyshire Constabulary,Derbyshire Constabulary,-1.489934,53.297720,On or near Rothay Close,E01019794,North East Derbyshire 005D,Anti-social behaviour,,
a9f1cba9e5ea715cd2840467e57de3df826c9d4b1d130f0cca29bab32d5c4660,2021-06,Derbyshire Constabulary,Derbyshire Constabulary,-1.470894,53.295336,On or near Netherfields Crescent,E01019783,North East Derbyshire 006A,Violence and sexual offences,Unable to prosecute suspect,
,2021-06,Derbyshire Constabulary,Derbyshire Constabulary,-1.459886,53.293804,On or near Hollies Close,E01019785,North East Derbyshire 006C,Anti-social behaviour,,
e0611d6fe67aa6d8fcd65da60ebcbab856e3a7af619f51e5c485660d453ad99f,2021-06,Derbyshire Constabulary,Derbyshire Constabulary,-1.460406,53.293015,On or near Poplar Close,E01019785,North East Derbyshire 006C,Criminal damage and arson,Investigation complete; no suspect identified,
5ee1507d5b8fe88a0fb6a0bbaa666dae7a3e7733a86ed3c9e61b0304e2429cb4,2021-06,Derbyshire Constabulary,Derbyshire Constabulary,-1.461454,53.294368,On or near Hazel Close,E01019785,North East Derbyshire 006C,Criminal damage and arson,Unable to prosecute suspect,
299c1389d3bd3d753719d1e1048a3a538f60692a454267398ab6bb5b1646461b,2021-06,Derbyshire Constabulary,Derbyshire Constabulary,-1.461548,53.294063,On or near Hallowes Drive,E01019785,North East Derbyshire 006C,Criminal damage and arson,Unable to prosecute suspect,
59b0cf13ccf6a965376be4972e04818118fa3098ccaf517646d84b7d5cbbf8aa,2021-06,Derbyshire Constabulary,Derbyshire Constabulary,-1.461454,53.294368,On or near Hazel Close,E01019785,North East Derbyshire 006C,Public order,Status update unavailable,
d6b781cab8c28d02a1df48684783ccdfc33ea63242f84f1c1635293e6993955f,2021-06,Derbyshire Constabulary,Derbyshire Constabulary,-1.478394,53.301643,On or near Gosforth Crescent,E01019793,North East Derbyshire 006D,Burglary,Investigation complete; no suspect identified,
ed683bb179a2e7f20f4219bb00c75be107364f2bec73383e8b2d3ee807d5375b,2021-06,Derbyshire Constabulary,Derbyshire Constabulary,-1.479003,53.298383,On or near Garth Way Close,E01019793,North East Derbyshire 006D,Violence and sexual offences,Investigation complete; no suspect identified,
874ea5c4ef081da21759888015d9014c76d90ecf20a5544dc6eeb296f3b12c5e,2021-06,Derbyshire Constabulary,Derbyshire Constabulary,-1.479003,53.298383,On or near Garth Way Close,E01019793,North East Derbyshire 006D,Violence and sexual offences,Investigation complete; no suspect identified,
,2021-06,Derbyshire Constabulary,Derbyshire Constabulary,-1.493808,53.305134,On or near Moray Place,E01019795,North East Derbyshire 006E,Anti-social behaviour,,
8455393785185dfe94c8d0fbf3f997e53cded8b826a8e2152af0c88e26a48bca,2021-06,Derbyshire Constabulary,Derbyshire Constabulary,-1.485105,53.301340,On or near Sheards Drive,E01019795,North East Derbyshire 006E,Violence and sexual offences,Status update unavailable,
d89db2be2ec0b1338bee7e1978238f956067bd8b0f3d2dd5e22bfdc9aaac8f28,2021-06,Derbyshire Constabulary,Derbyshire Constabulary,-1.493906,53.304407,On or near Tay Close,E01019795,North East Derbyshire 006E,Violence and sexual offences,Investigation complete; no suspect identified,
,2021-06,Derbyshire Constabulary,Derbyshire Constabulary,-1.416713,53.214112,On or near Ingleton Road,E01019798,North East Derbyshire 007A,Anti-social behaviour,,
1eb6c5010746b95c7941aaf65ddca58a289037eb38bb94be91ff4d78db758967,2021-06,Derbyshire Constabulary,Derbyshire Constabulary,-1.393019,53.214362,On or near A617,E01019798,North East Derbyshire 007A,Criminal damage and arson,Status update unavailable,
df7983dea33deea9de363d985517b3a33b5eb60ac42dbb280ef1a60a6e9fede7,2021-06,Derbyshire Constabulary,Derbyshire Constabulary,-1.386035,53.203225,On or near Park/Open Space,E01019798,North East Derbyshire 007A,Public order,Unable to prosecute suspect,
1585f3b129cacb1ecb8737ff683136d3d384f3e1df61b78b7f548d682a147556,2021-06,Derbyshire Constabulary,Derbyshire Constabulary,-1.393019,53.214362,On or near A617,E01019798,North East Derbyshire 007A,Violence and sexual offences,Unable to prosecute suspect,
a498bc8e165ba24e506c1b7511160e4dd552ade3e88d2b9cf1b2f440bc9caca9,2021-06,Derbyshire Constabulary,Derbyshire Constabulary,-1.393019,53.214362,On or near A617,E01019798,North East Derbyshire 007A,Violence and sexual offences,Unable to prosecute suspect,
6f8edc41672ca25c8e9a5eb3b92817678b2f26aa5278e887e0e6f15a4909beb6,2021-06,Derbyshire Constabulary,Derbyshire Constabulary,-1.387348,53.236077,On or near Church Lane,E01019821,North East Derbyshire 007B,Criminal damage and arson,Awaiting court outcome,
459661cc40d3a1a06b00714f79b8421c619c7be4ecd877ad853b503cbfed5166,2021-06,Derbyshire Constabulary,Derbyshire Constabulary,-1.387348,53.236077,On or near Church Lane,E01019821,North East Derbyshire 007B,Criminal damage and arson,Status update unavailable,
e626dcfe645ed86d40388c4630e594fe1fce6155f74886a5f133d85006086b2d,2021-06,Derbyshire Constabulary,Derbyshire Constabulary,-1.379394,53.233906,On or near Eastwood Drive,E01019821,North East Derbyshire 007B,Other theft,Investigation complete; no suspect identified,
6436212d930f669520759f926645badf6f72321ea67c37f8e630eeb77d69fd9c,2021-06,Derbyshire Constabulary,Derbyshire Constabulary,-1.385080,53.234367,On or near Lawn Villas,E01019821,North East Derbyshire 007B,Public order,Investigation complete; no suspect identified,
67f426d9024a9f4250a9b7211d0b5be337fe58fbfda58dfc4ca65d7a258cbde4,2021-06,Derbyshire Constabulary,Derbyshire Constabulary,-1.387348,53.236077,On or near Church Lane,E01019821,North East Derbyshire 007B,Vehicle crime,Unable to prosecute suspect,
6200f0c38566a6b8789d897d80a34eeab2ea1c6cc61cb4d92f84ba4d70378a87,2021-06,Derbyshire Constabulary,Derbyshire Constabulary,-1.379394,53.233906,On or near Eastwood Drive,E01019821,North East Derbyshire 007B,Violence and sexual offences,Unable to prosecute suspect,
87c1d3412231f3e0a4ba41f8027223d723a0d36fb9d8335b5f126798ae9da2d8,2021-06,Derbyshire Constabulary,Derbyshire Constabulary,-1.386795,53.223382,On or near Hallflash Lane,E01019821,North East Derbyshire 007B,Violence and sexual offences,Unable to prosecute suspect,
a57d174dbe9a2808651edc8f2f997270398c5e6915c1f938f565b8a47593792a,2021-06,Derbyshire Constabulary,Derbyshire Constabulary,-1.379394,53.233906,On or near Eastwood Drive,E01019821,North East Derbyshire 007B,Violence and sexual offences,Unable to prosecute suspect,
,2021-06,Derbyshire Constabulary,Derbyshire Constabulary,-1.337438,53.241132,On or near Robertson'S Avenue,E01019822,North East Derbyshire 007C,Anti-social behaviour,,
15650b0b7204b4c7f7ce2621d0be97234dec18378404291302b5e6568dc53f32,2021-06,Derbyshire Constabulary,Derbyshire Constabulary,-1.337438,53.241132,On or near Robertson'S Avenue,E01019822,North East Derbyshire 007C,Vehicle crime,Investigation complete; no suspect identified,
a48d8169a9b7d1931152502a8360f3f66a62922052dcc08450f4c04366857e76,2021-06,Derbyshire Constabulary,Derbyshire Constabulary,-1.361897,53.234811,On or near Conference/Exhibition Centre,E01019822,North East Derbyshire 007C,Vehicle crime,Investigation complete; no suspect identified,
cdc80bd2144f9475af01af05833975277049c6307f06dcf9b348bbf6b8c9282f,2021-06,Derbyshire Constabulary,Derbyshire Constabulary,-1.358010,53.235240,On or near Penrose Crescent,E01019822,North East Derbyshire 007C,Violence and sexual offences,Unable to prosecute suspect,
5158aab232ae2c3c3c043cd7e6002a3d20abd4794ff89c8bdc0023e7ebb1d7e1,2021-06,Derbyshire Constabulary,Derbyshire Constabulary,-1.361897,53.234811,On or near Conference/Exhibition Centre,E01019822,North East Derbyshire 007C,Violence and sexual offences,Unable to prosecute suspect,
88a9d12bac47a6c3b9b06c2f62ad46af8854d64fee5dbdc70a0c1a83b0970495,2021-06,Derbyshire Constabulary,Derbyshire Constabulary,-1.337438,53.241132,On or near Robertson'S Avenue,E01019822,North East Derbyshire 007C,Violence and sexual offences,Unable to prosecute suspect,
cd25b43335c32857826996b2e417934707acca39bcf22da48ba5400489b89085,2021-06,Derbyshire Constabulary,Derbyshire Constabulary,-1.336193,53.236370,On or near Petrol Station,E01019822,North East Derbyshire 007C,Other crime,Unable to prosecute suspect,
,2021-06,Derbyshire Constabulary,Derbyshire Constabulary,-1.384696,53.239228,On or near Manvers Road,E01019823,North East Derbyshire 007D,Anti-social behaviour,,
3fd7b52272b3821aaccd8af3fb33f330a6fbb01d506d4735ef07cb27d0b36ab5,2021-06,Derbyshire Constabulary,Derbyshire Constabulary,-1.388979,53.236202,On or near North Road,E01019823,North East Derbyshire 007D,Public order,Unable to prosecute suspect,
458a15bfcf2cd6428356d2d9bb9c90c119939cf0f9a82bea72eaff06c2cf35ed,2021-06,Derbyshire Constabulary,Derbyshire Constabulary,-1.384315,53.239684,On or near Westwood Road,E01019823,North East Derbyshire 007D,Violence and sexual offences,Unable to prosecute suspect,
db7760f6e795099d7617030a91b30941c08df4c1b9f4bc8fdbf3bf94af6e49ea,2021-06,Derbyshire Constabulary,Derbyshire Constabulary,-1.390169,53.233701,On or near Chesterfield Road,E01019823,North East Derbyshire 007D,Violence and sexual offences,Unable to prosecute suspect,
d2c670aa398a05a6ccaf3b5ce60f401154348f675b4dc97c253c2df1c8caef09,2021-06,Derbyshire Constabulary,Derbyshire Constabulary,-1.390169,53.233701,On or near Chesterfield Road,E01019823,North East Derbyshire 007D,Violence and sexual offences,Unable to prosecute suspect,
,2021-06,Derbyshire Constabulary,Derbyshire Constabulary,-1.471620,53.257110,On or near Abbey Croft,E01019771,North East Derbyshire 008A,Anti-social behaviour,,
,2021-06,Derbyshire Constabulary,Derbyshire Constabulary,-1.507926,53.242685,On or near Grove Lane,E01019771,North East Derbyshire 008A,Anti-social behaviour,,
,2021-06,Derbyshire Constabulary,Derbyshire Constabulary,-1.484215,53.230684,On or near Chatsworth Road,E01019771,North East Derbyshire 008A,Anti-social behaviour,,
,2021-06,Derbyshire Constabulary,Derbyshire Constabulary,-1.484215,53.230684,On or near Chatsworth Road,E01019771,North East Derbyshire 008A,Anti-social behaviour,,
3575c132d53621c352f9693dd547a5028b814118583831ba437bb02139de4dfc,2021-06,Derbyshire Constabulary,Derbyshire Constabulary,-1.497279,53.217786,On or near Heather Way,E01019771,North East Derbyshire 008A,Criminal damage and arson,Unable to prosecute suspect,
3ca1914742e1c397295d6ee96b98239589ed2435703645d526bda4ad4a71e07a,2021-06,Derbyshire Constabulary,Derbyshire Constabulary,-1.473452,53.259266,On or near Dunston Road,E01019771,North East Derbyshire 008A,Drugs,Offender given a drugs possession warning,
28032068034ce48ea9e0ea6beadf9255aec7291952336d7ab05a7a759d87739b,2021-06,Derbyshire Constabulary,Derbyshire Constabulary,-1.484215,53.230684,On or near Chatsworth Road,E01019771,North East Derbyshire 008A,Drugs,Status update unavailable,
989e0c4a7f40a298a7501ad84ef0a7102586a9f8a2290a64fd9f768bd820cac3,2021-06,Derbyshire Constabulary,Derbyshire Constabulary,-1.473452,53.259266,On or near Dunston Road,E01019771,North East Derbyshire 008A,Possession of weapons,Unable to prosecute suspect,
cd5081171260192abd1fd869f8f9add52b47f83b462b4431be06d50c65b70480,2021-06,Derbyshire Constabulary,Derbyshire Constabulary,-1.553815,53.237769,On or near A619,E01019771,North East Derbyshire 008A,Public order,Unable to prosecute suspect,
83e3672a44e55585bead5096cf33ddecce40799a135d2ae51a9ac85d7c8b04e5,2021-06,Derbyshire Constabulary,Derbyshire Constabulary,-1.499781,53.230525,On or near Petrol Station,E01019771,North East Derbyshire 008A,Public order,Investigation complete; no suspect identified,
ef81666b0dee10652e08c13fa80f0bca81840d0684192c2fa5b6092c0a286415,2021-06,Derbyshire Constabulary,Derbyshire Constabulary,-1.486385,53.225776,On or near Greendale Avenue,E01019771,North East Derbyshire 008A,Vehicle crime,Investigation complete; no suspect identified,
d3938f1fd18f343239b85d136750cb22a50603c6b3b231029a16b52789947d8b,2021-06,Derbyshire Constabulary,Derbyshire Constabulary,-1.484215,53.230684,On or near Chatsworth Road,E01019771,North East Derbyshire 008A,Violence and sexual offences,Local resolution,
,2021-06,Derbyshire Constabulary,Derbyshire Constabulary,-1.499188,53.218451,On or near Gallery Lane,E01019772,North East Derbyshire 008B,Anti-social behaviour,,
,2021-06,Derbyshire Constabulary,Derbyshire Constabulary,-1.499188,53.218451,On or near Gallery Lane,E01019772,North East Derbyshire 008B,Anti-social behaviour,,
,2021-06,Derbyshire Constabulary,Derbyshire Constabulary,-1.499188,53.218451,On or near Gallery Lane,E01019772,North East Derbyshire 008B,Anti-social behaviour,,
,2021-06,Derbyshire Constabulary,Derbyshire Constabulary,-1.448064,53.192409,On or near Top Road,E01019772,North East Derbyshire 008B,Anti-social behaviour,,
,2021-06,Derbyshire Constabulary,Derbyshire Constabulary,-1.471436,53.206313,On or near Harper Hill,E01019772,North East Derbyshire 008B,Anti-social behaviour,,
,2021-06,Derbyshire Constabulary,Derbyshire Constabulary,-1.450772,53.220584,On or near Petrol Station,E01019772,North East Derbyshire 008B,Anti-social behaviour,,
,2021-06,Derbyshire Constabulary,Derbyshire Constabulary,-1.450772,53.220584,On or near Petrol Station,E01019772,North East Derbyshire 008B,Anti-social behaviour,,
,2021-06,Derbyshire Constabulary,Derbyshire Constabulary,-1.444058,53.193136,On or near Cross Road,E01019772,North East Derbyshire 008B,Anti-social behaviour,,
,2021-06,Derbyshire Constabulary,Derbyshire Constabulary,-1.450772,53.220584,On or near Petrol Station,E01019772,North East Derbyshire 008B,Anti-social behaviour,,
5ef42357e42a85f81e7e59d476faf1a79d00734c781f53799d2cc5acd81faa9c,2021-06,Derbyshire Constabulary,Derbyshire Constabulary,-1.450772,53.220584,On or near Petrol Station,E01019772,North East Derbyshire 008B,Burglary,Investigation complete; no suspect identified,
bc8b8abe648b6cd2a01b53cd1efdeaf3cc3d1d1f5ef32305fe4dcb4260280219,2021-06,Derbyshire Constabulary,Derbyshire Constabulary,-1.450772,53.220584,On or near Petrol Station,E01019772,North East Derbyshire 008B,Other theft,Investigation complete; no suspect identified,
1dc551be2ac681df19ef70588218abbe5244dcbf946fd2dcba4c5d4b043cad08,2021-06,Derbyshire Constabulary,Derbyshire Constabulary,-1.499188,53.218451,On or near Gallery Lane,E01019772,North East Derbyshire 008B,Public order,Unable to prosecute suspect,
e262b7cc20f825bc2bb323b71c1d24853fc91fa971075d3ac8708e8c24074133,2021-06,Derbyshire Constabulary,Derbyshire Constabulary,-1.499188,53.218451,On or near Gallery Lane,E01019772,North East Derbyshire 008B,Public order,Unable to prosecute suspect,
1662c84efff951bb2dad1bd65d2610211420e596320adec39b6d7139a9ce416a,2021-06,Derbyshire Constabulary,Derbyshire Constabulary,-1.499188,53.218451,On or near Gallery Lane,E01019772,North East Derbyshire 008B,Public order,Unable to prosecute suspect,
e48ab84fcd9bf6c22cc78a1ac74ff4f896df2048438b9dc60539b7d82b084ac7,2021-06,Derbyshire Constabulary,Derbyshire Constabulary,-1.450772,53.220584,On or near Petrol Station,E01019772,North East Derbyshire 008B,Public order,Investigation complete; no suspect identified,
60ae0b31ef9e9ac6bb9f94c2afd8cd5ceaef769f9e3504612ea15e1f3fb76ec0,2021-06,Derbyshire Constabulary,Derbyshire Constabulary,-1.465374,53.219481,On or near St Johns Close,E01019772,North East Derbyshire 008B,Public order,Unable to prosecute suspect,
eb20f128e1a210cf0ded5412cd912c1e68fd89377fce479ea6a0203ec3863141,2021-06,Derbyshire Constabulary,Derbyshire Constabulary,-1.451671,53.206529,On or near Harehill Crescent,E01019828,North East Derbyshire 008C,Other theft,Investigation complete; no suspect identified,
21a8c70a3a4209424f82d99f7376848af6ad535e6e44afd41aacfce53c4ca64e,2021-06,Derbyshire Constabulary,Derbyshire Constabulary,-1.444243,53.206629,On or near Edinburgh Road,E01019828,North East Derbyshire 008C,Public order,Unable to prosecute suspect,
1bf3a09b3c3bab5d789eb32b51aea6e6827f42cc98f5980bcfbbc070db18c5b3,2021-06,Derbyshire Constabulary,Derbyshire Constabulary,-1.444243,53.206629,On or near Edinburgh Road,E01019828,North East Derbyshire 008C,Shoplifting,Investigation complete; no suspect identified,
b0b25e55e5d74388354756ce5f9af683b0a34995645592dcc4c8ffba640125c0,2021-06,Derbyshire Constabulary,Derbyshire Constabulary,-1.444243,53.206629,On or near Edinburgh Road,E01019828,North East Derbyshire 008C,Shoplifting,Investigation complete; no suspect identified,
0289c9b5aad6c574fe39c1100f8a20e99768956f8222caebdacc4993862913a1,2021-06,Derbyshire Constabulary,Derbyshire Constabulary,-1.445971,53.204974,On or near Rectory Drive,E01019828,North East Derbyshire 008C,Violence and sexual offences,Status update unavailable,
,2021-06,Derbyshire Constabulary,Derbyshire Constabulary,-1.436787,53.198612,On or near Lake Lands,E01019829,North East Derbyshire 008D,Anti-social behaviour,,
33a8c497be578b57db6e9e2453c8bce5bbe753527c7c849dcfd29ca3a0a00f53,2021-06,Derbyshire Constabulary,Derbyshire Constabulary,-1.437577,53.201178,On or near Allendale Road,E01019829,North East Derbyshire 008D,Violence and sexual offences,Unable to prosecute suspect,
32215ce2645839ffea6a4094fc64630283f167a3f4905d496910e1a2cae13fe1,2021-06,Derbyshire Constabulary,Derbyshire Constabulary,-1.438159,53.200201,On or near Sports/Recreation Area,E01019829,North East Derbyshire 008D,Violence and sexual offences,Unable to prosecute suspect,
771e8f573b3a14d2a76fe959c8ee8fc0e62307b76d3af2381690d102acec6f65,2021-06,Derbyshire Constabulary,Derbyshire Constabulary,-1.440440,53.198602,On or near New Road,E01019829,North East Derbyshire 008D,Violence and sexual offences,Unable to prosecute suspect,
b9c820176f7bbd2bf275b1a4e9d3ac07c2570cda4f34e9a5110aa79ea11f3cf4,2021-06,Derbyshire Constabulary,Derbyshire Constabulary,-1.396781,53.199154,On or near Wingerworth Street,E01019796,North East Derbyshire 009A,Bicycle theft,Unable to prosecute suspect,
443f3e4e0eee19d8928587d9c4676767348e364ea98ff9c37735c3a7ef2b3e52,2021-06,Derbyshire Constabulary,Derbyshire Constabulary,-1.401065,53.203319,On or near Keats Way,E01019796,North East Derbyshire 009A,Burglary,Unable to prosecute suspect,
17ecf4552c5c622539611a75b74e16a0054fa2542b42066856a2ecc3c92bdb61,2021-06,Derbyshire Constabulary,Derbyshire Constabulary,-1.396697,53.198740,On or near Frederick Street,E01019796,North East Derbyshire 009A,Criminal damage and arson,Investigation complete; no suspect identified,
970aa94bf9fd66f4a822c88274b6e5fcf2f483f8e05bff9ba5e1e9d522967625,2021-06,Derbyshire Constabulary,Derbyshire Constabulary,-1.399288,53.200856,On or near Tennyson Way,E01019796,North East Derbyshire 009A,Criminal damage and arson,Awaiting court outcome,
b9f6be3c92ab52629113a208fca62184683b7bf973caa897076fc7b170578e6c,2021-06,Derbyshire Constabulary,Derbyshire Constabulary,-1.400934,53.197682,On or near Whitmore Avenue,E01019796,North East Derbyshire 009A,Criminal damage and arson,Awaiting court outcome,
e7668d8e23f30fe1ffbb3a5cdd322e0d5c2de32c84901446b332e588da62575b,2021-06,Derbyshire Constabulary,Derbyshire Constabulary,-1.399276,53.197413,On or near Broom Drive,E01019796,North East Derbyshire 009A,Other theft,Unable to prosecute suspect,
a3e7444c8ae76532d05fb7cca554d6774682fb7e9aae31c1a0d8df49c0da708e,2021-06,Derbyshire Constabulary,Derbyshire Constabulary,-1.399288,53.200856,On or near Tennyson Way,E01019796,North East Derbyshire 009A,Violence and sexual offences,Unable to prosecute suspect,
06c93758ae6dac617abfba25b81f526ffa8ae6b3c1f0af27343d2c1e5a9b4e69,2021-06,Derbyshire Constabulary,Derbyshire Constabulary,-1.399231,53.199552,On or near Byron Close,E01019796,North East Derbyshire 009A,Violence and sexual offences,Unable to prosecute suspect,
5766a8b435e76aa4364ab7137317e86b4dfe9c22c4cb1bbcf2d3b3c8be7cb3d6,2021-06,Derbyshire Constabulary,Derbyshire Constabulary,-1.400934,53.197682,On or near Whitmore Avenue,E01019796,North East Derbyshire 009A,Violence and sexual offences,Unable to prosecute suspect,
acfd2908336915c24dcea2519e5414ef9e668c6191cae093913491e3a59021ac,2021-06,Derbyshire Constabulary,Derbyshire Constabulary,-1.400845,53.200810,On or near Shakespeare Street,E01019796,North East Derbyshire 009A,Violence and sexual offences,Unable to prosecute suspect,
c5faeb545be11faee998245ea8ae2bcd36db03cdbab7d9d154c1c50d774a5e67,2021-06,Derbyshire Constabulary,Derbyshire Constabulary,-1.399288,53.200856,On or near Tennyson Way,E01019796,North East Derbyshire 009A,Violence and sexual offences,Unable to prosecute suspect,
bdb2edbfb0fe851c2775b638258b2c9b0e4201c2db2dc5432df541ca41bf84b6,2021-06,Derbyshire Constabulary,Derbyshire Constabulary,-1.396697,53.198740,On or near Frederick Street,E01019796,North East Derbyshire 009A,Violence and sexual offences,Status update unavailable,
71291a8b05624037336d4c7a3b4e6c64716a3a343a9d0ca7d7a4fd407113cff1,2021-06,Derbyshire Constabulary,Derbyshire Constabulary,-1.400934,53.197682,On or near Whitmore Avenue,E01019796,North East Derbyshire 009A,Violence and sexual offences,Unable to prosecute suspect,
0cb8926eaa27480fd41f472778d8a28ae3fda2460702dfed448f12de7cda9800,2021-06,Derbyshire Constabulary,Derbyshire Constabulary,-1.396697,53.198740,On or near Frederick Street,E01019796,North East Derbyshire 009A,Violence and sexual offences,Unable to prosecute suspect,
dbe96c939b3b53e2a0093001fff6d66cdec3faa8fde311bc9f05e9203751be9a,2021-06,Derbyshire Constabulary,Derbyshire Constabulary,-1.400169,53.198811,On or near Mill Lane,E01019796,North East Derbyshire 009A,Violence and sexual offences,Unable to prosecute suspect,
7b24b043a714ed26a9fdaa024052cb7bbe6fbcfe3db88b99fa2d10802176ff38,2021-06,Derbyshire Constabulary,Derbyshire Constabulary,-1.396697,53.198740,On or near Frederick Street,E01019796,North East Derbyshire 009A,Violence and sexual offences,Unable to prosecute suspect,
82f52b1e8ed0b812f121b7e7b99bcb531760ed1a41ea946a7ee8782c74c48d4b,2021-06,Derbyshire Constabulary,Derbyshire Constabulary,-1.400169,53.198811,On or near Mill Lane,E01019796,North East Derbyshire 009A,Violence and sexual offences,Status update unavailable,
aae1c8859a1d7b69e986dec9f149bd1efaecc41bd76db344be696cef4cb27c07,2021-06,Derbyshire Constabulary,Derbyshire Constabulary,-1.397689,53.196336,On or near Grange Walk,E01019796,North East Derbyshire 009A,Violence and sexual offences,Investigation complete; no suspect identified,
a6907ece9f0065b3e20c70e14a648e86ea51621fd799f879e358baab460844ae,2021-06,Derbyshire Constabulary,Derbyshire Constabulary,-1.400845,53.200810,On or near Shakespeare Street,E01019796,North East Derbyshire 009A,Violence and sexual offences,Unable to prosecute suspect,
6e9f64c58dc6e7aae1274ca0ac1e1b1168d0014d4b3805a11465e07c92d2a467,2021-06,Derbyshire Constabulary,Derbyshire Constabulary,-1.400934,53.197682,On or near Whitmore Avenue,E01019796,North East Derbyshire 009A,Violence and sexual offences,Unable to prosecute suspect,
9c79169dffca715d38ddfd994908f7fa858a74361c218e1d36e7e629bd9f5ef7,2021-06,Derbyshire Constabulary,Derbyshire Constabulary,-1.400934,53.197682,On or near Whitmore Avenue,E01019796,North East Derbyshire 009A,Violence and sexual offences,Unable to prosecute suspect,
25ef52b918ab99a40b62874910970f7cb4b6b6933b291ddda812b09eaca084b8,2021-06,Derbyshire Constabulary,Derbyshire Constabulary,-1.397435,53.199489,On or near Henry Street,E01019796,North East Derbyshire 009A,Violence and sexual offences,Unable to prosecute suspect,
bb86dc25e854bfecb62d1b3050a89e1dde9f44de7f87a35bdb9d3d2b4ee1f0d6,2021-06,Derbyshire Constabulary,Derbyshire Constabulary,-1.396697,53.198740,On or near Frederick Street,E01019796,North East Derbyshire 009A,Violence and sexual offences,Unable to prosecute suspect,
,2021-06,Derbyshire Constabulary,Derbyshire Constabulary,-1.390649,53.194556,On or near Southend,E01019797,North East Derbyshire 009B,Anti-social behaviour,,
,2021-06,Derbyshire Constabulary,Derbyshire Constabulary,-1.393665,53.198275,On or near Devon Close,E01019797,North East Derbyshire 009B,Anti-social behaviour,,
,2021-06,Derbyshire Constabulary,Derbyshire Constabulary,-1.393780,53.199714,On or near Chapman Lane,E01019797,North East Derbyshire 009B,Anti-social behaviour,,
,2021-06,Derbyshire Constabulary,Derbyshire Constabulary,-1.395630,53.200119,On or near Chapel Road,E01019797,North East Derbyshire 009B,Anti-social behaviour,,
,2021-06,Derbyshire Constabulary,Derbyshire Constabulary,-1.393044,53.195593,On or near Petrol Station,E01019797,North East Derbyshire 009B,Anti-social behaviour,,
,2021-06,Derbyshire Constabulary,Derbyshire Constabulary,-1.393021,53.200411,On or near Chiltern Close,E01019797,North East Derbyshire 009B,Anti-social behaviour,,
e5c43c73a5c3fb4453265828adcf3731e184b771c1c65f276af91b8da6b0c692,2021-06,Derbyshire Constabulary,Derbyshire Constabulary,-1.390649,53.194556,On or near Southend,E01019797,North East Derbyshire 009B,Criminal damage and arson,Offender given a caution,
3e2fbc98f918d9d2ebd16e3145e905c3cc0acbe01964ab4849db8b19319e9a17,2021-06,Derbyshire Constabulary,Derbyshire Constabulary,-1.393665,53.198275,On or near Devon Close,E01019797,North East Derbyshire 009B,Criminal damage and arson,Unable to prosecute suspect,
b0b288f6d179b1f7bb7b461aee3c0593a7e4039742673732f3811e69b22af789,2021-06,Derbyshire Constabulary,Derbyshire Constabulary,-1.393021,53.200411,On or near Chiltern Close,E01019797,North East Derbyshire 009B,Drugs,Offender given a caution,
a5052cf0e547494ab00d2fa19dbafdadd95a4035037576a1d5238913e740ecdd,2021-06,Derbyshire Constabulary,Derbyshire Constabulary,-1.390831,53.195429,On or near Vernon Rise,E01019797,North East Derbyshire 009B,Other theft,Investigation complete; no suspect identified,
c74c7941b24e9f4a460527c4500395d504b2637fc0d2c62cc72e211dbbba9e1c,2021-06,Derbyshire Constabulary,Derbyshire Constabulary,-1.393780,53.199714,On or near Chapman Lane,E01019797,North East Derbyshire 009B,Public order,Unable to prosecute suspect,
510442a371ac1b6775d7ba47cb9687db8db18c0011950814969b59cf0f44c25d,2021-06,Derbyshire Constabulary,Derbyshire Constabulary,-1.393044,53.195593,On or near Petrol Station,E01019797,North East Derbyshire 009B,Public order,Unable to prosecute suspect,
99584616919f7267073616a1a433b0a1f04f6ef75cf3a0d5380608ee5038ea39,2021-06,Derbyshire Constabulary,Derbyshire Constabulary,-1.393780,53.199714,On or near Chapman Lane,E01019797,North East Derbyshire 009B,Public order,Unable to prosecute suspect,
9a54760711b1213def8c18f61ba92da7c533ccf2e46c8373b7eb7ddc1c1c869b,2021-06,Derbyshire Constabulary,Derbyshire Constabulary,-1.393397,53.194974,On or near Birkin Lane West,E01019797,North East Derbyshire 009B,Public order,Investigation complete; no suspect identified,
ef3b891a8fab4d9ca20eb5badae749fc28846c7bfa7350813c36491f02e78be9,2021-06,Derbyshire Constabulary,Derbyshire Constabulary,-1.394976,53.200870,On or near New Street,E01019797,North East Derbyshire 009B,Violence and sexual offences,Unable to prosecute suspect,
82f52b1e8ed0b812f121b7e7b99bcb531760ed1a41ea946a7ee8782c74c48d4b,2021-06,Derbyshire Constabulary,Derbyshire Constabulary,-1.393397,53.194974,On or near Birkin Lane West,E01019797,North East Derbyshire 009B,Violence and sexual offences,Further investigation is not in the public interest,
25d651b4ad83275321250b43e3f758938e0c442e2c0ae0ea8c32844b021203d6,2021-06,Derbyshire Constabulary,Derbyshire Constabulary,-1.393021,53.200411,On or near Chiltern Close,E01019797,North East Derbyshire 009B,Violence and sexual offences,Unable to prosecute suspect,
ca524ad196a6273824c191a534eb5c08f96c848490ad3958432a5398f21b57ce,2021-06,Derbyshire Constabulary,Derbyshire Constabulary,-1.393414,53.199119,On or near Cornwall Drive,E01019797,North East Derbyshire 009B,Violence and sexual offences,Unable to prosecute suspect,
96ed0d4885102b63d430b2615429ae742e5c3ae868fb2db6aac3052c4f79a5e6,2021-06,Derbyshire Constabulary,Derbyshire Constabulary,-1.390649,53.194556,On or near Southend,E01019797,North East Derbyshire 009B,Violence and sexual offences,Unable to prosecute suspect,
94392729e5312fa7262c32274a175c13f6f68632ae46b7ac3acf5a6a91f87418,2021-06,Derbyshire Constabulary,Derbyshire Constabulary,-1.390649,53.194556,On or near Southend,E01019797,North East Derbyshire 009B,Violence and sexual offences,Unable to prosecute suspect,
,2021-06,Derbyshire Constabulary,Derbyshire Constabulary,-1.351704,53.190494,On or near Cavendish Close,E01019799,North East Derbyshire 009C,Anti-social behaviour,,
,2021-06,Derbyshire Constabulary,Derbyshire Constabulary,-1.355136,53.190180,On or near Wood Street,E01019799,North East Derbyshire 009C,Anti-social behaviour,,
,2021-06,Derbyshire Constabulary,Derbyshire Constabulary,-1.352875,53.189269,On or near St Albans Close,E01019799,North East Derbyshire 009C,Anti-social behaviour,,
,2021-06,Derbyshire Constabulary,Derbyshire Constabulary,-1.359293,53.190427,On or near Dickens Drive,E01019799,North East Derbyshire 009C,Anti-social behaviour,,
,2021-06,Derbyshire Constabulary,Derbyshire Constabulary,-1.347489,53.193069,On or near Fern Close,E01019799,North East Derbyshire 009C,Anti-social behaviour,,
,2021-06,Derbyshire Constabulary,Derbyshire Constabulary,-1.352875,53.189269,On or near St Albans Close,E01019799,North East Derbyshire 009C,Anti-social behaviour,,
e7a6c305f75cdc2a24a38f5d8bde3cf8347c250712ead372f438ca06e2957c74,2021-06,Derbyshire Constabulary,Derbyshire Constabulary,-1.340573,53.200941,On or near Petrol Station,E01019799,North East Derbyshire 009C,Burglary,Investigation complete; no suspect identified,
fbc7384a2acccf85c70376076385f5e9bfa933a894563a03c78646965db3dc29,2021-06,Derbyshire Constabulary,Derbyshire Constabulary,-1.361150,53.190321,On or near Lawrence Avenue,E01019799,North East Derbyshire 009C,Criminal damage and arson,Unable to prosecute suspect,
2c937ef16f7ebef018355010f1ab3afdc9e4296afd692310b89eb0b33e957941,2021-06,Derbyshire Constabulary,Derbyshire Constabulary,-1.361150,53.190321,On or near Lawrence Avenue,E01019799,North East Derbyshire 009C,Criminal damage and arson,Investigation complete; no suspect identified,
3e577395073e6e8d5a562a7515cc01978d4b5eee681183bb393a338237f5a9df,2021-06,Derbyshire Constabulary,Derbyshire Constabulary,-1.332060,53.195824,On or near Main Road,E01019799,North East Derbyshire 009C,Criminal damage and arson,Investigation complete; no suspect identified,
b94c013aedff394d9cc76907f503f1622884b2916ce1f17aac814ce740aa1cb6,2021-06,Derbyshire Constabulary,Derbyshire Constabulary,-1.345293,53.195727,On or near Lilac Close,E01019799,North East Derbyshire 009C,Criminal damage and arson,Unable to prosecute suspect,
5afd6e44b01e940daeef05d69f3772c5688b320287b111c69ca63bca3dbd9692,2021-06,Derbyshire Constabulary,Derbyshire Constabulary,-1.347371,53.193967,On or near Bracken Avenue,E01019799,North East Derbyshire 009C,Criminal damage and arson,Unable to prosecute suspect,
5f92596339fa6bb98bfe7dc3d2cb228401a54ffece800968e8bde4f7e79429da,2021-06,Derbyshire Constabulary,Derbyshire Constabulary,-1.361150,53.190321,On or near Lawrence Avenue,E01019799,North East Derbyshire 009C,Criminal damage and arson,Unable to prosecute suspect,
59506f0e2e3918a28b01c190db926c6055c1c1c2ac9a9e977eb8c0a46a607260,2021-06,Derbyshire Constabulary,Derbyshire Constabulary,-1.340573,53.200941,On or near Petrol Station,E01019799,North East Derbyshire 009C,Other theft,Investigation complete; no suspect identified,
2ab97745afc0c8c7fec43cb660d2fb615f9ab18e1c230df7b7b7727ce55d2789,2021-06,Derbyshire Constabulary,Derbyshire Constabulary,-1.351704,53.190494,On or near Cavendish Close,E01019799,North East Derbyshire 009C,Vehicle crime,Unable to prosecute suspect,
feff9ae483d85eaeab0a9499b52d3b4b3fdc4ab0a2f445832e7198c892cb8b80,2021-06,Derbyshire Constabulary,Derbyshire Constabulary,-1.332060,53.195824,On or near Main Road,E01019799,North East Derbyshire 009C,Violence and sexual offences,Unable to prosecute suspect,
e1c54eb2431ca2c7e93925d70e3117e9c9c7054248d5831ce5870f5130917e35,2021-06,Derbyshire Constabulary,Derbyshire Constabulary,-1.355375,53.189175,On or near Hunloke Road,E01019799,North East Derbyshire 009C,Violence and sexual offences,Unable to prosecute suspect,
b88f0a4bf0169d5ca6c459f02d72c459b77525bc3f3227e4133d6f1db72977a9,2021-06,Derbyshire Constabulary,Derbyshire Constabulary,-1.355375,53.189175,On or near Hunloke Road,E01019799,North East Derbyshire 009C,Violence and sexual offences,Unable to prosecute suspect,
9ca08e7b6e7dfded47925f124b2fa3dc3aeeb6b30a1348cfac78ac69789421f7,2021-06,Derbyshire Constabulary,Derbyshire Constabulary,-1.361150,53.190321,On or near Lawrence Avenue,E01019799,North East Derbyshire 009C,Violence and sexual offences,Unable to prosecute suspect,
284c1199c5d3c568c3986f0adbf939b5a62f6d42ef8a21326c98b4bcd97b28c6,2021-06,Derbyshire Constabulary,Derbyshire Constabulary,-1.361150,53.190321,On or near Lawrence Avenue,E01019799,North East Derbyshire 009C,Violence and sexual offences,Further investigation is not in the public interest,
770668aae6c141168c9cfa51f41609fdca747a5ec459cc57c69895706dbbc18a,2021-06,Derbyshire Constabulary,Derbyshire Constabulary,-1.331958,53.197576,On or near Vicarage Close,E01019799,North East Derbyshire 009C,Violence and sexual offences,Investigation complete; no suspect identified,
df9a1fd29e9ece6087da327a57d55acf0c370c9c9b4120406e054718579ec854,2021-06,Derbyshire Constabulary,Derbyshire Constabulary,-1.362499,53.190211,On or near Shaw Street,E01019799,North East Derbyshire 009C,Violence and sexual offences,Unable to prosecute suspect,
70232c9e421f9629417ea06f5c9975ed0868721005451bd74e2b2e1654df41fb,2021-06,Derbyshire Constabulary,Derbyshire Constabulary,-1.361150,53.190321,On or near Lawrence Avenue,E01019799,North East Derbyshire 009C,Violence and sexual offences,Unable to prosecute suspect,
75db56bf2e36a99f029b06de5e4a45ecede04fd9d92ede602f6a9ea1c74dc0ea,2021-06,Derbyshire Constabulary,Derbyshire Constabulary,-1.347371,53.193967,On or near Bracken Avenue,E01019799,North East Derbyshire 009C,Violence and sexual offences,Unable to prosecute suspect,
fcd6099edac71d9482acfa955b5ef33613887cc08ceeedf0a1582bdd7463043c,2021-06,Derbyshire Constabulary,Derbyshire Constabulary,-1.343742,53.192419,On or near A6175,E01019799,North East Derbyshire 009C,Violence and sexual offences,Unable to prosecute suspect,
2b12845e2ebf976e7e960e346f38be9c8b853c18c30614b966e15da039c21bfe,2021-06,Derbyshire Constabulary,Derbyshire Constabulary,-1.345866,53.193528,On or near Heather Avenue,E01019799,North East Derbyshire 009C,Other crime,Further investigation is not in the public interest,
,2021-06,Derbyshire Constabulary,Derbyshire Constabulary,-1.352949,53.188317,On or near Old Colliery Lane,E01019800,North East Derbyshire 009D,Anti-social behaviour,,
,2021-06,Derbyshire Constabulary,Derbyshire Constabulary,-1.357236,53.185868,On or near Springfield Road,E01019800,North East Derbyshire 009D,Anti-social behaviour,,
,2021-06,Derbyshire Constabulary,Derbyshire Constabulary,-1.355321,53.187844,On or near Heath Road,E01019800,North East Derbyshire 009D,Anti-social behaviour,,
,2021-06,Derbyshire Constabulary,Derbyshire Constabulary,-1.355321,53.187844,On or near Heath Road,E01019800,North East Derbyshire 009D,Anti-social behaviour,,
078265b4f22c9795c5d81baa60613abe1eea2b4daaa8a434053b9e59afbdc31f,2021-06,Derbyshire Constabulary,Derbyshire Constabulary,-1.355321,53.187844,On or near Heath Road,E01019800,North East Derbyshire 009D,Burglary,Investigation complete; no suspect identified,
2d8ad1523a0eea7ae8a57d6c9a228919177ecbbd74890e00dc034129c2081085,2021-06,Derbyshire Constabulary,Derbyshire Constabulary,-1.358971,53.185913,On or near Mornington Road,E01019800,North East Derbyshire 009D,Criminal damage and arson,Investigation complete; no suspect identified,
277f4421afbf6c3b089a8a31516b8d9357005d45223165741a9e5eda9f0d1e80,2021-06,Derbyshire Constabulary,Derbyshire Constabulary,-1.352949,53.188317,On or near Old Colliery Lane,E01019800,North East Derbyshire 009D,Criminal damage and arson,Investigation complete; no suspect identified,
829c226a8cfe9a2eba78d9e30c77f3c80dbd011b6d941a1afff22bc1bb01ac82,2021-06,Derbyshire Constabulary,Derbyshire Constabulary,-1.355321,53.187844,On or near Heath Road,E01019800,North East Derbyshire 009D,Criminal damage and arson,Investigation complete; no suspect identified,
97caa7e75e2e2a52f8a6f7f77a2590c716491cb7a10acbdd26288a2990e0aef2,2021-06,Derbyshire Constabulary,Derbyshire Constabulary,-1.362962,53.188227,On or near Petrol Station,E01019800,North East Derbyshire 009D,Shoplifting,Unable to prosecute suspect,
ae53ac8b7c0f25cbd4da7d647339b3a3c2fcc97bcc6936a24a25ab5a2b518730,2021-06,Derbyshire Constabulary,Derbyshire Constabulary,-1.363094,53.187436,On or near Ralley Close,E01019800,North East Derbyshire 009D,Vehicle crime,Investigation complete; no suspect identified,
da48f05d62eda24cb080172c46f000ec0d202a699294b3130f6b49e30fd1a469,2021-06,Derbyshire Constabulary,Derbyshire Constabulary,-1.362962,53.188227,On or near Petrol Station,E01019800,North East Derbyshire 009D,Violence and sexual offences,Awaiting court outcome,
e37db81fe248f4810740ef129fcdd16226fcd2e028d6e91566c9f2e2e99cabf8,2021-06,Derbyshire Constabulary,Derbyshire Constabulary,-1.363753,53.185399,On or near Meadow View,E01019800,North East Derbyshire 009D,Violence and sexual offences,Unable to prosecute suspect,
0dfecd64c3bb45c7c140fcfe3c9b02392c099ceb3dec4030c9b669a91c20f33b,2021-06,Derbyshire Constabulary,Derbyshire Constabulary,-1.362962,53.188227,On or near Petrol Station,E01019800,North East Derbyshire 009D,Violence and sexual offences,Investigation complete; no suspect identified,
f6580e42eeb48f449bc553c66550516c1017964c161a0358327b81df22e0477d,2021-06,Derbyshire Constabulary,Derbyshire Constabulary,-1.358684,53.188087,On or near Hall Farm Gardens,E01019800,North East Derbyshire 009D,Violence and sexual offences,Investigation complete; no suspect identified,
af9eef6e65ed4c27a035c042eb65ee9d874fc52038e3834bc117987559e791f0,2021-06,Derbyshire Constabulary,Derbyshire Constabulary,-1.361701,53.187483,On or near Glebe Close,E01019800,North East Derbyshire 009D,Violence and sexual offences,Unable to prosecute suspect,
d2ffa8db0440f492b86dd839bcd5dbc5567ac33913454f7aa9a51ee51521b67e,2021-06,Derbyshire Constabulary,Derbyshire Constabulary,-1.355321,53.187844,On or near Heath Road,E01019800,North East Derbyshire 009D,Violence and sexual offences,Offender given a caution,
fc4ab812f1d551548398dd28225e2aff0989058588299b9c8e29571b58c091a8,2021-06,Derbyshire Constabulary,Derbyshire Constabulary,-1.362962,53.188227,On or near Petrol Station,E01019800,North East Derbyshire 009D,Violence and sexual offences,Investigation complete; no suspect identified,
,2021-06,Derbyshire Constabulary,Derbyshire Constabulary,-1.384152,53.187295,On or near Alma Road,E01019808,North East Derbyshire 009E,Anti-social behaviour,,
,2021-06,Derbyshire Constabulary,Derbyshire Constabulary,-1.386408,53.185482,On or near Alice'S View,E01019808,North East Derbyshire 009E,Anti-social behaviour,,
,2021-06,Derbyshire Constabulary,Derbyshire Constabulary,-1.386997,53.182986,On or near Greenland Close,E01019808,North East Derbyshire 009E,Anti-social behaviour,,
902efc5f8c7de5d92fc7e930bd4248af88224cce2093d64f443a6b73d968e966,2021-06,Derbyshire Constabulary,Derbyshire Constabulary,-1.386348,53.184466,On or near Beeley Close,E01019808,North East Derbyshire 009E,Criminal damage and arson,Investigation complete; no suspect identified,
5984a01de0ce41858c20027dbac3ba21a7976bdcb4bd66361653c897b9a8a815,2021-06,Derbyshire Constabulary,Derbyshire Constabulary,-1.387675,53.186900,On or near Chesterfield Road,E01019808,North East Derbyshire 009E,Drugs,Investigation complete; no suspect identified,
522d1e5b5fb5a41b1fb28de17c1d55fadad4d1f71b54c8b3334a638cd4ee1b2b,2021-06,Derbyshire Constabulary,Derbyshire Constabulary,-1.381856,53.186690,On or near Hucklow Avenue,E01019808,North East Derbyshire 009E,Other theft,Unable to prosecute suspect,
ec4a672764051a815e1c11bf7e0724a8e27789cc554da38d1c3a557acf248e83,2021-06,Derbyshire Constabulary,Derbyshire Constabulary,-1.384930,53.186320,On or near Lings Crescent,E01019808,North East Derbyshire 009E,Other theft,Unable to prosecute suspect,
8adec202f3d5a46e1d52b356b0d6dc4a555ea65b5e672089d7f17594ca76249c,2021-06,Derbyshire Constabulary,Derbyshire Constabulary,-1.384898,53.184324,On or near Calver Avenue,E01019808,North East Derbyshire 009E,Violence and sexual offences,Unable to prosecute suspect,
5d21325194624d20a1cd1c3f021c997995f9b0eff235e3ae98b88d940c5d0584,2021-06,Derbyshire Constabulary,Derbyshire Constabulary,-1.387675,53.186900,On or near Chesterfield Road,E01019808,North East Derbyshire 009E,Violence and sexual offences,Status update unavailable,
f4f0af60c5e66007ba23ba7393bfb462010af2ca0f8b7d6410bbf4b948372207,2021-06,Derbyshire Constabulary,Derbyshire Constabulary,-1.384898,53.184324,On or near Calver Avenue,E01019808,North East Derbyshire 009E,Violence and sexual offences,Unable to prosecute suspect,
73107119e3eb9e9d5e5d0c17271c0a1987a2618de75190bddd29c95f7920662a,2021-06,Derbyshire Constabulary,Derbyshire Constabulary,-1.386997,53.182986,On or near Greenland Close,E01019808,North East Derbyshire 009E,Violence and sexual offences,Unable to prosecute suspect,
2c94289787c71f9673794b50864301546c947231e3d5ba71463a23d03f3b9fa1,2021-06,Derbyshire Constabulary,Derbyshire Constabulary,-1.386408,53.185482,On or near Alice'S View,E01019808,North East Derbyshire 009E,Violence and sexual offences,Unable to prosecute suspect,
9631214da61e19845233b89d8e24f9058e755b37f6458a70785d8f0fb895c04f,2021-06,Derbyshire Constabulary,Derbyshire Constabulary,-1.384930,53.186320,On or near Lings Crescent,E01019808,North East Derbyshire 009E,Violence and sexual offences,Unable to prosecute suspect,
d7adc363dc1a873271d5c9116b9655cc2e57bff4402e98897a9b65d6567569b6,2021-06,Derbyshire Constabulary,Derbyshire Constabulary,-1.384152,53.187295,On or near Alma Road,E01019808,North East Derbyshire 009E,Violence and sexual offences,Unable to prosecute suspect,
19a8337bd747aee7a757f903b8c8cd44dd23402aa7809cae82d8301bd4cda925,2021-06,Derbyshire Constabulary,Derbyshire Constabulary,-1.387675,53.186900,On or near Chesterfield Road,E01019808,North East Derbyshire 009E,Violence and sexual offences,Unable to prosecute suspect,
8e75d6a9029f76ab04ea81dde5ba283b613412514896275f331ebf4d6a393b51,2021-06,Derbyshire Constabulary,Derbyshire Constabulary,-1.387675,53.186900,On or near Chesterfield Road,E01019808,North East Derbyshire 009E,Other crime,Further investigation is not in the public interest,
,2021-06,Derbyshire Constabulary,Derbyshire Constabulary,-1.409922,53.191749,On or near North Side,E01019826,North East Derbyshire 009F,Anti-social behaviour,,
,2021-06,Derbyshire Constabulary,Derbyshire Constabulary,-1.409922,53.191749,On or near North Side,E01019826,North East Derbyshire 009F,Anti-social behaviour,,
,2021-06,Derbyshire Constabulary,Derbyshire Constabulary,-1.409922,53.191749,On or near North Side,E01019826,North East Derbyshire 009F,Anti-social behaviour,,
,2021-06,Derbyshire Constabulary,Derbyshire Constabulary,-1.408517,53.186124,On or near Wingfield Road,E01019826,North East Derbyshire 009F,Anti-social behaviour,,
d8ff5901df6f7a6cf501984ec563051a0ca9ca9e89192b2e6a6354a54ac6184d,2021-06,Derbyshire Constabulary,Derbyshire Constabulary,-1.409922,53.191749,On or near North Side,E01019826,North East Derbyshire 009F,Criminal damage and arson,Investigation complete; no suspect identified,
9f090f1f0e57657e0383e880ec4f266577131ce471d1469c8bc83e8cbb5a4bbb,2021-06,Derbyshire Constabulary,Derbyshire Constabulary,-1.408517,53.186124,On or near Wingfield Road,E01019826,North East Derbyshire 009F,Criminal damage and arson,Status update unavailable,
e590b2395d529597f0723f3dd02b53fbdf0203ff17f3908a2df5895c271b0531,2021-06,Derbyshire Constabulary,Derbyshire Constabulary,-1.409922,53.191749,On or near North Side,E01019826,North East Derbyshire 009F,Criminal damage and arson,Investigation complete; no suspect identified,
3e9773f5e38a58dce291a6ac7f9370bfdead6258df5d41c8fc28c17c2a59e7fe,2021-06,Derbyshire Constabulary,Derbyshire Constabulary,-1.408517,53.186124,On or near Wingfield Road,E01019826,North East Derbyshire 009F,Public order,Status update unavailable,
e3b91dbfae69ed7f28c7f662b7c05d172f0d38ee38586bd4e4f5582523806196,2021-06,Derbyshire Constabulary,Derbyshire Constabulary,-1.411846,53.185619,On or near Sales Avenue,E01019826,North East Derbyshire 009F,Public order,Unable to prosecute suspect,
e6aade52b85b4bf0026711f1182c1a8fbb847e09dde35eeb513c873325518155,2021-06,Derbyshire Constabulary,Derbyshire Constabulary,-1.408517,53.186124,On or near Wingfield Road,E01019826,North East Derbyshire 009F,Violence and sexual offences,Status update unavailable,
7bef91478e7aed36e5a6761c264dd5738df5080c83cbc217667d5c94c4a39d93,2021-06,Derbyshire Constabulary,Derbyshire Constabulary,-1.410575,53.186692,On or near Davenport Road,E01019826,North East Derbyshire 009F,Violence and sexual offences,Investigation complete; no suspect identified,
,2021-06,Derbyshire Constabulary,Derbyshire Constabulary,-1.479295,53.165654,On or near Yew Tree Close,E01019769,North East Derbyshire 010A,Anti-social behaviour,,
0eaf5d3affd21f1a1c479f45c6fd94f92469a95102fa4e1f138277be3cf3f320,2021-06,Derbyshire Constabulary,Derbyshire Constabulary,-1.495931,53.197349,On or near Belland Lane,E01019769,North East Derbyshire 010A,Burglary,Investigation complete; no suspect identified,
5af896138ecd65364c736b39483e6ebaa663e76038b4b368c60239d89d49b02d,2021-06,Derbyshire Constabulary,Derbyshire Constabulary,-1.478622,53.164465,On or near Dovecotes,E01019769,North East Derbyshire 010A,Public order,Investigation complete; no suspect identified,
56aec2c092a755b0860c33011f9498cf4ba1ab4af2e8b54aaad776b0dfc8255a,2021-06,Derbyshire Constabulary,Derbyshire Constabulary,-1.478397,53.166936,On or near Malthouse Lane,E01019769,North East Derbyshire 010A,Public order,Investigation complete; no suspect identified,
b78e5051004bc568c4c5031bcbf34efb9fc2b7c1006555315c003708a1be601d,2021-06,Derbyshire Constabulary,Derbyshire Constabulary,-1.478397,53.166936,On or near Malthouse Lane,E01019769,North East Derbyshire 010A,Violence and sexual offences,Unable to prosecute suspect,
766fdb4e7d57d29b1f48ab39dfaef1d65959de727de89e3df42d41b42017ffb5,2021-06,Derbyshire Constabulary,Derbyshire Constabulary,-1.457823,53.166241,On or near Stoney Lane,E01019769,North East Derbyshire 010A,Violence and sexual offences,Status update unavailable,
070e97824e799d60ed176db883168a2fd82afa67f43ec7e499ddf6fc10f3052f,2021-06,Derbyshire Constabulary,Derbyshire Constabulary,-1.474590,53.170038,On or near Hillside,E01019769,North East Derbyshire 010A,Violence and sexual offences,Unable to prosecute suspect,
f88ffdf455512b16ce09ca6ae35e529c88a3fabd2fcafa7bbf2b74cf864a40d3,2021-06,Derbyshire Constabulary,Derbyshire Constabulary,-1.492369,53.187185,On or near Sheeplea Lane,E01019769,North East Derbyshire 010A,Violence and sexual offences,Unable to prosecute suspect,
,2021-06,Derbyshire Constabulary,Derbyshire Constabulary,-1.425592,53.174927,On or near Winster Close,E01019774,North East Derbyshire 010B,Anti-social behaviour,,
,2021-06,Derbyshire Constabulary,Derbyshire Constabulary,-1.420234,53.167332,On or near Parking Area,E01019774,North East Derbyshire 010B,Anti-social behaviour,,
6adff24262b26474aa253e24f0f27f71223e2a43d4305b5900dd2d20f68d5211,2021-06,Derbyshire Constabulary,Derbyshire Constabulary,-1.425319,53.180822,On or near Ashover Road,E01019774,North East Derbyshire 010B,Public order,Offender given a caution,
4c83b9611f463d8b563d622ee56939a92c642cd5de850a344e695470e9b4c6dc,2021-06,Derbyshire Constabulary,Derbyshire Constabulary,-1.426814,53.178654,On or near Sylvan Drive,E01019774,North East Derbyshire 010B,Vehicle crime,Investigation complete; no suspect identified,
610142a3fa97f2f8bcbad98305b196d219c79bb569e88271c3e834a7404cb238,2021-06,Derbyshire Constabulary,Derbyshire Constabulary,-1.423502,53.180220,On or near Woodlands Grove,E01019774,North East Derbyshire 010B,Violence and sexual offences,Unable to prosecute suspect,
26ca180419474f67fea361abaad085c8860db54ba61442a40cf8bee8b1cf3212,2021-06,Derbyshire Constabulary,Derbyshire Constabulary,-1.415804,53.190610,On or near Birkin Avenue,E01019824,North East Derbyshire 010C,Public order,Unable to prosecute suspect,
9a39e3c11f5f88cd012e23c599b0758ec133bb93e6662722e01a82ea8dca0fa9,2021-06,Derbyshire Constabulary,Derbyshire Constabulary,-1.412746,53.196483,On or near Sports/Recreation Area,E01019824,North East Derbyshire 010C,Violence and sexual offences,Unable to prosecute suspect,
2354e3a7a6ae829c75b9c837efa36f0f4000fb57d84c8fee4ab45d3ac53f12e7,2021-06,Derbyshire Constabulary,Derbyshire Constabulary,-1.413941,53.197738,On or near Adlington Avenue,E01019824,North East Derbyshire 010C,Violence and sexual offences,Unable to prosecute suspect,
688975d4ddb530fade3170d863993dba11f527e8f37dbba0d3fffc5aa1116f76,2021-06,Derbyshire Constabulary,Derbyshire Constabulary,-1.412746,53.196483,On or near Sports/Recreation Area,E01019824,North East Derbyshire 010C,Violence and sexual offences,Unable to prosecute suspect,
5eb5e8d6a0f2df927a46d0a029f6b869fa9d9cdce566ac796b9cf3eaf6a10be7,2021-06,Derbyshire Constabulary,Derbyshire Constabulary,-1.415804,53.190610,On or near Birkin Avenue,E01019824,North East Derbyshire 010C,Violence and sexual offences,Status update unavailable,
3eaf731fc0ad7ff322f337fa9b5e4d68f237800e48235f9b72f322fa9b516186,2021-06,Derbyshire Constabulary,Derbyshire Constabulary,-1.412746,53.196483,On or near Sports/Recreation Area,E01019824,North East Derbyshire 010C,Violence and sexual offences,Status update unavailable,
dd787540468cec9d347deee05b187893934ad8b3b91687cb14a4a8901cf01628,2021-06,Derbyshire Constabulary,Derbyshire Constabulary,-1.414946,53.192053,On or near Dale Crescent,E01019824,North East Derbyshire 010C,Violence and sexual offences,Local resolution,
e4a2ccc1cc0128b7407f839d13bb05c8fafa567052a6216cfb57ac2a3dc22822,2021-06,Derbyshire Constabulary,Derbyshire Constabulary,-1.415804,53.190610,On or near Birkin Avenue,E01019824,North East Derbyshire 010C,Violence and sexual offences,Unable to prosecute suspect,
4e5c3c47eb441cee5e02cc3e0eb9aa729c91bdea18e5131c00de31c91fda70e7,2021-06,Derbyshire Constabulary,Derbyshire Constabulary,-1.415747,53.197046,On or near Greenway,E01019824,North East Derbyshire 010C,Other crime,Unable to prosecute suspect,
,2021-06,Derbyshire Constabulary,Derbyshire Constabulary,-1.433161,53.195521,On or near Belfit Drive,E01019830,North East Derbyshire 010D,Anti-social behaviour,,
,2021-06,Derbyshire Constabulary,Derbyshire Constabulary,-1.427300,53.210702,On or near Michael Close,E01019831,North East Derbyshire 010E,Anti-social behaviour,,
,2021-06,Derbyshire Constabulary,Derbyshire Constabulary,-1.384021,53.181820,On or near Williamthorpe Close,E01019809,North East Derbyshire 011A,Anti-social behaviour,,
0a2d1964a0e5da84d43df122d57ea8403fb4afca27a7044368b4266a76a5e902,2021-06,Derbyshire Constabulary,Derbyshire Constabulary,-1.380540,53.181470,On or near Darley Avenue,E01019809,North East Derbyshire 011A,Violence and sexual offences,Investigation complete; no suspect identified,
,2021-06,Derbyshire Constabulary,Derbyshire Constabulary,-1.395701,53.180163,On or near North Street,E01019810,North East Derbyshire 011B,Anti-social behaviour,,
,2021-06,Derbyshire Constabulary,Derbyshire Constabulary,-1.390929,53.180058,On or near Crich Place,E01019810,North East Derbyshire 011B,Anti-social behaviour,,
,2021-06,Derbyshire Constabulary,Derbyshire Constabulary,-1.392063,53.179264,On or near Mayfield Drive,E01019810,North East Derbyshire 011B,Anti-social behaviour,,
,2021-06,Derbyshire Constabulary,Derbyshire Constabulary,-1.395701,53.180163,On or near North Street,E01019810,North East Derbyshire 011B,Anti-social behaviour,,
,2021-06,Derbyshire Constabulary,Derbyshire Constabulary,-1.395701,53.180163,On or near North Street,E01019810,North East Derbyshire 011B,Anti-social behaviour,,
2068fa626b9f46750bf769519376cdbba20976b65d99f279b3d37aa857facad0,2021-06,Derbyshire Constabulary,Derbyshire Constabulary,-1.392063,53.179264,On or near Mayfield Drive,E01019810,North East Derbyshire 011B,Criminal damage and arson,Unable to prosecute suspect,
9b40ae2ec7056fff0dc23e9713ecfc24f8f4c1fd04adb3a5fe075fef305c9286,2021-06,Derbyshire Constabulary,Derbyshire Constabulary,-1.389542,53.181867,On or near Draycott Road,E01019810,North East Derbyshire 011B,Criminal damage and arson,Local resolution,
19033d417a6521b16c09bb5e4eb16bd6f4c2435dcf99c8d89a4f5b17b5a82cb2,2021-06,Derbyshire Constabulary,Derbyshire Constabulary,-1.390929,53.180058,On or near Crich Place,E01019810,North East Derbyshire 011B,Public order,Investigation complete; no suspect identified,
de31697a112c6482da39943dcf0a955ded637c65d6628204fc0ace8eb035ce15,2021-06,Derbyshire Constabulary,Derbyshire Constabulary,-1.394132,53.180029,On or near New Street,E01019810,North East Derbyshire 011B,Public order,Unable to prosecute suspect,
621f704e2320660c4fa4f4e7a2c7598742a6c43e05020e81975f2db4299dc4cf,2021-06,Derbyshire Constabulary,Derbyshire Constabulary,-1.389711,53.180537,On or near Bright Street,E01019810,North East Derbyshire 011B,Vehicle crime,Investigation complete; no suspect identified,
9d268059a39b2a74d77ddd120c069fa928cf875c91c929414e72118b9d0351ed,2021-06,Derbyshire Constabulary,Derbyshire Constabulary,-1.394132,53.180029,On or near New Street,E01019810,North East Derbyshire 011B,Violence and sexual offences,Status update unavailable,
17afddb9cdeb91214e178e9318a2dfd95cc5ea8f085915be4034f89843534c55,2021-06,Derbyshire Constabulary,Derbyshire Constabulary,-1.391557,53.182255,On or near Torrani Way,E01019810,North East Derbyshire 011B,Violence and sexual offences,Unable to prosecute suspect,
aa52f3a3850a293bd4e92e8f1707c2ebe0a8dc8132227c74035752de52d568bf,2021-06,Derbyshire Constabulary,Derbyshire Constabulary,-1.391557,53.182255,On or near Torrani Way,E01019810,North East Derbyshire 011B,Violence and sexual offences,Unable to prosecute suspect,
f799196ce0700a2f518d49c2a1b4235d320b2556919df134f0792b85dd6c0e38,2021-06,Derbyshire Constabulary,Derbyshire Constabulary,-1.394449,53.181982,On or near Hamill Close,E01019810,North East Derbyshire 011B,Violence and sexual offences,Unable to prosecute suspect,
434f03fd8f50a564c3570373cd38586ff8346ba52929b11fdadf3a0154111e01,2021-06,Derbyshire Constabulary,Derbyshire Constabulary,-1.391557,53.182255,On or near Torrani Way,E01019810,North East Derbyshire 011B,Violence and sexual offences,Unable to prosecute suspect,
895de912d79f1a77ece18e872aa950d09fe51dfec52621f76ae80fbb2ce7a07e,2021-06,Derbyshire Constabulary,Derbyshire Constabulary,-1.391557,53.182255,On or near Torrani Way,E01019810,North East Derbyshire 011B,Violence and sexual offences,Unable to prosecute suspect,
b9c6b9889d26716e0699fdce7d9f91931e6cc56c40d75645c4da0bf77da98cb9,2021-06,Derbyshire Constabulary,Derbyshire Constabulary,-1.391557,53.182255,On or near Torrani Way,E01019810,North East Derbyshire 011B,Other crime,Unable to prosecute suspect,
dc0240474322c056b80b76932a6d1fdd7d68a053a51972317b48076a53de7fcf,2021-06,Derbyshire Constabulary,Derbyshire Constabulary,-1.393732,53.178679,On or near Winchester Close,E01019811,North East Derbyshire 011C,Vehicle crime,Investigation complete; no suspect identified,
8ca8cb24a36687c19a25d3b8218a062638566a6be54fcde7178e44de5127f70e,2021-06,Derbyshire Constabulary,Derbyshire Constabulary,-1.391033,53.178009,On or near St Lawrence Road,E01019811,North East Derbyshire 011C,Vehicle crime,Awaiting court outcome,
8ed6a647ac8b6a60c007526919e4fc99431c41cce9e47aa13eeda220b2ab8a12,2021-06,Derbyshire Constabulary,Derbyshire Constabulary,-1.393732,53.178679,On or near Winchester Close,E01019811,North East Derbyshire 011C,Violence and sexual offences,Unable to prosecute suspect,
27dba25d5791d909158792b994d99151b7e3ce7157efcc03ce11d7d36ca4b87e,2021-06,Derbyshire Constabulary,Derbyshire Constabulary,-1.393732,53.178679,On or near Winchester Close,E01019811,North East Derbyshire 011C,Violence and sexual offences,Unable to prosecute suspect,
,2021-06,Derbyshire Constabulary,Derbyshire Constabulary,-1.392054,53.165034,On or near Pilsley Road,E01019812,North East Derbyshire 011D,Anti-social behaviour,,
a5a1e87d5d70c6f2e31da60c9c3c6e5baa18173145eedc9be2eedaa3e7a6181b,2021-06,Derbyshire Constabulary,Derbyshire Constabulary,-1.381383,53.168584,On or near Sports/Recreation Area,E01019812,North East Derbyshire 011D,Possession of weapons,Unable to prosecute suspect,
1f760d9adf7eaf638e96929e7a7e42bcf5e66323dfdcd2a58567a1572694118c,2021-06,Derbyshire Constabulary,Derbyshire Constabulary,-1.381383,53.168584,On or near Sports/Recreation Area,E01019812,North East Derbyshire 011D,Public order,Unable to prosecute suspect,
d430bb4a629de6711925313b97227babd40ea3bc53226abdeba33b12463f4737,2021-06,Derbyshire Constabulary,Derbyshire Constabulary,-1.381383,53.168584,On or near Sports/Recreation Area,E01019812,North East Derbyshire 011D,Public order,Awaiting court outcome,
a3b7e76c49a2d713afb39b5a3cef59901a1167ed8aeefb475c4098eb9999f51c,2021-06,Derbyshire Constabulary,Derbyshire Constabulary,-1.359332,53.156665,On or near New Street,E01019812,North East Derbyshire 011D,Violence and sexual offences,Unable to prosecute suspect,
473d8f0d2feea4e3e477582ee46fb3e163315ac2fa47b0694aa3f843670923a9,2021-06,Derbyshire Constabulary,Derbyshire Constabulary,-1.359332,53.156665,On or near New Street,E01019812,North East Derbyshire 011D,Violence and sexual offences,Unable to prosecute suspect,
,2021-06,Derbyshire Constabulary,Derbyshire Constabulary,-1.371985,53.151429,On or near Sports/Recreation Area,E01019813,North East Derbyshire 011E,Anti-social behaviour,,
,2021-06,Derbyshire Constabulary,Derbyshire Constabulary,-1.364708,53.155174,On or near Manor Farm,E01019813,North East Derbyshire 011E,Anti-social behaviour,,
,2021-06,Derbyshire Constabulary,Derbyshire Constabulary,-1.373369,53.159094,On or near Lonsdale Road,E01019813,North East Derbyshire 011E,Anti-social behaviour,,
,2021-06,Derbyshire Constabulary,Derbyshire Constabulary,-1.369512,53.155955,On or near Damon Close,E01019813,North East Derbyshire 011E,Anti-social behaviour,,
,2021-06,Derbyshire Constabulary,Derbyshire Constabulary,-1.369902,53.156874,On or near Peak Close,E01019813,North East Derbyshire 011E,Anti-social behaviour,,
013c34af6e5ae883a8202e1be364ad8adabd83f4d10a72ae57c73b73f792f1b8,2021-06,Derbyshire Constabulary,Derbyshire Constabulary,-1.371269,53.158490,On or near Padley Wood Road,E01019813,North East Derbyshire 011E,Public order,Status update unavailable,
f3a0f6003eb1808d78790ceba2bcff8cd5705df2b14cee306078d3bffb7a13fa,2021-06,Derbyshire Constabulary,Derbyshire Constabulary,-1.369902,53.156874,On or near Peak Close,E01019813,North East Derbyshire 011E,Public order,Unable to prosecute suspect,
fba8db39aca2dce3d032339e88d1890b184694d7022567d0fb7d979359fb5ec6,2021-06,Derbyshire Constabulary,Derbyshire Constabulary,-1.371269,53.158490,On or near Padley Wood Road,E01019813,North East Derbyshire 011E,Public order,Status update unavailable,
b031c533c815b4cd4817b15411f2ef6c6a1ace748d1dc2ba6533ff9401ede0b0,2021-06,Derbyshire Constabulary,Derbyshire Constabulary,-1.367041,53.154144,On or near Elm Road,E01019813,North East Derbyshire 011E,Violence and sexual offences,Unable to prosecute suspect,
fcb5aa9cdd4ce66f81a586f596093b44cd2a80d86107afc7bf8cb2b149d48577,2021-06,Derbyshire Constabulary,Derbyshire Constabulary,-1.369902,53.156874,On or near Peak Close,E01019813,North East Derbyshire 011E,Violence and sexual offences,Unable to prosecute suspect,
745b2600285560c95cdee93816b61fb8667fc0ebe445b137466699cd1184bfd1,2021-06,Derbyshire Constabulary,Derbyshire Constabulary,-1.371379,53.159183,On or near Crow Croft Road,E01019813,North East Derbyshire 011E,Violence and sexual offences,Status update unavailable,
a22d4996aee6d6d78ce72db65cb3df4813305b70c11b1905491261bdee5409c1,2021-06,Derbyshire Constabulary,Derbyshire Constabulary,-1.367041,53.154144,On or near Elm Road,E01019813,North East Derbyshire 011E,Violence and sexual offences,Status update unavailable,
8af1bfec9dfec1eff595956f78c4738fdfd9daaa1831e65b23c24b586d7bdd14,2021-06,Derbyshire Constabulary,Derbyshire Constabulary,-1.371269,53.158490,On or near Padley Wood Road,E01019813,North East Derbyshire 011E,Violence and sexual offences,Unable to prosecute suspect,
b9b768e5a1572a317ce4dee4f8499d3b185e30e9e5e0bfdafe20e57165fde3c9,2021-06,Derbyshire Constabulary,Derbyshire Constabulary,-1.367242,53.156743,On or near Willow Close,E01019813,North East Derbyshire 011E,Violence and sexual offences,Local resolution,
,2021-06,Derbyshire Constabulary,Derbyshire Constabulary,-1.408572,53.183230,On or near Station New Road,E01019825,North East Derbyshire 011F,Anti-social behaviour,,
,2021-06,Derbyshire Constabulary,Derbyshire Constabulary,-1.408572,53.183230,On or near Station New Road,E01019825,North East Derbyshire 011F,Anti-social behaviour,,
,2021-06,Derbyshire Constabulary,Derbyshire Constabulary,-1.409669,53.188377,On or near Madin Street,E01019825,North East Derbyshire 011F,Anti-social behaviour,,
,2021-06,Derbyshire Constabulary,Derbyshire Constabulary,-1.414824,53.183441,On or near Park Road,E01019825,North East Derbyshire 011F,Anti-social behaviour,,
ff88dadc5e8133b4275932923171a1f467a74cf723954ac5e4f1b3d56fb74624,2021-06,Derbyshire Constabulary,Derbyshire Constabulary,-1.409669,53.188377,On or near Madin Street,E01019825,North East Derbyshire 011F,Criminal damage and arson,Unable to prosecute suspect,
e8e09dab36178dca6fb74afe3ddfaa73462868aeda43a9ad258a8422f25a55b3,2021-06,Derbyshire Constabulary,Derbyshire Constabulary,-1.416429,53.180950,On or near Brassington Lane,E01019825,North East Derbyshire 011F,Public order,Investigation complete; no suspect identified,
78424a7fb9dc3d37c500b0e49f7b840c29aec3030a3182a3d475128a73f95ae2,2021-06,Derbyshire Constabulary,Derbyshire Constabulary,-1.416845,53.190040,On or near Derby Road,E01019825,North East Derbyshire 011F,Violence and sexual offences,Unable to prosecute suspect,
bb1e4b3056604ddc6773778b38d14d6c029e8b62e688c3e174215194dcd5664f,2021-06,Derbyshire Constabulary,Derbyshire Constabulary,-1.416845,53.190040,On or near Derby Road,E01019825,North East Derbyshire 011F,Violence and sexual offences,Unable to prosecute suspect,
a95bea8765db265ceb479033fd56a50e862d8697adc67b8b2fbdab7a1bccdd60,2021-06,Derbyshire Constabulary,Derbyshire Constabulary,-1.408572,53.183230,On or near Station New Road,E01019825,North East Derbyshire 011F,Violence and sexual offences,Status update unavailable,
5eb5e8d6a0f2df927a46d0a029f6b869fa9d9cdce566ac796b9cf3eaf6a10be7,2021-06,Derbyshire Constabulary,Derbyshire Constabulary,-1.408572,53.183230,On or near Station New Road,E01019825,North East Derbyshire 011F,Violence and sexual offences,Unable to prosecute suspect,
bd55b66b8015f7cce13d1e1ca40a27b7dccd4eeca147a8325525ee6dae288a0b,2021-06,Derbyshire Constabulary,Derbyshire Constabulary,-1.405678,53.186937,On or near Longcroft Close,E01019825,North East Derbyshire 011F,Violence and sexual offences,Unable to prosecute suspect,
02f8481cad287746ee731e8a6dff5010985483ca8965bb628221e25df7b16c16,2021-06,Derbyshire Constabulary,Derbyshire Constabulary,-1.405678,53.186937,On or near Longcroft Close,E01019825,North East Derbyshire 011F,Violence and sexual offences,Unable to prosecute suspect,
2de0eceba9bb6f88fe4775176495b9e380a1f94d8e19189dbfcde81606bc9f40,2021-06,Derbyshire Constabulary,Derbyshire Constabulary,-1.405678,53.186937,On or near Longcroft Close,E01019825,North East Derbyshire 011F,Violence and sexual offences,Unable to prosecute suspect,
9a3c2418ab3cae0a54cd9daca2510cb3136cc5d20722c6c3a8c1df0ace046b60,2021-06,Derbyshire Constabulary,Derbyshire Constabulary,-1.405678,53.186937,On or near Longcroft Close,E01019825,North East Derbyshire 011F,Violence and sexual offences,Unable to prosecute suspect,
971c9fc76829978ea91f05e3a97ffb907f6ca9799e58bd3acff6f8499660f840,2021-06,Derbyshire Constabulary,Derbyshire Constabulary,-1.416845,53.190040,On or near Derby Road,E01019825,North East Derbyshire 011F,Violence and sexual offences,Unable to prosecute suspect,
,2021-06,Derbyshire Constabulary,Derbyshire Constabulary,-1.412930,53.164312,On or near Victoria Street,E01019773,North East Derbyshire 012A,Anti-social behaviour,,
,2021-06,Derbyshire Constabulary,Derbyshire Constabulary,-1.402552,53.166328,On or near Sports/Recreation Area,E01019773,North East Derbyshire 012A,Anti-social behaviour,,
,2021-06,Derbyshire Constabulary,Derbyshire Constabulary,-1.402583,53.170544,On or near High Hazels Close,E01019773,North East Derbyshire 012A,Anti-social behaviour,,
,2021-06,Derbyshire Constabulary,Derbyshire Constabulary,-1.406113,53.169519,On or near Market Street,E01019773,North East Derbyshire 012A,Anti-social behaviour,,
,2021-06,Derbyshire Constabulary,Derbyshire Constabulary,-1.408321,53.169916,On or near Egstow Place,E01019773,North East Derbyshire 012A,Anti-social behaviour,,
,2021-06,Derbyshire Constabulary,Derbyshire Constabulary,-1.406653,53.168272,On or near Parking Area,E01019773,North East Derbyshire 012A,Anti-social behaviour,,
,2021-06,Derbyshire Constabulary,Derbyshire Constabulary,-1.414671,53.163934,On or near Cross Street,E01019773,North East Derbyshire 012A,Anti-social behaviour,,
,2021-06,Derbyshire Constabulary,Derbyshire Constabulary,-1.402583,53.170544,On or near High Hazels Close,E01019773,North East Derbyshire 012A,Anti-social behaviour,,
,2021-06,Derbyshire Constabulary,Derbyshire Constabulary,-1.397263,53.164800,On or near Pen Lane,E01019773,North East Derbyshire 012A,Anti-social behaviour,,
,2021-06,Derbyshire Constabulary,Derbyshire Constabulary,-1.415889,53.166699,On or near High Street,E01019773,North East Derbyshire 012A,Anti-social behaviour,,
,2021-06,Derbyshire Constabulary,Derbyshire Constabulary,-1.412415,53.167024,On or near Parking Area,E01019773,North East Derbyshire 012A,Anti-social behaviour,,
af11027fe1c53fbdd4ba9bc92a0fd02bea07b64d4fec1279acc90ac2e25c9f6e,2021-06,Derbyshire Constabulary,Derbyshire Constabulary,-1.404871,53.169512,On or near Stollard Street,E01019773,North East Derbyshire 012A,Criminal damage and arson,Investigation complete; no suspect identified,
9da192362c7439190a88ab15d25f5c378a88d1e108c8d1635f8b714fdaf68223,2021-06,Derbyshire Constabulary,Derbyshire Constabulary,-1.409429,53.165481,On or near Bertrand Avenue,E01019773,North East Derbyshire 012A,Criminal damage and arson,Unable to prosecute suspect,
76fa6b38c2b8caa5ebbc6535dd08b79765a4030b2a110250c53f0a7047c54bd3,2021-06,Derbyshire Constabulary,Derbyshire Constabulary,-1.415222,53.166301,On or near Parking Area,E01019773,North East Derbyshire 012A,Drugs,Status update unavailable,
33ba407152b01bb5ba929e97f053507478e0de78931d018b99bf29bf2695289b,2021-06,Derbyshire Constabulary,Derbyshire Constabulary,-1.412415,53.167024,On or near Parking Area,E01019773,North East Derbyshire 012A,Other theft,Investigation complete; no suspect identified,
4659e7935f9363d84c73c621e91c6da86005bee67c777fe324f5e4b3c9464a3f,2021-06,Derbyshire Constabulary,Derbyshire Constabulary,-1.399158,53.165160,On or near Guildford Lane,E01019773,North East Derbyshire 012A,Other theft,Investigation complete; no suspect identified,
5f725a07d8df0c7430dc747351a67f5fcfe4ad9de162098180386b25d62851c4,2021-06,Derbyshire Constabulary,Derbyshire Constabulary,-1.397263,53.164800,On or near Pen Lane,E01019773,North East Derbyshire 012A,Public order,Unable to prosecute suspect,
5103f3d2058608c65e1ec756d6b69ebb8915a66efa70d1810ff3770361df5954,2021-06,Derbyshire Constabulary,Derbyshire Constabulary,-1.410775,53.166611,On or near Bestwood Drive,E01019773,North East Derbyshire 012A,Public order,Unable to prosecute suspect,
e53d6fd5fe4c109f76c3dadeb3c1529b08ad131e660b748a62ea4d96b01a2f9d,2021-06,Derbyshire Constabulary,Derbyshire Constabulary,-1.408321,53.169916,On or near Egstow Place,E01019773,North East Derbyshire 012A,Public order,Unable to prosecute suspect,
1fe682cbcd1182495690259de37a1c63752c506689fd1e24b0ecbf347603eaff,2021-06,Derbyshire Constabulary,Derbyshire Constabulary,-1.399309,53.168253,On or near Ashton Road,E01019773,North East Derbyshire 012A,Public order,Local resolution,
d86d9e78ce66a8c0ffeb58ed695e394bcb48af4a9c4d066f6dd9e13993c0cc74,2021-06,Derbyshire Constabulary,Derbyshire Constabulary,-1.412930,53.164312,On or near Victoria Street,E01019773,North East Derbyshire 012A,Robbery,Unable to prosecute suspect,
3d7c999c0168d0b17d56f267f5737d44cf663f240af4cbaf33aa91f3d835c0e6,2021-06,Derbyshire Constabulary,Derbyshire Constabulary,-1.415338,53.167686,On or near Parking Area,E01019773,North East Derbyshire 012A,Shoplifting,Investigation complete; no suspect identified,
8588991fc91e52df52163c5ba839784d2bdb1de13dd0a6fbd53a7700e294e011,2021-06,Derbyshire Constabulary,Derbyshire Constabulary,-1.415889,53.166699,On or near High Street,E01019773,North East Derbyshire 012A,Vehicle crime,Status update unavailable,
080bde325697702b071d0ac656826d57199345a0c355a35dcc1fd1f1a230dbde,2021-06,Derbyshire Constabulary,Derbyshire Constabulary,-1.400973,53.169070,On or near Shafton Close,E01019773,North East Derbyshire 012A,Violence and sexual offences,Unable to prosecute suspect,
7bc35d37e7ecde2052f8050211c47f46a5cbfd95a51b2c378285fc184b865864,2021-06,Derbyshire Constabulary,Derbyshire Constabulary,-1.409429,53.165481,On or near Bertrand Avenue,E01019773,North East Derbyshire 012A,Violence and sexual offences,Unable to prosecute suspect,
8e70225aa018d9301b1611d23db2bb7029b07551ba93b5b1fbb9907650e45c2e,2021-06,Derbyshire Constabulary,Derbyshire Constabulary,-1.396335,53.166989,On or near Bloomery Way,E01019773,North East Derbyshire 012A,Violence and sexual offences,Unable to prosecute suspect,
eafd1ce4b81a25693a1b399d89d87665e7426c58ea5e5672a975889bfd37e717,2021-06,Derbyshire Constabulary,Derbyshire Constabulary,-1.407363,53.169938,On or near Brassington Street,E01019773,North East Derbyshire 012A,Violence and sexual offences,Status update unavailable,
cc57cbb096e7547a86611c73f1504ef1cd1b904f606d09fef483856d586455e2,2021-06,Derbyshire Constabulary,Derbyshire Constabulary,-1.410016,53.167444,On or near Park Row,E01019773,North East Derbyshire 012A,Violence and sexual offences,Unable to prosecute suspect,
4b2fbf44f15b73477ae13c31298f1be9f1f876f6083c7bec7682c4a2f867b0e7,2021-06,Derbyshire Constabulary,Derbyshire Constabulary,-1.404871,53.169512,On or near Stollard Street,E01019773,North East Derbyshire 012A,Violence and sexual offences,Unable to prosecute suspect,
7008395015d099c4c1f4d6dd82ec57b063843e112ffa483da912a7aec4d7e2d6,2021-06,Derbyshire Constabulary,Derbyshire Constabulary,-1.408321,53.169916,On or near Egstow Place,E01019773,North East Derbyshire 012A,Violence and sexual offences,Unable to prosecute suspect,
3ee765b82f02cb6d75f1874e5360d57e54efcb06cea17c15c6996861efb059ee,2021-06,Derbyshire Constabulary,Derbyshire Constabulary,-1.400539,53.170174,On or near Copenhagen Road,E01019773,North East Derbyshire 012A,Violence and sexual offences,Unable to prosecute suspect,
5cbe67838808d8d497f969db5bd1d3e91aa8de1f2db53e742bf6a8da53c1ffd9,2021-06,Derbyshire Constabulary,Derbyshire Constabulary,-1.400539,53.170174,On or near Copenhagen Road,E01019773,North East Derbyshire 012A,Violence and sexual offences,Unable to prosecute suspect,
d8a8092269e5e60bee67cd5a667e26e17f7946d870c93e749ade4c42361048b3,2021-06,Derbyshire Constabulary,Derbyshire Constabulary,-1.409429,53.165481,On or near Bertrand Avenue,E01019773,North East Derbyshire 012A,Violence and sexual offences,Unable to prosecute suspect,
049fd812aabbdda921d58c670a9d46b064a35a3e756cd3762e94b43cc7420519,2021-06,Derbyshire Constabulary,Derbyshire Constabulary,-1.410775,53.166611,On or near Bestwood Drive,E01019773,North East Derbyshire 012A,Violence and sexual offences,Unable to prosecute suspect,
8ad3f8d97265ae56f917a9fa4e51ea3925cab607b00446278918897341e4b3e6,2021-06,Derbyshire Constabulary,Derbyshire Constabulary,-1.415222,53.166301,On or near Parking Area,E01019773,North East Derbyshire 012A,Violence and sexual offences,Unable to prosecute suspect,
36d3d2e2269d8694e958c210cc43d37eae2c4672ab5a0a8da618407400a8b559,2021-06,Derbyshire Constabulary,Derbyshire Constabulary,-1.414671,53.163934,On or near Cross Street,E01019773,North East Derbyshire 012A,Violence and sexual offences,Unable to prosecute suspect,
9f98750cf253775575afeb1fca1e934fb813c5b267c9a989c84cfb9be319089d,2021-06,Derbyshire Constabulary,Derbyshire Constabulary,-1.400973,53.169070,On or near Shafton Close,E01019773,North East Derbyshire 012A,Violence and sexual offences,Unable to prosecute suspect,
c06e0942ccdf37e80426674e6631a7feb39b2a22f22f9435ad6865872b2a2601,2021-06,Derbyshire Constabulary,Derbyshire Constabulary,-1.408321,53.169916,On or near Egstow Place,E01019773,North East Derbyshire 012A,Other crime,Unable to prosecute suspect,
,2021-06,Derbyshire Constabulary,Derbyshire Constabulary,-1.427744,53.171728,On or near Rock Crescent,E01019775,North East Derbyshire 012B,Anti-social behaviour,,
,2021-06,Derbyshire Constabulary,Derbyshire Constabulary,-1.405752,53.170739,On or near John Street,E01019775,North East Derbyshire 012B,Anti-social behaviour,,
,2021-06,Derbyshire Constabulary,Derbyshire Constabulary,-1.427520,53.170567,On or near Brook Street,E01019775,North East Derbyshire 012B,Anti-social behaviour,,
,2021-06,Derbyshire Constabulary,Derbyshire Constabulary,-1.429296,53.170899,On or near Amber Place,E01019775,North East Derbyshire 012B,Anti-social behaviour,,
147e393279d910423131d6b5dcdb30a7e053f262e676cddcbb73eaf0b62656bc,2021-06,Derbyshire Constabulary,Derbyshire Constabulary,-1.429296,53.170899,On or near Amber Place,E01019775,North East Derbyshire 012B,Criminal damage and arson,Investigation complete; no suspect identified,
b64366d697593ce75083fb5b47f160a864670880150e9eac454442d44ba68054,2021-06,Derbyshire Constabulary,Derbyshire Constabulary,-1.429296,53.170899,On or near Amber Place,E01019775,North East Derbyshire 012B,Criminal damage and arson,Unable to prosecute suspect,
b57cbde1495adef8896f3927baa48c582a7e1785b816c779d80cbbb223753da1,2021-06,Derbyshire Constabulary,Derbyshire Constabulary,-1.414771,53.167566,On or near Eldon Street,E01019775,North East Derbyshire 012B,Criminal damage and arson,Investigation complete; no suspect identified,
9f9b00c49f2eda9cfac0c7ba1270177ad4cb8f4fbbcab1ba053c3d1d1dfe7690,2021-06,Derbyshire Constabulary,Derbyshire Constabulary,-1.428840,53.172614,On or near Meadow Road,E01019775,North East Derbyshire 012B,Criminal damage and arson,Unable to prosecute suspect,
9923c8e673533bd276e5c774e7cecac18e6afde82218250277a2968fad5902ab,2021-06,Derbyshire Constabulary,Derbyshire Constabulary,-1.404276,53.171451,On or near Wylam Close,E01019775,North East Derbyshire 012B,Drugs,Further investigation is not in the public interest,
7f7339cf306763a0942228a5eabcc674dc59ff2e073babfe5feb13597804f292,2021-06,Derbyshire Constabulary,Derbyshire Constabulary,-1.427744,53.171728,On or near Rock Crescent,E01019775,North East Derbyshire 012B,Public order,Local resolution,
9fff711f28167dda288ee70b0ae07affd85408f3a16cc89cba68aa7f9e4e7fbb,2021-06,Derbyshire Constabulary,Derbyshire Constabulary,-1.415077,53.167055,On or near Eyre Street,E01019775,North East Derbyshire 012B,Public order,Unable to prosecute suspect,
bb20bd5e041fe4e00804b3ca4be2bc07981eb95e518d217bfeac40f8442c6018,2021-06,Derbyshire Constabulary,Derbyshire Constabulary,-1.425027,53.170178,On or near Woodside Place,E01019775,North East Derbyshire 012B,Violence and sexual offences,Unable to prosecute suspect,
3c42677d897c5faa4b837e6e03362f511a256ce41fe9a387adb28857f48c0e53,2021-06,Derbyshire Constabulary,Derbyshire Constabulary,-1.425027,53.170178,On or near Woodside Place,E01019775,North East Derbyshire 012B,Violence and sexual offences,Unable to prosecute suspect,
3f5b704697be07d3dfdb9c8ee1b86b1657bc4318f8fdb0dfc9d15f3fbd72efb8,2021-06,Derbyshire Constabulary,Derbyshire Constabulary,-1.425533,53.169245,On or near Stephenson Close,E01019775,North East Derbyshire 012B,Violence and sexual offences,Further investigation is not in the public interest,
69b23b86d7d329d34731ee69787f6ded33a8021c544ac67fd543739f80a82241,2021-06,Derbyshire Constabulary,Derbyshire Constabulary,-1.429262,53.168931,On or near Holmgate Road,E01019775,North East Derbyshire 012B,Violence and sexual offences,Investigation complete; no suspect identified,
65e2ecba9e59a3194b3024a14d24c48ddb2ce39c25ac411c681788fb5636a39f,2021-06,Derbyshire Constabulary,Derbyshire Constabulary,-1.415826,53.170277,On or near Petrol Station,E01019775,North East Derbyshire 012B,Violence and sexual offences,Further action is not in the public interest,
ebd8a998037598602cb2dac373eecbdab68a9d771d0ae5721e2af660d4d050d9,2021-06,Derbyshire Constabulary,Derbyshire Constabulary,-1.415826,53.170277,On or near Petrol Station,E01019775,North East Derbyshire 012B,Violence and sexual offences,Status update unavailable,
91b20a2050cdf742bfbe75b90168264f02d8c5e4dbf339b80c5a510c1c566492,2021-06,Derbyshire Constabulary,Derbyshire Constabulary,-1.429738,53.170326,On or near Valley Road,E01019775,North East Derbyshire 012B,Violence and sexual offences,Status update unavailable,
f9490f54f9b5a9cee7cc7841bde0b21fb96abad5b7d7ed43065a155747ae68e3,2021-06,Derbyshire Constabulary,Derbyshire Constabulary,-1.429738,53.170326,On or near Valley Road,E01019775,North East Derbyshire 012B,Violence and sexual offences,Status update unavailable,
8122c59e2e9ae23a6bd421b5cb8a276a716e41922503ff65d917855be5d11f55,2021-06,Derbyshire Constabulary,Derbyshire Constabulary,-1.425533,53.169245,On or near Stephenson Close,E01019775,North East Derbyshire 012B,Violence and sexual offences,Investigation complete; no suspect identified,
abb260ea9920395f94007af45144a768ebc5246f4f63371308681f1ba843a130,2021-06,Derbyshire Constabulary,Derbyshire Constabulary,-1.406462,53.170204,On or near Coral Way,E01019775,North East Derbyshire 012B,Violence and sexual offences,Investigation complete; no suspect identified,
de7c809d9ab4177e8589cb00b676d41fadfa2958e5de95c8e990e83c027d617a,2021-06,Derbyshire Constabulary,Derbyshire Constabulary,-1.429738,53.170326,On or near Valley Road,E01019775,North East Derbyshire 012B,Violence and sexual offences,Status update unavailable,
611b4b25d19bd39206dfc3f4fcddba13a24a298ab4943f2fd02f731b90c18c9b,2021-06,Derbyshire Constabulary,Derbyshire Constabulary,-1.429738,53.170326,On or near Valley Road,E01019775,North East Derbyshire 012B,Violence and sexual offences,Status update unavailable,
dae6b16595ec5e8b8a420dddd544b87d7162004469a30136ed752a1f7ffe63bd,2021-06,Derbyshire Constabulary,Derbyshire Constabulary,-1.425027,53.170178,On or near Woodside Place,E01019775,North East Derbyshire 012B,Violence and sexual offences,Unable to prosecute suspect,
1010db00f2b4eccdcf5949e34126ec911192a36f3ffc018ce93b3918cb90b0d0,2021-06,Derbyshire Constabulary,Derbyshire Constabulary,-1.425027,53.170178,On or near Woodside Place,E01019775,North East Derbyshire 012B,Violence and sexual offences,Unable to prosecute suspect,
4716e0cadd737cef7ea58b74f4bbd8ac24589fb0a3ea54dab35c368bc48ac802,2021-06,Derbyshire Constabulary,Derbyshire Constabulary,-1.429262,53.168931,On or near Holmgate Road,E01019775,North East Derbyshire 012B,Violence and sexual offences,Unable to prosecute suspect,
1868c3bfa7f1ba628d8d6417777ff120428aaf1315237ececdff97236e3f1822,2021-06,Derbyshire Constabulary,Derbyshire Constabulary,-1.415826,53.170277,On or near Petrol Station,E01019775,North East Derbyshire 012B,Violence and sexual offences,Status update unavailable,
7302a4b8956ba8833aba1b232fecb92677250a6956a8ab7abeb8b779b076b54a,2021-06,Derbyshire Constabulary,Derbyshire Constabulary,-1.415826,53.170277,On or near Petrol Station,E01019775,North East Derbyshire 012B,Violence and sexual offences,Status update unavailable,
ac20f509ea57cbf0c70f8bb35f897002871f10a40afc62a1806ecdf309b6497b,2021-06,Derbyshire Constabulary,Derbyshire Constabulary,-1.415826,53.170277,On or near Petrol Station,E01019775,North East Derbyshire 012B,Violence and sexual offences,Status update unavailable,
78f2d47ce9c53917fdc3dcb32ed9e0028dd1a897e6542ab9ddc088e009a73a62,2021-06,Derbyshire Constabulary,Derbyshire Constabulary,-1.406196,53.172153,On or near Furnace Hill Road,E01019775,North East Derbyshire 012B,Violence and sexual offences,Unable to prosecute suspect,
7a9fdaaf97e4a9c86d7f3b7b7e6dd89c2106fec82b717e2a028ed1965fc70e58,2021-06,Derbyshire Constabulary,Derbyshire Constabulary,-1.415826,53.170277,On or near Petrol Station,E01019775,North East Derbyshire 012B,Violence and sexual offences,Further action is not in the public interest,
3e49c1a4f3512e4820c6924052ee954aa5725875ebfef621540225362e4fa85e,2021-06,Derbyshire Constabulary,Derbyshire Constabulary,-1.429262,53.168931,On or near Holmgate Road,E01019775,North East Derbyshire 012B,Violence and sexual offences,Unable to prosecute suspect,
e071c79c29355065c39ac0fa5e2e2773b50e9cf5461659cde37a9399d19480ac,2021-06,Derbyshire Constabulary,Derbyshire Constabulary,-1.429296,53.170899,On or near Amber Place,E01019775,North East Derbyshire 012B,Violence and sexual offences,Local resolution,
8f62435ddb01b4d5cf9155555b38a6bfed604eb6200a3f49b87c1da35a1d0396,2021-06,Derbyshire Constabulary,Derbyshire Constabulary,-1.415826,53.170277,On or near Petrol Station,E01019775,North East Derbyshire 012B,Violence and sexual offences,Unable to prosecute suspect,
f9ec15d529b340e309f8f4a0653e4d55362fcb11eb46bdcbb99a0c92038a2ce3,2021-06,Derbyshire Constabulary,Derbyshire Constabulary,-1.406462,53.170204,On or near Coral Way,E01019775,North East Derbyshire 012B,Violence and sexual offences,Investigation complete; no suspect identified,
bbdc9755f1110545b9861f6afb15a9a1665fe4fbfffc4774da1b6295e4b4fbe3,2021-06,Derbyshire Constabulary,Derbyshire Constabulary,-1.415826,53.170277,On or near Petrol Station,E01019775,North East Derbyshire 012B,Violence and sexual offences,Further action is not in the public interest,
183453a008abf06e3f3021bfdc825b91d91fb1cb4e8536929efd419b6a561b33,2021-06,Derbyshire Constabulary,Derbyshire Constabulary,-1.429738,53.170326,On or near Valley Road,E01019775,North East Derbyshire 012B,Violence and sexual offences,Status update unavailable,
698fac55cd14f8f87e955d1fec1ee41e82599bea5f974756c405868073075e7e,2021-06,Derbyshire Constabulary,Derbyshire Constabulary,-1.419076,53.168899,On or near Cannell Close,E01019775,North East Derbyshire 012B,Violence and sexual offences,Unable to prosecute suspect,
202390e0a63b8f78b1eb83e2cae0c052e45a4386d5a4bf9722e6363e69977414,2021-06,Derbyshire Constabulary,Derbyshire Constabulary,-1.429738,53.170326,On or near Valley Road,E01019775,North East Derbyshire 012B,Violence and sexual offences,Status update unavailable,
4b4dcd80520c16e254afef6104091a8260f2c66f08ed1207105ed07c3ed7067a,2021-06,Derbyshire Constabulary,Derbyshire Constabulary,-1.415826,53.170277,On or near Petrol Station,E01019775,North East Derbyshire 012B,Other crime,Investigation complete; no suspect identified,
,2021-06,Derbyshire Constabulary,Derbyshire Constabulary,-1.414443,53.158647,On or near Stretton Road,E01019776,North East Derbyshire 012C,Anti-social behaviour,,
3ef5735c79e3d9bbdb6454532a4088876f03be6fee98311c8047ebb6e9e3812a,2021-06,Derbyshire Constabulary,Derbyshire Constabulary,-1.410699,53.163447,On or near Commonpiece Road,E01019776,North East Derbyshire 012C,Burglary,Unable to prosecute suspect,
3bc2bca62bfd32d3173fbffdc2e9da82873e292b9486394ed51c012a8e5bf33e,2021-06,Derbyshire Constabulary,Derbyshire Constabulary,-1.420967,53.162850,On or near Grasmere Avenue,E01019776,North East Derbyshire 012C,Public order,Unable to prosecute suspect,
36a33816519775af1f09059652cb81d29c309fbecacb07adc1477d5a6673453b,2021-06,Derbyshire Constabulary,Derbyshire Constabulary,-1.413132,53.162704,On or near Queen Street,E01019776,North East Derbyshire 012C,Violence and sexual offences,Status update unavailable,
33cbe1d495dcc655a98c0a1a450596529ba4c0750f038b2467df692af8a20e48,2021-06,Derbyshire Constabulary,Derbyshire Constabulary,-1.410699,53.163447,On or near Commonpiece Road,E01019776,North East Derbyshire 012C,Violence and sexual offences,Unable to prosecute suspect,
722eab4538e1d6b03c32c6c4c275ff97e8eb9162625223af88e07f2363e04396,2021-06,Derbyshire Constabulary,Derbyshire Constabulary,-1.403905,53.160420,On or near Brockway Close,E01019776,North East Derbyshire 012C,Violence and sexual offences,Unable to prosecute suspect,
745b2600285560c95cdee93816b61fb8667fc0ebe445b137466699cd1184bfd1,2021-06,Derbyshire Constabulary,Derbyshire Constabulary,-1.403905,53.160420,On or near Brockway Close,E01019776,North East Derbyshire 012C,Violence and sexual offences,Unable to prosecute suspect,
042e9976f035904559c74ed5cb4b2c0da917582e23deae7b4d12995c620181d2,2021-06,Derbyshire Constabulary,Derbyshire Constabulary,-1.404698,53.160433,On or near Wilson Close,E01019776,North East Derbyshire 012C,Violence and sexual offences,Unable to prosecute suspect,
934444179286e0126e3377ec0389e684618c296c74a8f63936b89a0be8067537,2021-06,Derbyshire Constabulary,Derbyshire Constabulary,-1.421591,53.160983,On or near Appian Way,E01019776,North East Derbyshire 012C,Violence and sexual offences,Unable to prosecute suspect,
35dae36deb8cc23c79fb7378dd6fffe9ce5aabfce22b59fcc82b5f1c7fe2bcd0,2021-06,Derbyshire Constabulary,Derbyshire Constabulary,-1.404698,53.160433,On or near Wilson Close,E01019776,North East Derbyshire 012C,Violence and sexual offences,Unable to prosecute suspect,
,2021-06,Derbyshire Constabulary,Derbyshire Constabulary,-1.403245,53.161621,On or near Penncroft Drive,E01019777,North East Derbyshire 012D,Anti-social behaviour,,
,2021-06,Derbyshire Constabulary,Derbyshire Constabulary,-1.400991,53.161358,On or near Gentshill Avenue,E01019777,North East Derbyshire 012D,Anti-social behaviour,,
,2021-06,Derbyshire Constabulary,Derbyshire Constabulary,-1.403438,53.159581,On or near Springvale Close,E01019777,North East Derbyshire 012D,Anti-social behaviour,,
,2021-06,Derbyshire Constabulary,Derbyshire Constabulary,-1.406339,53.158508,On or near Beresford Close,E01019777,North East Derbyshire 012D,Anti-social behaviour,,
,2021-06,Derbyshire Constabulary,Derbyshire Constabulary,-1.399581,53.161639,On or near Beech Way,E01019777,North East Derbyshire 012D,Anti-social behaviour,,
,2021-06,Derbyshire Constabulary,Derbyshire Constabulary,-1.403576,53.162602,On or near Garrett Lane,E01019777,North East Derbyshire 012D,Anti-social behaviour,,
,2021-06,Derbyshire Constabulary,Derbyshire Constabulary,-1.406339,53.158508,On or near Beresford Close,E01019777,North East Derbyshire 012D,Anti-social behaviour,,
4109f6fa04ab6125c7b93410181ad4c41be6f69e44fa74d3d6aeec78bd925b6c,2021-06,Derbyshire Constabulary,Derbyshire Constabulary,-1.403245,53.161621,On or near Penncroft Drive,E01019777,North East Derbyshire 012D,Burglary,Unable to prosecute suspect,
4ca867b436b786be03ae05213c0a1b9d59cdc5de1f45daf010bb653f9ebff5b7,2021-06,Derbyshire Constabulary,Derbyshire Constabulary,-1.403245,53.161621,On or near Penncroft Drive,E01019777,North East Derbyshire 012D,Other theft,Unable to prosecute suspect,
52a83f89a201191ed0fdcfad83af741fbcefe7a2ccfb06ae7ce3b547480b58d8,2021-06,Derbyshire Constabulary,Derbyshire Constabulary,-1.398157,53.164004,On or near The Square,E01019777,North East Derbyshire 012D,Other theft,Investigation complete; no suspect identified,
46a770655fe197266d222ce0e82129c8d256e5acf1846c3ac98365047b4e1633,2021-06,Derbyshire Constabulary,Derbyshire Constabulary,-1.405197,53.163258,On or near Penncroft Lane,E01019777,North East Derbyshire 012D,Public order,Unable to prosecute suspect,
fecb7c7782d18c584f410bca670a0899373772e2c713eccd913515ef4c74b8ef,2021-06,Derbyshire Constabulary,Derbyshire Constabulary,-1.402147,53.163180,On or near Middle Lane,E01019777,North East Derbyshire 012D,Public order,Unable to prosecute suspect,
b5b13c20aabb7e3f7aa4635c2b519451461c4c89185d0e0ffc1b99d102d99b77,2021-06,Derbyshire Constabulary,Derbyshire Constabulary,-1.405197,53.163258,On or near Penncroft Lane,E01019777,North East Derbyshire 012D,Public order,Unable to prosecute suspect,
76664bde0482a14b7bb1752e59a746611d5cb1abfa8a09e8888e300593540aef,2021-06,Derbyshire Constabulary,Derbyshire Constabulary,-1.403576,53.162602,On or near Garrett Lane,E01019777,North East Derbyshire 012D,Public order,Unable to prosecute suspect,
724fe7ac38745c7b8ea833e683dbc2251573379a8410f2412e76ab2b6f983d1c,2021-06,Derbyshire Constabulary,Derbyshire Constabulary,-1.403340,53.163419,On or near Upper Croft,E01019777,North East Derbyshire 012D,Public order,Awaiting court outcome,
d86d9e78ce66a8c0ffeb58ed695e394bcb48af4a9c4d066f6dd9e13993c0cc74,2021-06,Derbyshire Constabulary,Derbyshire Constabulary,-1.403340,53.163419,On or near Upper Croft,E01019777,North East Derbyshire 012D,Robbery,Status update unavailable,
54c860b1c5f8d6f4dbc0d200b04622c64e98a3551f1c9914c9ed394e80049d59,2021-06,Derbyshire Constabulary,Derbyshire Constabulary,-1.400991,53.161358,On or near Gentshill Avenue,E01019777,North East Derbyshire 012D,Vehicle crime,Unable to prosecute suspect,
66875745ded30d100816bfda448035e54bc94d55260ffac980949ce00c754942,2021-06,Derbyshire Constabulary,Derbyshire Constabulary,-1.399581,53.161639,On or near Beech Way,E01019777,North East Derbyshire 012D,Violence and sexual offences,Unable to prosecute suspect,
6ec246df35509fbc01282937372793a7249067cafa4f1cc7551410b127050866,2021-06,Derbyshire Constabulary,Derbyshire Constabulary,-1.403245,53.161621,On or near Penncroft Drive,E01019777,North East Derbyshire 012D,Violence and sexual offences,Unable to prosecute suspect,
ab27b5f5eaf24fac62326ba08d3b003a203ea115173552ad4a3d00dcb88bb4c2,2021-06,Derbyshire Constabulary,Derbyshire Constabulary,-1.401163,53.159714,On or near Dunvegan Avenue,E01019777,North East Derbyshire 012D,Violence and sexual offences,Unable to prosecute suspect,
f420e651823cdd566332f99ecbe608c6f785ab53e248e5ace8a84f4eb2367fb7,2021-06,Derbyshire Constabulary,Derbyshire Constabulary,-1.399581,53.161639,On or near Beech Way,E01019777,North East Derbyshire 012D,Violence and sexual offences,Unable to prosecute suspect,
578822921e8477c8abd5049b926b2c2b3181355b8f738f52614f7eae803fde13,2021-06,Derbyshire Constabulary,Derbyshire Constabulary,-1.405656,53.163611,On or near Bennison Gardens,E01019777,North East Derbyshire 012D,Violence and sexual offences,Unable to prosecute suspect,
b26d3562a71782bda9681ba918c38176af7d9a106cbcb01524ca197c104b3e58,2021-06,Derbyshire Constabulary,Derbyshire Constabulary,-1.402147,53.163180,On or near Middle Lane,E01019777,North East Derbyshire 012D,Violence and sexual offences,Unable to prosecute suspect,
955ee1a19f334aade2e9cc2239d955ce8ba648dbbb4e7a4a93e79addbcd0ff2e,2021-06,Derbyshire Constabulary,Derbyshire Constabulary,-1.400991,53.161358,On or near Gentshill Avenue,E01019777,North East Derbyshire 012D,Violence and sexual offences,Unable to prosecute suspect,
2f692f1a4b416664a6510d1d607ee47374e6aeef1fa652d5fd4bf48fb05a5946,2021-06,Derbyshire Constabulary,Derbyshire Constabulary,-1.400991,53.161358,On or near Gentshill Avenue,E01019777,North East Derbyshire 012D,Violence and sexual offences,Status update unavailable,
0d03d0919cb31038919440c4b6ed8f40d0fd64802f6c50c1ab7b0cdb7f23853e,2021-06,Derbyshire Constabulary,Derbyshire Constabulary,-1.400366,53.160051,On or near Cavell Drive,E01019777,North East Derbyshire 012D,Violence and sexual offences,Unable to prosecute suspect,
86e6b90f8ea2393f307e7cb03071095a75e4b6652bda918618f0a4b809ae1034,2021-06,Derbyshire Constabulary,Derbyshire Constabulary,-1.403245,53.161621,On or near Penncroft Drive,E01019777,North East Derbyshire 012D,Violence and sexual offences,Unable to prosecute suspect,
ec2dec3bbeeb6a47bab1eaf6e566b1c3abc3b0bd4fcd870b8e2734cee5b763a8,2021-06,Derbyshire Constabulary,Derbyshire Constabulary,-1.403438,53.159581,On or near Springvale Close,E01019777,North East Derbyshire 012D,Violence and sexual offences,Unable to prosecute suspect,
329a4fec05a097427b80f20aadb594ac486817d868a8091df37ade06f3adc529,2021-06,Derbyshire Constabulary,Derbyshire Constabulary,-1.403245,53.161621,On or near Penncroft Drive,E01019777,North East Derbyshire 012D,Violence and sexual offences,Unable to prosecute suspect,
9611f7c03ffa0aa1f123916b24ef8360d9900fb21da1e6e41a1c811030e11a73,2021-06,Derbyshire Constabulary,Derbyshire Constabulary,-1.403576,53.162602,On or near Garrett Lane,E01019777,North East Derbyshire 012D,Violence and sexual offences,Unable to prosecute suspect,
b7f5e64fb43cb636e15a42fffb1c99b02747b56f650c0ae4e4cd568b0810692a,2021-06,Derbyshire Constabulary,Derbyshire Constabulary,-1.403340,53.163419,On or near Upper Croft,E01019777,North East Derbyshire 012D,Other crime,Unable to prosecute suspect,
49a1ac8cf1be7c4860475fd8130f7993980812f6422de86160faca60c216c38c,2021-06,Derbyshire Constabulary,Derbyshire Constabulary,-1.413701,53.151686,On or near Petrol Station,E01019814,North East Derbyshire 013A,Other theft,Investigation complete; no suspect identified,
b4b274aeb8e9a9aa5f1c40071b9a4bf511709f393a16eae555f447b9e9d89a72,2021-06,Derbyshire Constabulary,Derbyshire Constabulary,-1.450856,53.149562,On or near Hawthorne Close,E01019814,North East Derbyshire 013A,Public order,Investigation complete; no suspect identified,
cecd18edf5b7288af37154b47e7a2c480d0423d3209024b9ea28601af7a03a92,2021-06,Derbyshire Constabulary,Derbyshire Constabulary,-1.432672,53.136128,On or near Hurst Lane,E01019814,North East Derbyshire 013A,Violence and sexual offences,Status update unavailable,
0d15d887e8dc056cde041292511164b2c1243853e873338545a1462624dd2c3c,2021-06,Derbyshire Constabulary,Derbyshire Constabulary,-1.402524,53.139271,On or near Maltby Avenue,E01019814,North East Derbyshire 013A,Violence and sexual offences,Unable to prosecute suspect,
80dc185c9d5a89ca41686ad983290d9c3804d5619d028ce0f7d6377104540f13,2021-06,Derbyshire Constabulary,Derbyshire Constabulary,-1.413210,53.152591,On or near Stretton Road,E01019814,North East Derbyshire 013A,Violence and sexual offences,Unable to prosecute suspect,
,2021-06,Derbyshire Constabulary,Derbyshire Constabulary,-1.393280,53.126873,On or near Byron Grove,E01019817,North East Derbyshire 013B,Anti-social behaviour,,
,2021-06,Derbyshire Constabulary,Derbyshire Constabulary,-1.393280,53.126873,On or near Byron Grove,E01019817,North East Derbyshire 013B,Anti-social behaviour,,
,2021-06,Derbyshire Constabulary,Derbyshire Constabulary,-1.397759,53.119740,On or near St Leonards Place,E01019817,North East Derbyshire 013B,Anti-social behaviour,,
1d2f23fd3af802b898495dca46560ac6f00ec8edf5e0743f0cfd743fb76e54fb,2021-06,Derbyshire Constabulary,Derbyshire Constabulary,-1.392314,53.128666,On or near Addison Road,E01019817,North East Derbyshire 013B,Criminal damage and arson,Investigation complete; no suspect identified,
5cbd4eaaa1c0730308b10e551553726f8b0e96fe80b38539e2e00883ba416147,2021-06,Derbyshire Constabulary,Derbyshire Constabulary,-1.388827,53.127938,On or near Shelley Grove,E01019817,North East Derbyshire 013B,Other theft,Unable to prosecute suspect,
cb94fe7745643f246eb6c2cd7b28ab9028539351c54eb06c174d3014b4431287,2021-06,Derbyshire Constabulary,Derbyshire Constabulary,-1.393280,53.126873,On or near Byron Grove,E01019817,North East Derbyshire 013B,Other theft,Unable to prosecute suspect,
f8de607f16fb533ec21ef6b924fc3267d92715b3cfb8457e08d536ed441b403f,2021-06,Derbyshire Constabulary,Derbyshire Constabulary,-1.393144,53.128086,On or near Cleveland Road,E01019817,North East Derbyshire 013B,Public order,Unable to prosecute suspect,
fd747eacf09e76121e5531f4f6a2f3150da2c997f5b582b0ac4bb4c40968cb28,2021-06,Derbyshire Constabulary,Derbyshire Constabulary,-1.393280,53.126873,On or near Byron Grove,E01019817,North East Derbyshire 013B,Public order,Unable to prosecute suspect,
7aead948d401c0b95430bfef90d57755d1b0ceeac896818946a5ad707da4e7f1,2021-06,Derbyshire Constabulary,Derbyshire Constabulary,-1.393280,53.126873,On or near Byron Grove,E01019817,North East Derbyshire 013B,Public order,Unable to prosecute suspect,
62260061eb5a46ad4ee1a3acde803b6f588029ce567a479d56cc90c5634acd3f,2021-06,Derbyshire Constabulary,Derbyshire Constabulary,-1.393280,53.126873,On or near Byron Grove,E01019817,North East Derbyshire 013B,Public order,Status update unavailable,
62260061eb5a46ad4ee1a3acde803b6f588029ce567a479d56cc90c5634acd3f,2021-06,Derbyshire Constabulary,Derbyshire Constabulary,-1.393280,53.126873,On or near Byron Grove,E01019817,North East Derbyshire 013B,Public order,Status update unavailable,
f5031c06569835af61d6e2c6f7d408186bfc5143c25fc688b07545f61d19a8bf,2021-06,Derbyshire Constabulary,Derbyshire Constabulary,-1.393280,53.126873,On or near Byron Grove,E01019817,North East Derbyshire 013B,Public order,Unable to prosecute suspect,
bb5e45e5cad0b0639020b0215becd61b1e72a5bc76db39120273aee33f9c3bbd,2021-06,Derbyshire Constabulary,Derbyshire Constabulary,-1.393280,53.126873,On or near Byron Grove,E01019817,North East Derbyshire 013B,Violence and sexual offences,Unable to prosecute suspect,
4a260ac2fcf08822ca2e7bab9864d96456dcda3e9500b896f05351add767730c,2021-06,Derbyshire Constabulary,Derbyshire Constabulary,-1.393280,53.126873,On or near Byron Grove,E01019817,North East Derbyshire 013B,Violence and sexual offences,Unable to prosecute suspect,
a4cf4d0025e40eca557728d9393a4b2373577aa0bc02c59630bbd5ea1cf448a7,2021-06,Derbyshire Constabulary,Derbyshire Constabulary,-1.393280,53.126873,On or near Byron Grove,E01019817,North East Derbyshire 013B,Violence and sexual offences,Unable to prosecute suspect,
02911b577e07b5cd745894b8b017171936b9737fe9acabed80f2b8a32a776993,2021-06,Derbyshire Constabulary,Derbyshire Constabulary,-1.393280,53.126873,On or near Byron Grove,E01019817,North East Derbyshire 013B,Violence and sexual offences,Unable to prosecute suspect,
916ee856df473abaf8820bb93ac78a1645c64d512807b4423ad704f9f43ca53c,2021-06,Derbyshire Constabulary,Derbyshire Constabulary,-1.388827,53.127938,On or near Shelley Grove,E01019817,North East Derbyshire 013B,Violence and sexual offences,Unable to prosecute suspect,
bf0a7af8bc287f848a5623cd792837a5a7391d4c8ecdd19d749bdc1fb0e19a0a,2021-06,Derbyshire Constabulary,Derbyshire Constabulary,-1.393144,53.128086,On or near Cleveland Road,E01019817,North East Derbyshire 013B,Violence and sexual offences,Local resolution,
e79722ebac63592a0da0023cfc269d7e0f10a341c642e809a48e88e96223664d,2021-06,Derbyshire Constabulary,Derbyshire Constabulary,-1.393280,53.126873,On or near Byron Grove,E01019817,North East Derbyshire 013B,Violence and sexual offences,Unable to prosecute suspect,
,2021-06,Derbyshire Constabulary,Derbyshire Constabulary,-1.416002,53.134160,On or near Milton Avenue,E01019818,North East Derbyshire 013C,Anti-social behaviour,,
,2021-06,Derbyshire Constabulary,Derbyshire Constabulary,-1.413045,53.120796,On or near Elm Tree Avenue,E01019818,North East Derbyshire 013C,Anti-social behaviour,,
,2021-06,Derbyshire Constabulary,Derbyshire Constabulary,-1.411271,53.121588,On or near Burnside Avenue,E01019818,North East Derbyshire 013C,Anti-social behaviour,,
ff0cdea320a42f532b5470f0c9a9371cd30fc6cf659c62c6481e49a568d67f59,2021-06,Derbyshire Constabulary,Derbyshire Constabulary,-1.412216,53.121287,On or near Willow Street,E01019818,North East Derbyshire 013C,Criminal damage and arson,Investigation complete; no suspect identified,
1d858e6158e79107dff2e4bbff4bc47ce71248006638cd1d9181b891a8fcb04d,2021-06,Derbyshire Constabulary,Derbyshire Constabulary,-1.412216,53.121287,On or near Willow Street,E01019818,North East Derbyshire 013C,Criminal damage and arson,Unable to prosecute suspect,
0b0397dc0ec01e7318b7a61bf0efe3b40addbe409d66a774062deed5eaf75742,2021-06,Derbyshire Constabulary,Derbyshire Constabulary,-1.417939,53.133522,On or near Dale View,E01019818,North East Derbyshire 013C,Public order,Unable to prosecute suspect,
7fa24236607a6beb902c1f968a93dc466b89c27d70ba9de5c4d372d1a3b2a236,2021-06,Derbyshire Constabulary,Derbyshire Constabulary,-1.417663,53.133979,On or near Church Rise,E01019818,North East Derbyshire 013C,Public order,Investigation complete; no suspect identified,
ae432fc54ca8610ee3167d6a2f7e3d2450620c900bb0bd5124a6306c678fd930,2021-06,Derbyshire Constabulary,Derbyshire Constabulary,-1.413045,53.120796,On or near Elm Tree Avenue,E01019818,North East Derbyshire 013C,Public order,Unable to prosecute suspect,
2f1e5ef8c077dea41f058721cb760a7debd8508e073f64fc2919864313bc9646,2021-06,Derbyshire Constabulary,Derbyshire Constabulary,-1.417870,53.136398,On or near Hawthorne Avenue,E01019818,North East Derbyshire 013C,Violence and sexual offences,Unable to prosecute suspect,
eb35323a832d3926afa4220420d529a0e295ee1bdec80d29d0f4d9bce221433a,2021-06,Derbyshire Constabulary,Derbyshire Constabulary,-1.417663,53.133979,On or near Church Rise,E01019818,North East Derbyshire 013C,Violence and sexual offences,Status update unavailable,
04a38a4d0689e5288deb3b8b9d2a78e45341fd44607474bfa9c898dbd3193135,2021-06,Derbyshire Constabulary,Derbyshire Constabulary,-1.417324,53.138058,On or near Sherwood Street,E01019818,North East Derbyshire 013C,Violence and sexual offences,Unable to prosecute suspect,
6d3db59a428c3bfc834b258523a53771f0a446ceff51611938c3cb6ff2a7d795,2021-06,Derbyshire Constabulary,Derbyshire Constabulary,-1.417939,53.133522,On or near Dale View,E01019818,North East Derbyshire 013C,Violence and sexual offences,Unable to prosecute suspect,
e56b1e13a35a28fe2a26ff5860ef1ef737e62ba649428fab1d80594cc60d3c60,2021-06,Derbyshire Constabulary,Derbyshire Constabulary,-1.410200,53.121214,On or near Lilac Way,E01019818,North East Derbyshire 013C,Violence and sexual offences,Status update unavailable,
6f04d5c4c96bfd28897ad24f8d603f62e5254f470a2fb87ddd185f842d4b48b2,2021-06,Derbyshire Constabulary,Derbyshire Constabulary,-1.417939,53.133522,On or near Dale View,E01019818,North East Derbyshire 013C,Violence and sexual offences,Unable to prosecute suspect,
768de7d98576598f15dd76545b36e7b38be1c4b73d92ebb0227ca8faa6a634e2,2021-06,Derbyshire Constabulary,Derbyshire Constabulary,-1.446589,53.116247,On or near Birch Close,E01019819,North East Derbyshire 013D,Criminal damage and arson,Status update unavailable,
706eb5cd46debb5b2ad6537d7c548d35d8214c9cf839e0546f10d024218b2aa1,2021-06,Derbyshire Constabulary,Derbyshire Constabulary,-1.448973,53.117903,On or near Brackenfield Lane,E01019819,North East Derbyshire 013D,Other theft,Unable to prosecute suspect,
21d5a4560dfdac126780c8c82299fe61d10ecc4ea1a6ce29b43a124995c09a26,2021-06,Derbyshire Constabulary,Derbyshire Constabulary,-1.448973,53.117903,On or near Brackenfield Lane,E01019819,North East Derbyshire 013D,Public order,Unable to prosecute suspect,
bb64cb65882521a6227fe83fffad41c8a8e0adc0686c739bda78474c7e0c2395,2021-06,Derbyshire Constabulary,Derbyshire Constabulary,-1.446824,53.117713,On or near Park Street,E01019819,North East Derbyshire 013D,Public order,Unable to prosecute suspect,
d5e14cd2f175adb1c3a6b315a99c16e3c50e66be6ddc07ed6c9a3862150c40db,2021-06,Derbyshire Constabulary,Derbyshire Constabulary,-1.462055,53.124462,On or near Matlock Road,E01019819,North East Derbyshire 013D,Violence and sexual offences,Status update unavailable,
b1b3d3d85d1bfe967fd28db6f8e0aa5149cc9eeb7ce8ccfbfbdb0f98aa25475b,2021-06,Derbyshire Constabulary,Derbyshire Constabulary,-1.448775,53.115933,On or near The Greendale,E01019819,North East Derbyshire 013D,Violence and sexual offences,Investigation complete; no suspect identified,
bdf1f42f496109fe72f5d41e6c2f1660ad80f58fe35cdb1480a45096cf5d3b32,2021-06,Derbyshire Constabulary,Derbyshire Constabulary,-1.462055,53.124462,On or near Matlock Road,E01019819,North East Derbyshire 013D,Violence and sexual offences,Status update unavailable,
b8dfd8ff5874ef891b0c88064bb85a63686b7e8be1ecce65cc8a52b23c0efcdf,2021-06,Derbyshire Constabulary,Derbyshire Constabulary,-1.462055,53.124462,On or near Matlock Road,E01019819,North East Derbyshire 013D,Other crime,Status update unavailable,
,2021-06,Derbyshire Constabulary,Derbyshire Constabulary,-1.417434,53.133223,On or near Bluebell Hill,E01019820,North East Derbyshire 013E,Anti-social behaviour,,
,2021-06,Derbyshire Constabulary,Derbyshire Constabulary,-1.415439,53.147020,On or near B6014,E01019820,North East Derbyshire 013E,Anti-social behaviour,,
,2021-06,Derbyshire Constabulary,Derbyshire Constabulary,-1.393474,53.131171,On or near Sports/Recreation Area,E01019820,North East Derbyshire 013E,Anti-social behaviour,,
6a714cdde0b1e187f05ec86055a56e62997871ecf4f76537af55fcd8c031b526,2021-06,Derbyshire Constabulary,Derbyshire Constabulary,-1.409334,53.127700,On or near Fernwood Close,E01019820,North East Derbyshire 013E,Burglary,Investigation complete; no suspect identified,
ddc5271f0c76a79a2a89f88b4da08443e3e7a001511cc6511b67ce40f14b6251,2021-06,Derbyshire Constabulary,Derbyshire Constabulary,-1.391177,53.130808,On or near West Street,E01019820,North East Derbyshire 013E,Public order,Unable to prosecute suspect,
2603842a03f68fe693b4278b96e756fdec50fb8ff080419d3770922855545ae2,2021-06,Derbyshire Constabulary,Derbyshire Constabulary,-1.417434,53.133223,On or near Bluebell Hill,E01019820,North East Derbyshire 013E,Public order,Unable to prosecute suspect,
1879d655897c69c1ebca0e78df1a739b1e1cb43af6baf090f2668da8bd434ad9,2021-06,Derbyshire Constabulary,Derbyshire Constabulary,-1.391177,53.130808,On or near West Street,E01019820,North East Derbyshire 013E,Public order,Unable to prosecute suspect,
b61210265f0f3223c48763126f5929b92669bbf49485d51cf8f54edd3d59dff1,2021-06,Derbyshire Constabulary,Derbyshire Constabulary,-1.383969,53.132174,On or near Westbourne Avenue,E01019820,North East Derbyshire 013E,Violence and sexual offences,Local resolution,
20618cafd61e2d90cbad66f774a98d97c4e22c2a727a2afd8e4cf0181e9ec2fe,2021-06,Derbyshire Constabulary,Derbyshire Constabulary,-1.383969,53.132174,On or near Westbourne Avenue,E01019820,North East Derbyshire 013E,Violence and sexual offences,Local resolution,
b73080eddeb4b581803fc3222ff8d4943b5d77cc993b0c03d01d289616863904,2021-06,Derbyshire Constabulary,Derbyshire Constabulary,-1.383969,53.132174,On or near Westbourne Avenue,E01019820,North East Derbyshire 013E,Violence and sexual offences,Status update unavailable,
e54922a909d8a3809ca97d386a6228d93f9b91049e12fd13ab22777b70ab43d7,2021-06,Derbyshire Constabulary,Derbyshire Constabulary,-1.383969,53.132174,On or near Westbourne Avenue,E01019820,North East Derbyshire 013E,Violence and sexual offences,Local resolution,
,2021-06,Derbyshire Constabulary,Derbyshire Constabulary,-1.365185,53.307243,On or near Supermarket,E01019791,North East Derbyshire 014A,Anti-social behaviour,,
,2021-06,Derbyshire Constabulary,Derbyshire Constabulary,-1.356886,53.308251,On or near Gosber Street,E01019791,North East Derbyshire 014A,Anti-social behaviour,,
,2021-06,Derbyshire Constabulary,Derbyshire Constabulary,-1.355905,53.308569,On or near Parking Area,E01019791,North East Derbyshire 014A,Anti-social behaviour,,
d1afb81bea90343c5ce0ba79f72c203e88081e31cc30f4848e0f40255506aef5,2021-06,Derbyshire Constabulary,Derbyshire Constabulary,-1.353202,53.309678,On or near Queen Street,E01019791,North East Derbyshire 014A,Criminal damage and arson,Investigation complete; no suspect identified,
fb39a3bd4f212407788b54d8eedeaec89697386b1d3ed08350428aa676921e7b,2021-06,Derbyshire Constabulary,Derbyshire Constabulary,-1.351810,53.309437,On or near Kings Mews,E01019791,North East Derbyshire 014A,Criminal damage and arson,Investigation complete; no suspect identified,
dbb9268a830d348193229704492e6083323f665d6b189a2da25e39314db0676c,2021-06,Derbyshire Constabulary,Derbyshire Constabulary,-1.362378,53.306275,On or near Sports/Recreation Area,E01019791,North East Derbyshire 014A,Criminal damage and arson,Unable to prosecute suspect,
de7b6e2371ae9d9d8557087a81bebc04555bba92f5cb7ebe0e30396add36a770,2021-06,Derbyshire Constabulary,Derbyshire Constabulary,-1.345386,53.314363,On or near Pipworth Lane,E01019791,North East Derbyshire 014A,Criminal damage and arson,Investigation complete; no suspect identified,
2671096575ddd2cdff2759465b067d607343fd202a3a9f5cc0026b56131af252,2021-06,Derbyshire Constabulary,Derbyshire Constabulary,-1.365185,53.307243,On or near Supermarket,E01019791,North East Derbyshire 014A,Other theft,Investigation complete; no suspect identified,
ff24f557165ccdfd50f163ebdf6fbde688ea65898ba200195cf6c2a0ae8cb3c8,2021-06,Derbyshire Constabulary,Derbyshire Constabulary,-1.365185,53.307243,On or near Supermarket,E01019791,North East Derbyshire 014A,Public order,Unable to prosecute suspect,
b3d4bcb6eda9385b9eed58c21fbe58eaa38323275359d3ddc53c1e5bc56b1617,2021-06,Derbyshire Constabulary,Derbyshire Constabulary,-1.346431,53.312760,On or near Rotherside Road,E01019791,North East Derbyshire 014A,Vehicle crime,Investigation complete; no suspect identified,
ff34e0f3683d9325b9889bd97f65ec374deb1cf17267238207bff3fe5f190de3,2021-06,Derbyshire Constabulary,Derbyshire Constabulary,-1.346431,53.312760,On or near Rotherside Road,E01019791,North East Derbyshire 014A,Vehicle crime,Investigation complete; no suspect identified,
2794b842c694be1813301c15a0bd01efeb75eb2b6afa01fffca0c3281990aa99,2021-06,Derbyshire Constabulary,Derbyshire Constabulary,-1.359738,53.308203,On or near Bramley Mews,E01019791,North East Derbyshire 014A,Vehicle crime,Investigation complete; no suspect identified,
bb64dbdcc3ee0173489013f261fb75786aa83f719c898080752345029c89da17,2021-06,Derbyshire Constabulary,Derbyshire Constabulary,-1.342324,53.296773,On or near Park/Open Space,E01019791,North East Derbyshire 014A,Violence and sexual offences,Investigation complete; no suspect identified,
697033fce799283161f01246959257329b04e396b5943a38d5f01ecf31f9800e,2021-06,Derbyshire Constabulary,Derbyshire Constabulary,-1.355905,53.308569,On or near Parking Area,E01019791,North East Derbyshire 014A,Violence and sexual offences,Unable to prosecute suspect,
7147127091c15362ac283bb4cfce2816eddcf4235d701af1b37079ddbb4d6816,2021-06,Derbyshire Constabulary,Derbyshire Constabulary,-1.353202,53.309678,On or near Queen Street,E01019791,North East Derbyshire 014A,Violence and sexual offences,Unable to prosecute suspect,
823554f1d12f6130eabe161786629e8e7859bf27e37021edacbe36180c6de997,2021-06,Derbyshire Constabulary,Derbyshire Constabulary,-1.357953,53.307124,On or near Edward Street,E01019791,North East Derbyshire 014A,Violence and sexual offences,Unable to prosecute suspect,
ee8ac977eb35fcaa7389988c89addf1fe1c27ef0e37444720bb49b12b3df7b22,2021-06,Derbyshire Constabulary,Derbyshire Constabulary,-1.362378,53.306275,On or near Sports/Recreation Area,E01019791,North East Derbyshire 014A,Violence and sexual offences,Unable to prosecute suspect,
608025d4fb2cf6096c1f1719178f5f7dbcc6cf1da3886e6bbda3581e5a20ad24,2021-06,Derbyshire Constabulary,Derbyshire Constabulary,-1.352619,53.311535,On or near Penny Engine Lane,E01019791,North East Derbyshire 014A,Violence and sexual offences,Status update unavailable,
9516ecc1d70dd833b00ee259ba4218005cd634db2dd6472ef2c54ea333aa0e9c,2021-06,Derbyshire Constabulary,Derbyshire Constabulary,-1.365185,53.307243,On or near Supermarket,E01019791,North East Derbyshire 014A,Violence and sexual offences,Status update unavailable,
cd1c919dd255c78cbac0c5561f6e53b48b4f9d42cf4d3451752edbab76cdf7f4,2021-06,Derbyshire Constabulary,Derbyshire Constabulary,-1.341654,53.298424,On or near Park/Open Space,E01019791,North East Derbyshire 014A,Violence and sexual offences,Unable to prosecute suspect,
60f7ec4d5dd2544f7ccbc44b853ac9eb4971547698ac80728eb64880be9d3305,2021-06,Derbyshire Constabulary,Derbyshire Constabulary,-1.365185,53.307243,On or near Supermarket,E01019791,North East Derbyshire 014A,Violence and sexual offences,Investigation complete; no suspect identified,
f80838c8294bf71e0b341d97e7a2946bf33cf2fd8dd4171af91c6a76beeb9727,2021-06,Derbyshire Constabulary,Derbyshire Constabulary,-1.357953,53.307124,On or near Edward Street,E01019791,North East Derbyshire 014A,Violence and sexual offences,Unable to prosecute suspect,
,2021-06,Derbyshire Constabulary,Derbyshire Constabulary,-1.369987,53.304212,On or near Hornthorpe Road,E01019792,North East Derbyshire 014B,Anti-social behaviour,,
,2021-06,Derbyshire Constabulary,Derbyshire Constabulary,-1.374650,53.302394,On or near Mulberry Road,E01019792,North East Derbyshire 014B,Anti-social behaviour,,
,2021-06,Derbyshire Constabulary,Derbyshire Constabulary,-1.370621,53.302921,On or near Ash Crescent,E01019792,North East Derbyshire 014B,Anti-social behaviour,,
,2021-06,Derbyshire Constabulary,Derbyshire Constabulary,-1.364415,53.305513,On or near Pipeyard Lane,E01019792,North East Derbyshire 014B,Anti-social behaviour,,
,2021-06,Derbyshire Constabulary,Derbyshire Constabulary,-1.368620,53.302282,On or near Hazel Road,E01019792,North East Derbyshire 014B,Anti-social behaviour,,
,2021-06,Derbyshire Constabulary,Derbyshire Constabulary,-1.364415,53.305513,On or near Pipeyard Lane,E01019792,North East Derbyshire 014B,Anti-social behaviour,,
,2021-06,Derbyshire Constabulary,Derbyshire Constabulary,-1.369302,53.305881,On or near West Street,E01019792,North East Derbyshire 014B,Anti-social behaviour,,
,2021-06,Derbyshire Constabulary,Derbyshire Constabulary,-1.373978,53.302193,On or near Lime Road,E01019792,North East Derbyshire 014B,Anti-social behaviour,,
,2021-06,Derbyshire Constabulary,Derbyshire Constabulary,-1.364415,53.305513,On or near Pipeyard Lane,E01019792,North East Derbyshire 014B,Anti-social behaviour,,
44fb412c73a19a1412ae6abd757f4d3d70fa2545089263eeed6183999afdfe73,2021-06,Derbyshire Constabulary,Derbyshire Constabulary,-1.370983,53.305854,On or near West End View,E01019792,North East Derbyshire 014B,Burglary,Investigation complete; no suspect identified,
f1fc8a124a19818a3013402b6e62409627be874e18691e49f48c0d2b82955a17,2021-06,Derbyshire Constabulary,Derbyshire Constabulary,-1.374650,53.302394,On or near Mulberry Road,E01019792,North East Derbyshire 014B,Drugs,Investigation complete; no suspect identified,
d3f91e7cf011e64cd3e47f6db8366a54fb2c8c2ff17faae723d345682f1647e8,2021-06,Derbyshire Constabulary,Derbyshire Constabulary,-1.370621,53.302921,On or near Ash Crescent,E01019792,North East Derbyshire 014B,Vehicle crime,Unable to prosecute suspect,
49e091aa8e0f04f277ab20a1ad8039ce2f93bfe9c221e2ba9ad0472da3cdac42,2021-06,Derbyshire Constabulary,Derbyshire Constabulary,-1.374650,53.302394,On or near Mulberry Road,E01019792,North East Derbyshire 014B,Vehicle crime,Investigation complete; no suspect identified,
9b2a437fbe4e1d15144c51ee22b38cf687f821bcc81e7396b1f0b08bfba7d902,2021-06,Derbyshire Constabulary,Derbyshire Constabulary,-1.364415,53.305513,On or near Pipeyard Lane,E01019792,North East Derbyshire 014B,Violence and sexual offences,Status update unavailable,
28bf3c0e0baf6880a2f4091c570673542cfedffe33a0002b311503291b22485f,2021-06,Derbyshire Constabulary,Derbyshire Constabulary,-1.369302,53.305881,On or near West Street,E01019792,North East Derbyshire 014B,Violence and sexual offences,Investigation complete; no suspect identified,
2a960e53f2028092bc10087398b41479a186eb85eb9c05eb12cd4b1fdc8767a2,2021-06,Derbyshire Constabulary,Derbyshire Constabulary,-1.368052,53.304139,On or near Fanshaw Close,E01019792,North East Derbyshire 014B,Violence and sexual offences,Unable to prosecute suspect,
ab58050ae54a313254353e55f119416338491c8cf27b5bdbfc36df3f4d777b5a,2021-06,Derbyshire Constabulary,Derbyshire Constabulary,-1.368041,53.302836,On or near Laurel Close,E01019792,North East Derbyshire 014B,Violence and sexual offences,Status update unavailable,
,2021-06,Derbyshire Constabulary,Derbyshire Constabulary,-1.317757,53.301885,On or near College Road,E01019815,North East Derbyshire 014C,Anti-social behaviour,,
,2021-06,Derbyshire Constabulary,Derbyshire Constabulary,-1.333889,53.295028,On or near Hague Lane,E01019815,North East Derbyshire 014C,Anti-social behaviour,,
,2021-06,Derbyshire Constabulary,Derbyshire Constabulary,-1.330136,53.295204,On or near Circular Drive,E01019815,North East Derbyshire 014C,Anti-social behaviour,,
,2021-06,Derbyshire Constabulary,Derbyshire Constabulary,-1.330136,53.295204,On or near Circular Drive,E01019815,North East Derbyshire 014C,Anti-social behaviour,,
37b46d0f265274d3ae0fb2500dfd8087eadbdb7462782ec3e83d94cac3bdff79,2021-06,Derbyshire Constabulary,Derbyshire Constabulary,-1.317757,53.301885,On or near College Road,E01019815,North East Derbyshire 014C,Burglary,Investigation complete; no suspect identified,
ac6aa3c43ed4d0598659a58ee0dde6ee9c9b26cd1e49a1102d2dc6a8ac920d33,2021-06,Derbyshire Constabulary,Derbyshire Constabulary,-1.329580,53.293305,On or near Carrwood Road,E01019815,North East Derbyshire 014C,Other theft,Investigation complete; no suspect identified,
669f382b2b43147ab1b52585b357f8aa036acdead10b2894bad27547455831da,2021-06,Derbyshire Constabulary,Derbyshire Constabulary,-1.329546,53.294545,On or near Reynard Crescent,E01019815,North East Derbyshire 014C,Public order,Investigation complete; no suspect identified,
018832caaa714a2895a2863fa517fcbdfb4d9381b2a9ddb19c6436d7135fda1c,2021-06,Derbyshire Constabulary,Derbyshire Constabulary,-1.329546,53.294545,On or near Reynard Crescent,E01019815,North East Derbyshire 014C,Public order,Unable to prosecute suspect,
828828c68b57fd886d379a496ebef619a9a0831d236322bd0ddcef231202a692,2021-06,Derbyshire Constabulary,Derbyshire Constabulary,-1.336657,53.303313,On or near Mill Lane,E01019815,North East Derbyshire 014C,Public order,Investigation complete; no suspect identified,
81c9e62a3a31aaf724bf0683c5bc92227713e1356bcf17a98fecf29cdc75561d,2021-06,Derbyshire Constabulary,Derbyshire Constabulary,-1.329499,53.296567,On or near Stanier Way,E01019815,North East Derbyshire 014C,Vehicle crime,Investigation complete; no suspect identified,
f921db6a9dbf0ac655262d84a1684b919f20c369efe0b56fc6c3a65be2be7f8d,2021-06,Derbyshire Constabulary,Derbyshire Constabulary,-1.323837,53.292167,On or near Emmett Carr Close,E01019815,North East Derbyshire 014C,Vehicle crime,Investigation complete; no suspect identified,
370d461f098364ce47ba6665a810048475fbb0cf2276c0fd4874d94589343d6e,2021-06,Derbyshire Constabulary,Derbyshire Constabulary,-1.325079,53.294331,On or near Abbey Croft,E01019815,North East Derbyshire 014C,Violence and sexual offences,Unable to prosecute suspect,
370d461f098364ce47ba6665a810048475fbb0cf2276c0fd4874d94589343d6e,2021-06,Derbyshire Constabulary,Derbyshire Constabulary,-1.333889,53.295028,On or near Hague Lane,E01019815,North East Derbyshire 014C,Violence and sexual offences,Status update unavailable,
f2db33efab3e2a8db5d7fd5d72e92189fb4eeacf275df4dae8a29e4ec1ad1706,2021-06,Derbyshire Constabulary,Derbyshire Constabulary,-1.333889,53.295028,On or near Hague Lane,E01019815,North East Derbyshire 014C,Violence and sexual offences,Unable to prosecute suspect,
3664acc1b5e7c62f029b388fe16b44fed1a5301aaa525c8682586c92a6610629,2021-06,Derbyshire Constabulary,Derbyshire Constabulary,-1.329580,53.293305,On or near Carrwood Road,E01019815,North East Derbyshire 014C,Violence and sexual offences,Unable to prosecute suspect,
60f7fae93d09792f3d06450df5667b6518f8ad17bddf22b6604101e13ed4237b,2021-06,Derbyshire Constabulary,Derbyshire Constabulary,-1.333889,53.295028,On or near Hague Lane,E01019815,North East Derbyshire 014C,Violence and sexual offences,Status update unavailable,
4a00935b692d33ad5b25b63de2d830418de575a29c50a90022987170ee41785e,2021-06,Derbyshire Constabulary,Derbyshire Constabulary,-1.333889,53.295028,On or near Hague Lane,E01019815,North East Derbyshire 014C,Violence and sexual offences,Local resolution,
,2021-06,Derbyshire Constabulary,Derbyshire Constabulary,-1.366610,53.308276,On or near Berry Avenue,E01032586,North East Derbyshire 014D,Anti-social behaviour,,
,2021-06,Derbyshire Constabulary,Derbyshire Constabulary,-1.359265,53.311706,On or near Ladybank View,E01032586,North East Derbyshire 014D,Anti-social behaviour,,
,2021-06,Derbyshire Constabulary,Derbyshire Constabulary,-1.366610,53.308276,On or near Berry Avenue,E01032586,North East Derbyshire 014D,Anti-social behaviour,,
,2021-06,Derbyshire Constabulary,Derbyshire Constabulary,-1.366610,53.308276,On or near Berry Avenue,E01032586,North East Derbyshire 014D,Anti-social behaviour,,
,2021-06,Derbyshire Constabulary,Derbyshire Constabulary,-1.366610,53.308276,On or near Berry Avenue,E01032586,North East Derbyshire 014D,Anti-social behaviour,,
,2021-06,Derbyshire Constabulary,Derbyshire Constabulary,-1.356257,53.310171,On or near Parking Area,E01032586,North East Derbyshire 014D,Anti-social behaviour,,
,2021-06,Derbyshire Constabulary,Derbyshire Constabulary,-1.349609,53.313065,On or near Rotherham Road,E01032586,North East Derbyshire 014D,Anti-social behaviour,,
ceab9858b79e54f93c219c00545484a41b0b4b37e17e0a4675729cb5e07a5807,2021-06,Derbyshire Constabulary,Derbyshire Constabulary,-1.356257,53.310171,On or near Parking Area,E01032586,North East Derbyshire 014D,Criminal damage and arson,Unable to prosecute suspect,
ecd3e4c4f7e5f66261e41e5a1cd479b7f5fc4556b4b036909e6d932a19b3d5b2,2021-06,Derbyshire Constabulary,Derbyshire Constabulary,-1.366610,53.308276,On or near Berry Avenue,E01032586,North East Derbyshire 014D,Criminal damage and arson,Investigation complete; no suspect identified,
36dc70b91d97ae6e48841217d437fb99bdafecc8dc928484a32a2be0ba960926,2021-06,Derbyshire Constabulary,Derbyshire Constabulary,-1.368395,53.307323,On or near Darcy Road,E01032586,North East Derbyshire 014D,Criminal damage and arson,Investigation complete; no suspect identified,
58d62b03eb6bffa1696285437cfc9ed5927003db5dc6516204a008384eb41b01,2021-06,Derbyshire Constabulary,Derbyshire Constabulary,-1.366610,53.308276,On or near Berry Avenue,E01032586,North East Derbyshire 014D,Public order,Unable to prosecute suspect,
9f3894b20c2dad613968dcb47caaeb17d3b30205f3e264bd716673f0f4ebc999,2021-06,Derbyshire Constabulary,Derbyshire Constabulary,-1.356054,53.309639,On or near Market Street,E01032586,North East Derbyshire 014D,Public order,Investigation complete; no suspect identified,
f5d5d2f0befd98b819ab62a9ae53512784deb4e2cf3d58f80f9b2a5c46c7d109,2021-06,Derbyshire Constabulary,Derbyshire Constabulary,-1.357843,53.309478,On or near Supermarket,E01032586,North East Derbyshire 014D,Shoplifting,Unable to prosecute suspect,
b0f2fa5966f4135d7e447ff55715931236ce779a0d18f65b5f1f6898ac413bb4,2021-06,Derbyshire Constabulary,Derbyshire Constabulary,-1.368395,53.307323,On or near Darcy Road,E01032586,North East Derbyshire 014D,Vehicle crime,Unable to prosecute suspect,
490f695e95f244b7274623c303aa4fdbf5fa3cf6873b8d49c0d8b58c16d5c348,2021-06,Derbyshire Constabulary,Derbyshire Constabulary,-1.348653,53.315739,On or near Rotherham Road,E01032586,North East Derbyshire 014D,Violence and sexual offences,Unable to prosecute suspect,
7c4144f78481f22958c98a9adfcaa9c870603bbf40e6e1ca627b33a2ffe1a41b,2021-06,Derbyshire Constabulary,Derbyshire Constabulary,-1.356054,53.309639,On or near Market Street,E01032586,North East Derbyshire 014D,Violence and sexual offences,Unable to prosecute suspect,
e16ecc57b1ccce886bc87b15fbff1051ddcb9b7727c1c9e35589d23e4ef7e693,2021-06,Derbyshire Constabulary,Derbyshire Constabulary,-1.348653,53.315739,On or near Rotherham Road,E01032586,North East Derbyshire 014D,Violence and sexual offences,Unable to prosecute suspect,
f4b9b580eecb24069694594dc1978f60fdd0b7a148b2277d1c7f95ca762ccba9,2021-06,Derbyshire Constabulary,Derbyshire Constabulary,-1.366610,53.308276,On or near Berry Avenue,E01032586,North East Derbyshire 014D,Violence and sexual offences,Unable to prosecute suspect,
76695c8362b89a5169130e9f263f82cddda89f260bf59120e6039f6afeaa7227,2021-06,Derbyshire Constabulary,Derbyshire Constabulary,-1.357828,53.311483,On or near Castle Hill,E01032586,North East Derbyshire 014D,Other crime,Investigation complete; no suspect identified,
28cc39d8181ddf26c7edd757059a97212231571045ea36b08867be4de5ec8bc8,2021-06,Derbyshire Constabulary,Derbyshire Constabulary,-1.366610,53.308276,On or near Berry Avenue,E01032586,North East Derbyshire 014D,Other crime,Status update unavailable,
4a8f969cbb60e3881adfb33b08cadec2b14e7ea38f3cf2ce11d5dff52ec505c1,2021-06,Derbyshire Constabulary,Derbyshire Constabulary,-1.352930,53.312786,On or near Church Street,E01032586,North East Derbyshire 014D,Other crime,Status update unavailable,
e8662790265886c13745370c2ac04c8c02c8e98cf07844a0ac37065ea213aeb9,2021-06,Derbyshire Constabulary,Derbyshire Constabulary,-0.028463,53.525591,On or near Glebe Road,E01013169,North East Lincolnshire 020E,Violence and sexual offences,Status update unavailable,
e56c14abef96483b0504cb672cd1c9562eeccd44b3f8d3fa9be6fa3c9233aba7,2021-06,Derbyshire Constabulary,Derbyshire Constabulary,-1.272328,52.839083,On or near Bridge Fields,E01025946,North West Leicestershire 002D,Criminal damage and arson,Action to be taken by another organisation,
2d65289a682aafa1a71483292c9459a60d0223371ee79b03dc620972b3ce6890,2021-06,Derbyshire Constabulary,Derbyshire Constabulary,-1.514147,52.767099,On or near Ashby Road,E01025952,North West Leicestershire 008C,Violence and sexual offences,Status update unavailable,
0beb5395cb10bc06623513175f58bb2105107e1df0aedb5cc2a91b4b78f1a706,2021-06,Derbyshire Constabulary,Derbyshire Constabulary,-1.378075,52.707797,On or near Tweentown,E01025938,North West Leicestershire 013A,Violence and sexual offences,Status update unavailable,
e6cfd474c18962dd4d952b7433717806da3a8a41b133715b0e4d576f8a865cad,2021-06,Derbyshire Constabulary,Derbyshire Constabulary,-1.174032,53.004216,On or near Bakewell Drive,E01013893,Nottingham 001C,Violence and sexual offences,Status update unavailable,
978d68a4adf3e58d3d525f3ce9344c17c55f70c9e45166dbf71019bced3964bb,2021-06,Derbyshire Constabulary,Derbyshire Constabulary,-1.174032,53.004216,On or near Bakewell Drive,E01013893,Nottingham 001C,Violence and sexual offences,Unable to prosecute suspect,
6ac0ce49ca96a689c9cc705a418f7815ba313f78cb9ae6652d572ca2133b2b2f,2021-06,Derbyshire Constabulary,Derbyshire Constabulary,-1.174032,53.004216,On or near Bakewell Drive,E01013893,Nottingham 001C,Violence and sexual offences,Status update unavailable,
8b5cf85ab5227262d9c7b0529be9f70f7b336c082a69509ec9f80f2cb8e351be,2021-06,Derbyshire Constabulary,Derbyshire Constabulary,-1.155815,52.983898,On or near Prison,E01013967,Nottingham 007E,Violence and sexual offences,Status update unavailable,
af175e42c07b3f27b523b2cb7695d7091c25ccf55c0f54a6156020536828f58f,2021-06,Derbyshire Constabulary,Derbyshire Constabulary,-1.155815,52.983898,On or near Prison,E01013967,Nottingham 007E,Other crime,Unable to prosecute suspect,
b67233cc01b2a4e15c2d5e94112d9ad2857d28c4c40b5cbf567d2a0a462bc365,2021-06,Derbyshire Constabulary,Derbyshire Constabulary,-1.198105,52.984568,On or near Petrol Station,E01013831,Nottingham 009C,Violence and sexual offences,Status update unavailable,
5ac25be932e9036a2dc5b9f23b34e964b4fa1aa68a54d1e1da782d2df8586107,2021-06,Derbyshire Constabulary,Derbyshire Constabulary,-1.132421,52.979855,On or near Querneby Avenue,E01013935,Nottingham 010A,Violence and sexual offences,Status update unavailable,
4259c8361f9b81f1b1ebd2c7eb107bad320e70fcaa3549140791ba86403aec3f,2021-06,Derbyshire Constabulary,Derbyshire Constabulary,-1.165893,52.979555,On or near Glamis Road,E01013840,Nottingham 012D,Violence and sexual offences,Status update unavailable,
2b34039056f5f95f323236d9e328a3922072473bdc9c9ab9eb7eca5d55ec4392,2021-06,Derbyshire Constabulary,Derbyshire Constabulary,-1.163724,52.960006,On or near Tennyson Street,E01013816,Nottingham 022D,Violence and sexual offences,Status update unavailable,
fdac52626a3b852ccbbcdcd03015b88ad80e70a6f29941d2c8305ea1a58a8951,2021-06,Derbyshire Constabulary,Derbyshire Constabulary,-1.175344,52.957975,On or near Beresford Street,E01013945,Nottingham 026B,Drugs,Status update unavailable,
516f0cfe9d27c598ffb79a87682a7467e7474d3917618d56b45d7b967e91f40b,2021-06,Derbyshire Constabulary,Derbyshire Constabulary,-1.219086,52.954360,On or near Court Crescent,E01013982,Nottingham 030B,Violence and sexual offences,Status update unavailable,
69db1c9182fd42b156e07074562ac0a9beb8e7dc64048316e6fa5326d8d604cd,2021-06,Derbyshire Constabulary,Derbyshire Constabulary,-1.219086,52.954360,On or near Court Crescent,E01013982,Nottingham 030B,Violence and sexual offences,Status update unavailable,
5c39724dccc0814fc396375e498f42c75bbc130b9b6d11455a1a572c72909b54,2021-06,Derbyshire Constabulary,Derbyshire Constabulary,-1.214053,52.938029,On or near Audley Drive,E01013976,Nottingham 032D,Criminal damage and arson,Status update unavailable,
613733a5bdd7695c8a9ddcd8b016f457bce4512cada15d32ee085b255a2c5104,2021-06,Derbyshire Constabulary,Derbyshire Constabulary,-1.147278,52.952949,On or near Bridlesmith Gate,E01033406,Nottingham 039E,Violence and sexual offences,Status update unavailable,
dd5a8ccc90ef01edbc517c28e2ff26d943fb26e0f307bc723e6dde2fe1a6f61d,2021-06,Derbyshire Constabulary,Derbyshire Constabulary,-2.146774,53.529338,On or near Windsor Avenue,E01005343,Oldham 027B,Violence and sexual offences,Status update unavailable,
16131e8f1b8d66ba545e6e206bce750e97062093217b1cafe7dbc12b6f1522a3,2021-06,Derbyshire Constabulary,Derbyshire Constabulary,-5.201392,51.873862,On or near Sports/Recreation Area,W01000618,Pembrokeshire 003D,Violence and sexual offences,Awaiting court outcome,
af32e156431b7c21c60b827abd9759e461cb91ea503dea72a87cd8f8bc40b307,2021-06,Derbyshire Constabulary,Derbyshire Constabulary,-0.276956,52.592796,On or near Swanspool,E01015662,Peterborough 009C,Violence and sexual offences,Status update unavailable,
724c1287cd4754f857301f0767e19ebe2f63ded443f05bcdef85357c71e7edfb,2021-06,Derbyshire Constabulary,Derbyshire Constabulary,-1.392643,53.442936,On or near Supermarket,E01007807,Rotherham 011E,Violence and sexual offences,Status update unavailable,
f3e58ff571a61d6fcf4c814b07ab6bb6f08dffd1fc88d01591677b809ad02c28,2021-06,Derbyshire Constabulary,Derbyshire Constabulary,-1.392643,53.442936,On or near Supermarket,E01007807,Rotherham 011E,Violence and sexual offences,Status update unavailable,
,2021-06,Derbyshire Constabulary,Derbyshire Constabulary,-1.281104,53.321176,On or near M1,E01007751,Rotherham 033C,Anti-social behaviour,,
03fe2841c1763a2a1d4d6ddd448c2bd4f8c287994ce5a8e403a2651f945e1171,2021-06,Derbyshire Constabulary,Derbyshire Constabulary,-1.277252,53.337728,On or near Longlands Avenue,E01007751,Rotherham 033C,Violence and sexual offences,Status update unavailable,
d2aa5f34d2da82a74505f757215f9ae15c58e6ba747518db69940ac7d5d837fe,2021-06,Derbyshire Constabulary,Derbyshire Constabulary,-2.402513,53.456977,On or near Crossfield Road,E01005640,Salford 029B,Violence and sexual offences,Unable to prosecute suspect,
5033535976217c2ad540f095bbe01b808f74463989f6c6e745fd4efe149d5db6,2021-06,Derbyshire Constabulary,Derbyshire Constabulary,-1.498203,53.437071,On or near Salt Box Grove,E01008141,Sheffield 005E,Drugs,Offender given a drugs possession warning,
a64f55e4a2020895f40dd9f20d484826abfe808ef4dd059623a94d8a097c0f58,2021-06,Derbyshire Constabulary,Derbyshire Constabulary,-1.469952,53.416239,On or near Everingham Close,E01007945,Sheffield 015B,Violence and sexual offences,Unable to prosecute suspect,
bc2235e3d3f8b1a96277e9983960dcf5c9902c7a35a60d77f81fa2428b87222a,2021-06,Derbyshire Constabulary,Derbyshire Constabulary,-1.370046,53.361400,On or near Tithe Barn Avenue,E01007964,Sheffield 049A,Violence and sexual offences,Status update unavailable,
,2021-06,Derbyshire Constabulary,Derbyshire Constabulary,-1.564672,53.349099,On or near Houndkirk Road,E01007939,Sheffield 055F,Anti-social behaviour,,
,2021-06,Derbyshire Constabulary,Derbyshire Constabulary,-1.416094,53.337733,On or near Sports/Recreation Area,E01007836,Sheffield 062B,Anti-social behaviour,,
,2021-06,Derbyshire Constabulary,Derbyshire Constabulary,-1.525570,53.316528,On or near Glover Road,E01007924,Sheffield 071E,Anti-social behaviour,,
9c35e32111bcd277b9a71f76af425fa2ad0a8888c73e3edcaf0076a926bcf2a2,2021-06,Derbyshire Constabulary,Derbyshire Constabulary,-1.386546,53.334052,On or near Camdale Rise,E01008021,Sheffield 072A,Vehicle crime,Investigation complete; no suspect identified,
c2872a976260d279eebefea30ab2dc7fd2f3cac77554715a60bd878bd546c174,2021-06,Derbyshire Constabulary,Derbyshire Constabulary,-1.389126,53.342703,On or near Weakland Close,E01033278,Sheffield 076E,Violence and sexual offences,Status update unavailable,
f16dfbb43bf6170e98dfc7ec458b9d68cbacbddc6288f6133b713d1c419a6c88,2021-06,Derbyshire Constabulary,Derbyshire Constabulary,-1.389126,53.342703,On or near Weakland Close,E01033278,Sheffield 076E,Violence and sexual offences,Unable to prosecute suspect,
a5d944be87628e8a98d5862035a45952413c19b526e95d730c3cc02c70bc6d75,2021-06,Derbyshire Constabulary,Derbyshire Constabulary,-1.389126,53.342703,On or near Weakland Close,E01033278,Sheffield 076E,Violence and sexual offences,Status update unavailable,
,2021-06,Derbyshire Constabulary,Derbyshire Constabulary,-1.622344,52.893210,On or near Ash Lane,E01019839,South Derbyshire 001A,Anti-social behaviour,,
d4188424f3b7e033e339aabf242744b22106f1f07979e6ca6c1d77e3d286bb88,2021-06,Derbyshire Constabulary,Derbyshire Constabulary,-1.546921,52.882231,On or near Burton Road,E01019839,South Derbyshire 001A,Criminal damage and arson,Investigation complete; no suspect identified,
dbbe0eb6d56a65d41060f425c6b2a2002c16395641b5f5760c2b0758c717a6d8,2021-06,Derbyshire Constabulary,Derbyshire Constabulary,-1.562530,52.893436,On or near Brambling Crescent,E01019839,South Derbyshire 001A,Public order,Unable to prosecute suspect,
6353dce3b1a23127db1ec199b52fcf23fb101ced42f7acef00e1690b5db3aa30,2021-06,Derbyshire Constabulary,Derbyshire Constabulary,-1.559511,52.895034,On or near Sanderling Heath,E01019839,South Derbyshire 001A,Public order,Unable to prosecute suspect,
9e2a127094b919c5c88f05145af83e210b7864f5dd05d6f10f3aebbfeca9b87e,2021-06,Derbyshire Constabulary,Derbyshire Constabulary,-1.546921,52.882231,On or near Burton Road,E01019839,South Derbyshire 001A,Shoplifting,Investigation complete; no suspect identified,
e087767a3a383fb71ab2ac9a2fc13466c65b001fd1614d8b2733ee145bee0574,2021-06,Derbyshire Constabulary,Derbyshire Constabulary,-1.559511,52.895034,On or near Sanderling Heath,E01019839,South Derbyshire 001A,Violence and sexual offences,Unable to prosecute suspect,
5e991e5bf0189647b68e987b2dbf2fdc99b11d57601a58dc7e176eeaa6a82315,2021-06,Derbyshire Constabulary,Derbyshire Constabulary,-1.558846,52.896093,On or near Plover Court,E01019839,South Derbyshire 001A,Violence and sexual offences,Unable to prosecute suspect,
ce4e7453683aba04e5d25b576f53986e06ad195b190a8e989cf7ec3fcdabb976,2021-06,Derbyshire Constabulary,Derbyshire Constabulary,-1.562530,52.893436,On or near Brambling Crescent,E01019839,South Derbyshire 001A,Violence and sexual offences,Unable to prosecute suspect,
b59a1b9e04dc7e354847f9272ad18a799521a45ddf0e88643ae31f65f22746db,2021-06,Derbyshire Constabulary,Derbyshire Constabulary,-1.681571,52.871602,On or near Yew Tree Road,E01019845,South Derbyshire 001B,Burglary,Investigation complete; no suspect identified,
32270941c3d2bd9562c518849e5a008f343f4f39c37af5bfddc65731325c2f11,2021-06,Derbyshire Constabulary,Derbyshire Constabulary,-1.677302,52.870305,On or near Rye Flatts Lane,E01019845,South Derbyshire 001B,Criminal damage and arson,Unable to prosecute suspect,
feda9da4bbeca45358f5d3ab6c880630f4646a67b83102e7382b08d9ede4f6cb,2021-06,Derbyshire Constabulary,Derbyshire Constabulary,-1.680689,52.874449,On or near Petrol Station,E01019845,South Derbyshire 001B,Other theft,Investigation complete; no suspect identified,
66231c8bb40d28c93af3f6c79474da3eb8c0ccac13f93aea6f8bb4b6e8874374,2021-06,Derbyshire Constabulary,Derbyshire Constabulary,-1.680689,52.874449,On or near Petrol Station,E01019845,South Derbyshire 001B,Other theft,Unable to prosecute suspect,
cee2d0cd3d5fc73cfb0d5e6bae6ce7cb88683cc1586fe8805d95303ae9e09769,2021-06,Derbyshire Constabulary,Derbyshire Constabulary,-1.680689,52.874449,On or near Petrol Station,E01019845,South Derbyshire 001B,Other crime,Status update unavailable,
,2021-06,Derbyshire Constabulary,Derbyshire Constabulary,-1.705530,52.887593,On or near Woodyard Lane,E01019866,South Derbyshire 001D,Anti-social behaviour,,
f372e4b59ec8f73e9818eba67f0ba163ec028a8a1e2630dce602b3b9869ecd33,2021-06,Derbyshire Constabulary,Derbyshire Constabulary,-1.701831,52.867924,On or near Scropton Road,E01019866,South Derbyshire 001D,Burglary,Investigation complete; no suspect identified,
cfc502261edbe413760f13c16eaa6c73e9d2f8917bd04b090ac130e2f897461a,2021-06,Derbyshire Constabulary,Derbyshire Constabulary,-1.701831,52.867924,On or near Scropton Road,E01019866,South Derbyshire 001D,Other theft,Investigation complete; no suspect identified,
d844bfac1c4ccfec666366c9dc21258d01b9d38bea8bbca5e53a00f9641520b5,2021-06,Derbyshire Constabulary,Derbyshire Constabulary,-1.726951,52.882143,On or near Woodland Drive,E01019866,South Derbyshire 001D,Other theft,Investigation complete; no suspect identified,
afd538bbe97a75ebbb31a8ae2e12d66d4ce9c57b65333b1f8a48aba76ef519d7,2021-06,Derbyshire Constabulary,Derbyshire Constabulary,-1.688285,52.875944,On or near Uttoxeter Road,E01019866,South Derbyshire 001D,Other theft,Investigation complete; no suspect identified,
62bb9cd9e548dcb1979fa03d1fba9dc46d7cd55d1d7890bccc85e960005e82d1,2021-06,Derbyshire Constabulary,Derbyshire Constabulary,-1.701811,52.892555,On or near Boggy Lane,E01019866,South Derbyshire 001D,Other theft,Investigation complete; no suspect identified,
99a958a3f3c3d165eea8a156c47209a922c51bd9289cbceee9341331ab0d722a,2021-06,Derbyshire Constabulary,Derbyshire Constabulary,-1.683469,52.880318,On or near Church Broughton Road,E01019866,South Derbyshire 001D,Public order,Unable to prosecute suspect,
c6b9ffe7670fc5c7cfc26176473673f2b42884ea7b610223d7b4ab40254b0173,2021-06,Derbyshire Constabulary,Derbyshire Constabulary,-1.726951,52.882143,On or near Woodland Drive,E01019866,South Derbyshire 001D,Public order,Formal action is not in the public interest,
d4d4b704088254957e42cc2b105fd3ae3597ff93234d938fd8e686879afaf6d4,2021-06,Derbyshire Constabulary,Derbyshire Constabulary,-1.683469,52.880318,On or near Church Broughton Road,E01019866,South Derbyshire 001D,Violence and sexual offences,Unable to prosecute suspect,
eb6e62a0f95216d2941069fdf4d8d1297592263dc9b6a58dea2e626d3e587f0b,2021-06,Derbyshire Constabulary,Derbyshire Constabulary,-1.683469,52.880318,On or near Church Broughton Road,E01019866,South Derbyshire 001D,Violence and sexual offences,Unable to prosecute suspect,
d19621da390448fa63d10b63d0bb8dc3dc33679e16f6c13622f036fe66c15d30,2021-06,Derbyshire Constabulary,Derbyshire Constabulary,-1.644064,52.923661,On or near Cropper Lane,E01019866,South Derbyshire 001D,Violence and sexual offences,Status update unavailable,
b8c362d80b5a252822c8de884c3131c89f944b5e6738950c84a8460f2a3e5d1d,2021-06,Derbyshire Constabulary,Derbyshire Constabulary,-1.683469,52.880318,On or near Church Broughton Road,E01019866,South Derbyshire 001D,Violence and sexual offences,Unable to prosecute suspect,
4383b1e6386e3c07144a9b6e06333e3932db134d4a2b8a20e11e28037df9489d,2021-06,Derbyshire Constabulary,Derbyshire Constabulary,-1.683469,52.880318,On or near Church Broughton Road,E01019866,South Derbyshire 001D,Violence and sexual offences,Unable to prosecute suspect,
c85541f80800744d931389a2c63f1766de5fd8d2fcccbf0f200ea0d1be68e620,2021-06,Derbyshire Constabulary,Derbyshire Constabulary,-1.683469,52.880318,On or near Church Broughton Road,E01019866,South Derbyshire 001D,Violence and sexual offences,Unable to prosecute suspect,
c10a57af77126c7ad190afaf4b6a73a310c3907d89d74bbb1bc035e671590a7c,2021-06,Derbyshire Constabulary,Derbyshire Constabulary,-1.726951,52.882143,On or near Woodland Drive,E01019866,South Derbyshire 001D,Violence and sexual offences,Unable to prosecute suspect,
5df1551a4c8d0434729ec7e477d454a011f1d3f8dda5dcc26a61898b0045c652,2021-06,Derbyshire Constabulary,Derbyshire Constabulary,-1.683469,52.880318,On or near Church Broughton Road,E01019866,South Derbyshire 001D,Violence and sexual offences,Unable to prosecute suspect,
03bf805ad6229aad97662f4eb6eefa1c94b81191afbd7b5a922d743cfd07f0b1,2021-06,Derbyshire Constabulary,Derbyshire Constabulary,-1.726951,52.882143,On or near Woodland Drive,E01019866,South Derbyshire 001D,Violence and sexual offences,Awaiting court outcome,
64e13325fa7ac597397bb75c065e5974b203203bd84c0acd14b7bea2daf089e0,2021-06,Derbyshire Constabulary,Derbyshire Constabulary,-1.726951,52.882143,On or near Woodland Drive,E01019866,South Derbyshire 001D,Violence and sexual offences,Awaiting court outcome,
d4feda8c0a20d5e571073f4e40c3be0e757792a08d2ce3e4899bb1aef9872102,2021-06,Derbyshire Constabulary,Derbyshire Constabulary,-1.702695,52.904567,On or near Ashbourne Road,E01019866,South Derbyshire 001D,Violence and sexual offences,Investigation complete; no suspect identified,
8efde810f0d465d4cea1abe179e84ed81807dbc9c8da75350846fd1827fa8516,2021-06,Derbyshire Constabulary,Derbyshire Constabulary,-1.726951,52.882143,On or near Woodland Drive,E01019866,South Derbyshire 001D,Violence and sexual offences,Awaiting court outcome,
276ecb2f3729af579a2d314c552c61f0a82c0eeb51505aa166ea80dc4d6d3ac4,2021-06,Derbyshire Constabulary,Derbyshire Constabulary,-1.726951,52.882143,On or near Woodland Drive,E01019866,South Derbyshire 001D,Violence and sexual offences,Status update unavailable,
bc06ba99d7a6c6772151ade2442ea94462ef6dcd0d012da70f5d092429811780,2021-06,Derbyshire Constabulary,Derbyshire Constabulary,-1.726951,52.882143,On or near Woodland Drive,E01019866,South Derbyshire 001D,Violence and sexual offences,Unable to prosecute suspect,
92406a50979466a42d781c24fab09e729309b06347c87d3021f56618259ba17e,2021-06,Derbyshire Constabulary,Derbyshire Constabulary,-1.683469,52.880318,On or near Church Broughton Road,E01019866,South Derbyshire 001D,Violence and sexual offences,Unable to prosecute suspect,
,2021-06,Derbyshire Constabulary,Derbyshire Constabulary,-1.601434,52.878264,On or near Springfield Road,E01019840,South Derbyshire 002A,Anti-social behaviour,,
a2927ee7a8b59b4390ec1985b2ea3c88fd15dff235e2cf2a56a15e3b598e7344,2021-06,Derbyshire Constabulary,Derbyshire Constabulary,-1.600594,52.877506,On or near Melville Court,E01019840,South Derbyshire 002A,Criminal damage and arson,Unable to prosecute suspect,
690470d188cc9adb51848f025f4f76a361ce703147144e23461544052a09a051,2021-06,Derbyshire Constabulary,Derbyshire Constabulary,-1.601177,52.885293,On or near Church Hill,E01019840,South Derbyshire 002A,Criminal damage and arson,Local resolution,
d414522b1f5436ba935a0bb69565032d6889ad73cf28901cbaf6ae7e98e5d995,2021-06,Derbyshire Constabulary,Derbyshire Constabulary,-1.601177,52.885293,On or near Church Hill,E01019840,South Derbyshire 002A,Criminal damage and arson,Local resolution,
cf9f686e607f22bd8700c2cb2393b7b4eb0bd4dfbe22cfe5ea79cea147081d93,2021-06,Derbyshire Constabulary,Derbyshire Constabulary,-1.601434,52.878264,On or near Springfield Road,E01019840,South Derbyshire 002A,Other theft,Investigation complete; no suspect identified,
bb31bf078dbcefe240aaefd5e73fee226575aa8d597ac419f7f42dda6c769e51,2021-06,Derbyshire Constabulary,Derbyshire Constabulary,-1.600594,52.877506,On or near Melville Court,E01019840,South Derbyshire 002A,Violence and sexual offences,Unable to prosecute suspect,
2fe8967c23c143ab0edd1a2bf6fb1d2bf411023702e572efcaf76540ef36a063,2021-06,Derbyshire Constabulary,Derbyshire Constabulary,-1.600594,52.877506,On or near Melville Court,E01019840,South Derbyshire 002A,Violence and sexual offences,Unable to prosecute suspect,
9b95cff59a508d92d1a6a0b104c7fee75a0377a5c19c664e69e542e216765a14,2021-06,Derbyshire Constabulary,Derbyshire Constabulary,-1.601177,52.885293,On or near Church Hill,E01019840,South Derbyshire 002A,Violence and sexual offences,Local resolution,
81bffabaf965912fc5940890a1b6695ff4659d17027c6cfbd1f5133805d135c1,2021-06,Derbyshire Constabulary,Derbyshire Constabulary,-1.605904,52.880158,On or near Blakelow Drive,E01019840,South Derbyshire 002A,Violence and sexual offences,Unable to prosecute suspect,
821d0955fa92cf30ef00c929328e385e38be46719a1b801a686923c38405f6ab,2021-06,Derbyshire Constabulary,Derbyshire Constabulary,-1.600594,52.877506,On or near Melville Court,E01019840,South Derbyshire 002A,Violence and sexual offences,Unable to prosecute suspect,
7cab84e8f4a8372af808b2fe18a97964f60d12211ed4fae8206957aa2539dd5c,2021-06,Derbyshire Constabulary,Derbyshire Constabulary,-1.600594,52.877506,On or near Melville Court,E01019840,South Derbyshire 002A,Violence and sexual offences,Unable to prosecute suspect,
07c5896df208aa527a9f71672295a95ac33eccca3c57b00e82ced14ae625f5c2,2021-06,Derbyshire Constabulary,Derbyshire Constabulary,-1.601177,52.885293,On or near Church Hill,E01019840,South Derbyshire 002A,Violence and sexual offences,Unable to prosecute suspect,
4952032ad0998084680d89ec1fb065ce1b856b23785a556dcf95a87b7fb079d7,2021-06,Derbyshire Constabulary,Derbyshire Constabulary,-1.605904,52.880158,On or near Blakelow Drive,E01019840,South Derbyshire 002A,Other crime,Unable to prosecute suspect,
,2021-06,Derbyshire Constabulary,Derbyshire Constabulary,-1.588491,52.870570,On or near A50,E01019841,South Derbyshire 002B,Anti-social behaviour,,
3e754d8ea4703c4a4ea2dcaec6d36098598ecc399c0c9751e9fb514049b02e43,2021-06,Derbyshire Constabulary,Derbyshire Constabulary,-1.598813,52.878948,On or near Elms Grove,E01019841,South Derbyshire 002B,Burglary,Unable to prosecute suspect,
eb5a97d3e524ff799b086a77832654868a2ae33e8fd9cbef2201cf8e8c4b47e7,2021-06,Derbyshire Constabulary,Derbyshire Constabulary,-1.601103,52.883585,On or near Portland Street,E01019841,South Derbyshire 002B,Other theft,Status update unavailable,
12c34350d95330ab814dc14d60d457188592fab768827c94c4c218b02b22d95b,2021-06,Derbyshire Constabulary,Derbyshire Constabulary,-1.601103,52.883585,On or near Portland Street,E01019841,South Derbyshire 002B,Vehicle crime,Unable to prosecute suspect,
dfa891a9dbea857721fed955f5708426611b75c0187052681d2e83145aaf9de1,2021-06,Derbyshire Constabulary,Derbyshire Constabulary,-1.604197,52.873428,On or near Blakeley Lane,E01019841,South Derbyshire 002B,Vehicle crime,Investigation complete; no suspect identified,
6217b2bd23304201b20b3c3c231b946441e0de0394e48474ed00cf5865a42102,2021-06,Derbyshire Constabulary,Derbyshire Constabulary,-1.597453,52.881406,On or near Gerard Grove,E01019841,South Derbyshire 002B,Violence and sexual offences,Status update unavailable,
c8427293bc92882ee9b16e6dfbc7112cd862e347ac11f2af514455a422ca4008,2021-06,Derbyshire Constabulary,Derbyshire Constabulary,-1.615850,52.864423,On or near Egginton Road,E01019841,South Derbyshire 002B,Violence and sexual offences,Status update unavailable,
b2b207b1d46beb2613ac4756e3bea094e5b5b4e97a8c4e545baccb1272bd0e5b,2021-06,Derbyshire Constabulary,Derbyshire Constabulary,-1.601103,52.883585,On or near Portland Street,E01019841,South Derbyshire 002B,Violence and sexual offences,Status update unavailable,
34abee5e360d2ada0d2015b25a754fb1792c919b41e53078104530489809e40e,2021-06,Derbyshire Constabulary,Derbyshire Constabulary,-1.597453,52.881406,On or near Gerard Grove,E01019841,South Derbyshire 002B,Violence and sexual offences,Unable to prosecute suspect,
f867a16a22f4805e866828b60b2c19130c5b91baf3694137a3fa45c469495d27,2021-06,Derbyshire Constabulary,Derbyshire Constabulary,-1.601103,52.883585,On or near Portland Street,E01019841,South Derbyshire 002B,Violence and sexual offences,Status update unavailable,
9ce3c15c9c69e14749655904c6b7b8a3967efc7ce902232b64714cce35214b74,2021-06,Derbyshire Constabulary,Derbyshire Constabulary,-1.601103,52.883585,On or near Portland Street,E01019841,South Derbyshire 002B,Violence and sexual offences,Action to be taken by another organisation,
516c58ae9f67d190799f223c4f8e2a35c660ba2276506ae884a677be22328145,2021-06,Derbyshire Constabulary,Derbyshire Constabulary,-1.601103,52.883585,On or near Portland Street,E01019841,South Derbyshire 002B,Violence and sexual offences,Status update unavailable,
51408cc0c3881a9deecad88fe7c22b0f1abc34bcb77b29391d00b28a6a4d2e42,2021-06,Derbyshire Constabulary,Derbyshire Constabulary,-1.601103,52.883585,On or near Portland Street,E01019841,South Derbyshire 002B,Violence and sexual offences,Status update unavailable,
5bbe601dad29ade0d61bc9569e542941df0ae0dd9c68048b4feac85bfb92ad3a,2021-06,Derbyshire Constabulary,Derbyshire Constabulary,-1.628531,52.871925,On or near Egginton Road,E01019847,South Derbyshire 002C,Public order,Action to be taken by another organisation,
1162c9749a3340f5ed0902b1674b94fd8ec2de1ede2e672f4338b0a7628eb17b,2021-06,Derbyshire Constabulary,Derbyshire Constabulary,-1.635954,52.874321,On or near Cherry Tree Close,E01019847,South Derbyshire 002C,Violence and sexual offences,Further action is not in the public interest,
2773697a098eb7e040ff08f2c44c626b4af525af2c2275fb97d1b627b2563f75,2021-06,Derbyshire Constabulary,Derbyshire Constabulary,-1.627271,52.875058,On or near Pegasus Way,E01019847,South Derbyshire 002C,Violence and sexual offences,Unable to prosecute suspect,
af175e42c07b3f27b523b2cb7695d7091c25ccf55c0f54a6156020536828f58f,2021-06,Derbyshire Constabulary,Derbyshire Constabulary,-1.629366,52.873294,On or near New Road,E01019847,South Derbyshire 002C,Other crime,Status update unavailable,
,2021-06,Derbyshire Constabulary,Derbyshire Constabulary,-1.625628,52.872635,On or near Bren Way,E01019848,South Derbyshire 002D,Anti-social behaviour,,
,2021-06,Derbyshire Constabulary,Derbyshire Constabulary,-1.629030,52.865732,On or near Stour Close,E01019848,South Derbyshire 002D,Anti-social behaviour,,
,2021-06,Derbyshire Constabulary,Derbyshire Constabulary,-1.629030,52.865732,On or near Stour Close,E01019848,South Derbyshire 002D,Anti-social behaviour,,
c8427293bc92882ee9b16e6dfbc7112cd862e347ac11f2af514455a422ca4008,2021-06,Derbyshire Constabulary,Derbyshire Constabulary,-1.619351,52.868336,On or near Egginton Road,E01019848,South Derbyshire 002D,Violence and sexual offences,Status update unavailable,
b80b8e55778c03559b3f2c6eca5fad5ca73fe5b60946ebcd7f2bb8ff8defa955,2021-06,Derbyshire Constabulary,Derbyshire Constabulary,-1.622255,52.869289,On or near Isis Way,E01019848,South Derbyshire 002D,Violence and sexual offences,Unable to prosecute suspect,
6e7ed0e596684f3a3224ec5ad9ddde92c25098dc7f94b9dcab62badadd370fea,2021-06,Derbyshire Constabulary,Derbyshire Constabulary,-1.625355,52.869865,On or near Mersey Way,E01019848,South Derbyshire 002D,Violence and sexual offences,Unable to prosecute suspect,
6b6f2f7ae264e24f73e2abae67657f04063fdc3ce6f6eca82bead05c39c78c9b,2021-06,Derbyshire Constabulary,Derbyshire Constabulary,-1.624381,52.872523,On or near Halifax Close,E01019848,South Derbyshire 002D,Violence and sexual offences,Unable to prosecute suspect,
761a9db0ea048190f15d9f9157a390b1e1bc38bf9ffb7ad9d80b1184548f54a3,2021-06,Derbyshire Constabulary,Derbyshire Constabulary,-1.625105,52.869541,On or near Foss Road,E01019848,South Derbyshire 002D,Violence and sexual offences,Unable to prosecute suspect,
7e3fffad18c7a3608e0f0bee5dba0c840a2e9ff67a42073cc4b57aaf7032b0a2,2021-06,Derbyshire Constabulary,Derbyshire Constabulary,-1.622255,52.869289,On or near Isis Way,E01019848,South Derbyshire 002D,Violence and sexual offences,Unable to prosecute suspect,
,2021-06,Derbyshire Constabulary,Derbyshire Constabulary,-1.654107,52.878465,On or near Parking Area,E01033532,South Derbyshire 002F,Anti-social behaviour,,
,2021-06,Derbyshire Constabulary,Derbyshire Constabulary,-1.637884,52.879882,On or near Sutton Lane,E01033532,South Derbyshire 002F,Anti-social behaviour,,
72c0495066291809c2a95d4d11e6b0948ede06dda45760aa24149411f4d05419,2021-06,Derbyshire Constabulary,Derbyshire Constabulary,-1.637461,52.866487,On or near Eden Close,E01033532,South Derbyshire 002F,Criminal damage and arson,Investigation complete; no suspect identified,
14063e298e45f605d32235fcda4d347ddcf9c845c26033d7bc941d18ce0a407e,2021-06,Derbyshire Constabulary,Derbyshire Constabulary,-1.634558,52.865390,On or near Ribble Close,E01033532,South Derbyshire 002F,Criminal damage and arson,Investigation complete; no suspect identified,
9c855da7a171560a4aa33ceee54bc672063a31969f039dd392687c08ed472027,2021-06,Derbyshire Constabulary,Derbyshire Constabulary,-1.636157,52.867831,On or near Clyde Street,E01033532,South Derbyshire 002F,Criminal damage and arson,Investigation complete; no suspect identified,
0e2176c52693b9e9eda4f0fbc1300035088a30627bafc4c38f3d79b0a7fd4286,2021-06,Derbyshire Constabulary,Derbyshire Constabulary,-1.647597,52.876765,On or near Park/Open Space,E01033532,South Derbyshire 002F,Other theft,Investigation complete; no suspect identified,
8fffd3f2128eaa0eb864dde4bb44dac79fd7835ae6a6fce1237b4666e1ae80e3,2021-06,Derbyshire Constabulary,Derbyshire Constabulary,-1.636157,52.867831,On or near Clyde Street,E01033532,South Derbyshire 002F,Violence and sexual offences,Unable to prosecute suspect,
3a287216fcfcc7ef578f383d49be13d228b310b40ea28ae486edc5609465aed7,2021-06,Derbyshire Constabulary,Derbyshire Constabulary,-1.637884,52.879882,On or near Sutton Lane,E01033532,South Derbyshire 002F,Violence and sexual offences,Unable to prosecute suspect,
c2dcc4289d0c7f8c9bd8aedf990051555afd7bdca2e494d103a77ea16c92d3b6,2021-06,Derbyshire Constabulary,Derbyshire Constabulary,-1.636157,52.867831,On or near Clyde Street,E01033532,South Derbyshire 002F,Violence and sexual offences,Unable to prosecute suspect,
6942e699480d400609887caf14bf43c8336fc6a627a96b2f1d1f88144e6a9ac5,2021-06,Derbyshire Constabulary,Derbyshire Constabulary,-1.637884,52.879882,On or near Sutton Lane,E01033532,South Derbyshire 002F,Violence and sexual offences,Status update unavailable,
,2021-06,Derbyshire Constabulary,Derbyshire Constabulary,-1.631963,52.866649,On or near Wye Close,E01033533,South Derbyshire 002G,Anti-social behaviour,,
,2021-06,Derbyshire Constabulary,Derbyshire Constabulary,-1.631477,52.869713,On or near Calder Close,E01033533,South Derbyshire 002G,Anti-social behaviour,,
,2021-06,Derbyshire Constabulary,Derbyshire Constabulary,-1.636284,52.872155,On or near Field Close,E01033533,South Derbyshire 002G,Anti-social behaviour,,
,2021-06,Derbyshire Constabulary,Derbyshire Constabulary,-1.630236,52.870635,On or near Alders Brook,E01033533,South Derbyshire 002G,Anti-social behaviour,,
9b22eea078159d6e0a8c2d6a941506a96523ba92a18e404f2d072277010d18fc,2021-06,Derbyshire Constabulary,Derbyshire Constabulary,-1.634048,52.869515,On or near Soar Way,E01033533,South Derbyshire 002G,Criminal damage and arson,Unable to prosecute suspect,
476156f21bc22f1ba20d5ba6fbffac97a1b578aa535ce58edc090f67f2106a38,2021-06,Derbyshire Constabulary,Derbyshire Constabulary,-1.634048,52.869515,On or near Soar Way,E01033533,South Derbyshire 002G,Violence and sexual offences,Unable to prosecute suspect,
de4c1fb70dfb03e6e4345dbbe0525fcc1ce74d913578f7ae6530dff8722a4260,2021-06,Derbyshire Constabulary,Derbyshire Constabulary,-1.633246,52.867759,On or near Trusley Brook,E01033533,South Derbyshire 002G,Violence and sexual offences,Status update unavailable,
e07bee373e7471c4f40ec16efb9ab36d6e018594fa09b5e69e1cb5171216899c,2021-06,Derbyshire Constabulary,Derbyshire Constabulary,-1.634048,52.869515,On or near Soar Way,E01033533,South Derbyshire 002G,Violence and sexual offences,Action to be taken by another organisation,
7f78471e009612c516b19d740762668292e239e4831f3e0d5bc6a12f65cbe273,2021-06,Derbyshire Constabulary,Derbyshire Constabulary,-1.633699,52.868624,On or near Avon Way,E01033533,South Derbyshire 002G,Other crime,Local resolution,
24804732939bbac9aefc877c4ab4e662625751d5e69ad5cd436588ec0d303ce9,2021-06,Derbyshire Constabulary,Derbyshire Constabulary,-1.639582,52.868606,On or near Wildhay Brook,E01033534,South Derbyshire 002H,Other theft,Investigation complete; no suspect identified,
0f91bf10f39f813b95cad872678a756060a8d898cb7ce8f947c803bb545aca8c,2021-06,Derbyshire Constabulary,Derbyshire Constabulary,-1.635811,52.868360,On or near Thames Way,E01033534,South Derbyshire 002H,Public order,Unable to prosecute suspect,
36c57f4da628c69132268a7d2fb0bcff62a970fde429f882bf36818cdd096350,2021-06,Derbyshire Constabulary,Derbyshire Constabulary,-1.639582,52.868606,On or near Wildhay Brook,E01033534,South Derbyshire 002H,Violence and sexual offences,Unable to prosecute suspect,
8c0cc96332bf8c0f7c0a2be4786c80568ceffed0d4e3aafe55fe5558d6260f3e,2021-06,Derbyshire Constabulary,Derbyshire Constabulary,-1.639582,52.868606,On or near Wildhay Brook,E01033534,South Derbyshire 002H,Violence and sexual offences,Unable to prosecute suspect,
ccc20de629941739d19ed894af9ca7dab4e7c6b8a20eef23d04880407a623e6e,2021-06,Derbyshire Constabulary,Derbyshire Constabulary,-1.639582,52.868606,On or near Wildhay Brook,E01033534,South Derbyshire 002H,Violence and sexual offences,Unable to prosecute suspect,
,2021-06,Derbyshire Constabulary,Derbyshire Constabulary,-1.505983,52.875560,On or near Templar Close,E01019873,South Derbyshire 003A,Anti-social behaviour,,
,2021-06,Derbyshire Constabulary,Derbyshire Constabulary,-1.500645,52.874548,On or near Sallywood Close,E01019873,South Derbyshire 003A,Anti-social behaviour,,
,2021-06,Derbyshire Constabulary,Derbyshire Constabulary,-1.516990,52.870373,On or near A50,E01019873,South Derbyshire 003A,Anti-social behaviour,,
,2021-06,Derbyshire Constabulary,Derbyshire Constabulary,-1.505983,52.875560,On or near Templar Close,E01019873,South Derbyshire 003A,Anti-social behaviour,,
,2021-06,Derbyshire Constabulary,Derbyshire Constabulary,-1.505983,52.875560,On or near Templar Close,E01019873,South Derbyshire 003A,Anti-social behaviour,,
1da3355e3d01427be7e43e72844bb12952e3f782c63a9f95846a60cb045f6649,2021-06,Derbyshire Constabulary,Derbyshire Constabulary,-1.529453,52.859501,On or near Frizams Lane,E01019873,South Derbyshire 003A,Other theft,Investigation complete; no suspect identified,
a37a037c4fc989caf4e2b4c45b51fa7d80e0bab3e805737431dac0373e953194,2021-06,Derbyshire Constabulary,Derbyshire Constabulary,-1.505983,52.875560,On or near Templar Close,E01019873,South Derbyshire 003A,Other theft,Investigation complete; no suspect identified,
e65adcd0f2d97610a76572a31ceb9230dc23a4e7b1f0a9a938eed9890aba4df5,2021-06,Derbyshire Constabulary,Derbyshire Constabulary,-1.516990,52.870373,On or near A50,E01019873,South Derbyshire 003A,Other theft,Investigation complete; no suspect identified,
8ef5a440de5603b76d71b2921e8abfdbe9857ebd49e2489e84543366afbb463f,2021-06,Derbyshire Constabulary,Derbyshire Constabulary,-1.505983,52.875560,On or near Templar Close,E01019873,South Derbyshire 003A,Public order,Local resolution,
72396d32733b0d3b26b71432e2b70344c53729e2ae3864a8b19690ff6d419a27,2021-06,Derbyshire Constabulary,Derbyshire Constabulary,-1.501759,52.874643,On or near Heather Close,E01019873,South Derbyshire 003A,Violence and sexual offences,Further investigation is not in the public interest,
3070e5f081d133a7d316bad5d83ca0c6e99145a1c9f9c6abbf5b3a33e2919bba,2021-06,Derbyshire Constabulary,Derbyshire Constabulary,-1.504806,52.877083,On or near Michelle Close,E01019873,South Derbyshire 003A,Violence and sexual offences,Unable to prosecute suspect,
688741f65324510e892cdf1af6ee5a78355152b01addd58c2af338e8ec6b2a53,2021-06,Derbyshire Constabulary,Derbyshire Constabulary,-1.504806,52.877083,On or near Michelle Close,E01019873,South Derbyshire 003A,Violence and sexual offences,Unable to prosecute suspect,
3e6ffb6330e5ce03c76349a347d6965945dac9db108c8476f9c46f22ffe59825,2021-06,Derbyshire Constabulary,Derbyshire Constabulary,-1.501759,52.874643,On or near Heather Close,E01019873,South Derbyshire 003A,Violence and sexual offences,Further investigation is not in the public interest,
3a5bc5210ca9b47ed104f114e9f93999bbd4426ee558460f9ebe734141ee2521,2021-06,Derbyshire Constabulary,Derbyshire Constabulary,-1.506515,52.874492,On or near Bicester Avenue,E01019873,South Derbyshire 003A,Other crime,Investigation complete; no suspect identified,
,2021-06,Derbyshire Constabulary,Derbyshire Constabulary,-1.499744,52.872846,On or near Blankney Close,E01019874,South Derbyshire 003B,Anti-social behaviour,,
ab02ca1e64749510447c0372bb311015347668363dea19043f322f03d794cf54,2021-06,Derbyshire Constabulary,Derbyshire Constabulary,-1.495093,52.871585,On or near Briset Close,E01019874,South Derbyshire 003B,Burglary,Investigation complete; no suspect identified,
63fe5c26d96e96e1d9983a5a3f8c7596070d4eb25bf785fcdfc281cc0f8d9194,2021-06,Derbyshire Constabulary,Derbyshire Constabulary,-1.496490,52.872859,On or near Arleston Lane,E01019874,South Derbyshire 003B,Burglary,Unable to prosecute suspect,
16131e8f1b8d66ba545e6e206bce750e97062093217b1cafe7dbc12b6f1522a3,2021-06,Derbyshire Constabulary,Derbyshire Constabulary,-1.497075,52.873688,On or near Garry Close,E01019874,South Derbyshire 003B,Violence and sexual offences,Status update unavailable,
45aa6532f8a45d0025a3896e1bcb02eeaa375270f5197f98a60fa5913f4e1fbc,2021-06,Derbyshire Constabulary,Derbyshire Constabulary,-1.497075,52.873688,On or near Garry Close,E01019874,South Derbyshire 003B,Violence and sexual offences,Awaiting court outcome,
ed5cc3ab272fb889f3e278ea2559e6f6df3a7ae208f97aed29f0e37bca7d53cb,2021-06,Derbyshire Constabulary,Derbyshire Constabulary,-1.497075,52.873688,On or near Garry Close,E01019874,South Derbyshire 003B,Violence and sexual offences,Unable to prosecute suspect,
40b8b57504f4ba6655abc660cfccf4958fe9aabdecf7111fe7df88ed4adb7934,2021-06,Derbyshire Constabulary,Derbyshire Constabulary,-1.497075,52.873688,On or near Garry Close,E01019874,South Derbyshire 003B,Violence and sexual offences,Status update unavailable,
fe2f23b68fa0b786058e82b8ee2fd61892463ff535cbbd47ab705a3119aa2177,2021-06,Derbyshire Constabulary,Derbyshire Constabulary,-1.499744,52.872846,On or near Blankney Close,E01019874,South Derbyshire 003B,Violence and sexual offences,Unable to prosecute suspect,
,2021-06,Derbyshire Constabulary,Derbyshire Constabulary,-1.504379,52.875490,On or near Monks Close,E01019875,South Derbyshire 003C,Anti-social behaviour,,
,2021-06,Derbyshire Constabulary,Derbyshire Constabulary,-1.502698,52.878198,On or near Grampian Way,E01019875,South Derbyshire 003C,Anti-social behaviour,,
,2021-06,Derbyshire Constabulary,Derbyshire Constabulary,-1.502103,52.879562,On or near Berwick Drive,E01019875,South Derbyshire 003C,Anti-social behaviour,,
,2021-06,Derbyshire Constabulary,Derbyshire Constabulary,-1.501316,52.878246,On or near Braemar Close,E01019875,South Derbyshire 003C,Anti-social behaviour,,
1b663dcfebd23666f1124b71e00b08d67e268d8805d9bcbe1fcc8a0810a49a0c,2021-06,Derbyshire Constabulary,Derbyshire Constabulary,-1.500727,52.876508,On or near Tregony Way,E01019875,South Derbyshire 003C,Other theft,Investigation complete; no suspect identified,
cc711fca2dbed4910c8f7316134961fd68036853f8b409b4bcf0a4fa7758a349,2021-06,Derbyshire Constabulary,Derbyshire Constabulary,-1.502103,52.879562,On or near Berwick Drive,E01019875,South Derbyshire 003C,Public order,Investigation complete; no suspect identified,
ce30b62fc531afc2558786d3a0c34d2608b7795e305dec4d8e99cc360b6dc731,2021-06,Derbyshire Constabulary,Derbyshire Constabulary,-1.502103,52.879562,On or near Berwick Drive,E01019875,South Derbyshire 003C,Violence and sexual offences,Unable to prosecute suspect,
86130d1cb9c68defc56f895afbfa99ef48377ce189d18a49cf1b5611ea089625,2021-06,Derbyshire Constabulary,Derbyshire Constabulary,-1.502698,52.878198,On or near Grampian Way,E01019875,South Derbyshire 003C,Violence and sexual offences,Unable to prosecute suspect,
4f195c05f1c3f9fec6c270852c85ba9b22ff72c79074a9edde2933c904822d56,2021-06,Derbyshire Constabulary,Derbyshire Constabulary,-1.502103,52.879562,On or near Berwick Drive,E01019875,South Derbyshire 003C,Violence and sexual offences,Investigation complete; no suspect identified,
010b8b9196ed68f788be76d0a79db9dfdc7e787c370d86a7cada44b23a49c825,2021-06,Derbyshire Constabulary,Derbyshire Constabulary,-1.502103,52.879562,On or near Berwick Drive,E01019875,South Derbyshire 003C,Violence and sexual offences,Status update unavailable,
35b81288893b8c8471f129e150f6a5461fbdce69d1fcb7c92607633bc5e2dc87,2021-06,Derbyshire Constabulary,Derbyshire Constabulary,-1.502215,52.877602,On or near Rowan Close,E01019875,South Derbyshire 003C,Violence and sexual offences,Unable to prosecute suspect,
a0f21f7d82a8b6103fe97471c05e4ded47f245eef74e8142a422828f4a1a1958,2021-06,Derbyshire Constabulary,Derbyshire Constabulary,-1.502103,52.879562,On or near Berwick Drive,E01019875,South Derbyshire 003C,Violence and sexual offences,Status update unavailable,
552f32ad018c852e168dd81c1728199f6e68399b89a3e07cf53b062a6dc8048a,2021-06,Derbyshire Constabulary,Derbyshire Constabulary,-1.502103,52.879562,On or near Berwick Drive,E01019875,South Derbyshire 003C,Violence and sexual offences,Unable to prosecute suspect,
5ae0a1a76c19ba03bf0c999d96a160a12eba450c161aba525d735b162541bfad,2021-06,Derbyshire Constabulary,Derbyshire Constabulary,-1.502103,52.879562,On or near Berwick Drive,E01019875,South Derbyshire 003C,Violence and sexual offences,Investigation complete; no suspect identified,
f77bf425a47585b94a19ac2a09dc77bfc942b5952bb06889274effc0691e0771,2021-06,Derbyshire Constabulary,Derbyshire Constabulary,-1.543681,52.875162,On or near Wallfields Close,E01019881,South Derbyshire 003D,Public order,Investigation complete; no suspect identified,
e140264e272985aa54b1bc7851c8064366c4d8fe856e14a80af162aade3a24ed,2021-06,Derbyshire Constabulary,Derbyshire Constabulary,-1.543993,52.875136,On or near Cardales Close,E01019881,South Derbyshire 003D,Violence and sexual offences,Unable to prosecute suspect,
,2021-06,Derbyshire Constabulary,Derbyshire Constabulary,-1.563664,52.863398,On or near Petrol Station,E01019882,South Derbyshire 003E,Anti-social behaviour,,
,2021-06,Derbyshire Constabulary,Derbyshire Constabulary,-1.563664,52.863398,On or near Petrol Station,E01019882,South Derbyshire 003E,Anti-social behaviour,,
,2021-06,Derbyshire Constabulary,Derbyshire Constabulary,-1.567130,52.852363,On or near Ivy Close,E01019882,South Derbyshire 003E,Anti-social behaviour,,
,2021-06,Derbyshire Constabulary,Derbyshire Constabulary,-1.567130,52.852363,On or near Ivy Close,E01019882,South Derbyshire 003E,Anti-social behaviour,,
7e0a13c3bd31ee6652e5861cae208ebb4f152df7ca7dc895c5cebbbf7a4ba31b,2021-06,Derbyshire Constabulary,Derbyshire Constabulary,-1.564423,52.857324,On or near Pedestrian Subway,E01019882,South Derbyshire 003E,Criminal damage and arson,Unable to prosecute suspect,
79205e1e8d645d7442d7f4e620a659b5b7eca7d0dd865fa05ff422744f4b9d56,2021-06,Derbyshire Constabulary,Derbyshire Constabulary,-1.560463,52.853767,On or near Chapel Close,E01019882,South Derbyshire 003E,Criminal damage and arson,Local resolution,
1ac7e8c541b76f726a621c4943d4e800667a6c064e9b04f0bfa297a8fdef6b4f,2021-06,Derbyshire Constabulary,Derbyshire Constabulary,-1.555894,52.857706,On or near Findern Lane,E01019882,South Derbyshire 003E,Criminal damage and arson,Investigation complete; no suspect identified,
c8ab7501ad15eb2b7a0b8ecd82c57743d7b4b492ebb0313ae356ddc0ff5b7652,2021-06,Derbyshire Constabulary,Derbyshire Constabulary,-1.564423,52.857324,On or near Pedestrian Subway,E01019882,South Derbyshire 003E,Criminal damage and arson,Investigation complete; no suspect identified,
844bc25b6710ae01b2d38622d64856c69d626d8bf81beccfc122f07c04da8904,2021-06,Derbyshire Constabulary,Derbyshire Constabulary,-1.563664,52.863398,On or near Petrol Station,E01019882,South Derbyshire 003E,Other theft,Investigation complete; no suspect identified,
db3c8e71915055f39ef0b89d85f0076ad70aa0f4b88e2bcf5ce37548f0f044b4,2021-06,Derbyshire Constabulary,Derbyshire Constabulary,-1.543638,52.870748,On or near The Green,E01019882,South Derbyshire 003E,Other theft,Investigation complete; no suspect identified,
2b4e4a6e2a005b4e16eca8b2619095dba40215c176aac89d4f8d953a9fe1c18b,2021-06,Derbyshire Constabulary,Derbyshire Constabulary,-1.563664,52.863398,On or near Petrol Station,E01019882,South Derbyshire 003E,Other theft,Investigation complete; no suspect identified,
0214bd7d1e74369a5962c4d1a5a335cc560e364502bfb6ea4376f01969483a84,2021-06,Derbyshire Constabulary,Derbyshire Constabulary,-1.563664,52.863398,On or near Petrol Station,E01019882,South Derbyshire 003E,Other theft,Investigation complete; no suspect identified,
fa70ba473a7733950dd9bfda909a3bac74ac970ac2945dfa510d294afbcc2ac5,2021-06,Derbyshire Constabulary,Derbyshire Constabulary,-1.563664,52.863398,On or near Petrol Station,E01019882,South Derbyshire 003E,Other theft,Investigation complete; no suspect identified,
bf60b33f294022e9374cc6d84fbfeeaf1be33b6cda5ad15a1405d4fef3e46688,2021-06,Derbyshire Constabulary,Derbyshire Constabulary,-1.564423,52.857324,On or near Pedestrian Subway,E01019882,South Derbyshire 003E,Public order,Awaiting court outcome,
bc310c835b6b17b46b7508a11ded3ac16e58498916596886b28c3b5877894435,2021-06,Derbyshire Constabulary,Derbyshire Constabulary,-1.542927,52.870592,On or near Lower Green,E01019882,South Derbyshire 003E,Public order,Unable to prosecute suspect,
c668d6869a0e00ea055e9ffd02a702991a612e11daada722671cca1f0c337488,2021-06,Derbyshire Constabulary,Derbyshire Constabulary,-1.564423,52.857324,On or near Pedestrian Subway,E01019882,South Derbyshire 003E,Public order,Unable to prosecute suspect,
6f1472d9698e94d0af34e25afeebd398ec0fe9699e2b700fca1b42655c61cf4e,2021-06,Derbyshire Constabulary,Derbyshire Constabulary,-1.555894,52.857706,On or near Findern Lane,E01019882,South Derbyshire 003E,Vehicle crime,Status update unavailable,
f22d18179721e998185e7678a590e9ca45357b7efe6aea398031e0d3ecac077d,2021-06,Derbyshire Constabulary,Derbyshire Constabulary,-1.563664,52.863398,On or near Petrol Station,E01019882,South Derbyshire 003E,Vehicle crime,Investigation complete; no suspect identified,
d80ebeb768b4d717dca7e050a2417f3f220ecb2b026161c1c805f8947e244448,2021-06,Derbyshire Constabulary,Derbyshire Constabulary,-1.564641,52.853306,On or near Pedestrian Subway,E01019882,South Derbyshire 003E,Violence and sexual offences,Status update unavailable,
0964714176e27c3d6e9a465fe5e5c886dad3f7388bcdf1c9afcd6b3c01a51098,2021-06,Derbyshire Constabulary,Derbyshire Constabulary,-1.551627,52.852332,On or near Trent Close,E01019882,South Derbyshire 003E,Violence and sexual offences,Unable to prosecute suspect,
57467d94f9c132225951aedfad4db1a5bea098ed97533acb2224fc78040012e4,2021-06,Derbyshire Constabulary,Derbyshire Constabulary,-1.545096,52.870592,On or near Castle Hill,E01019882,South Derbyshire 003E,Violence and sexual offences,Unable to prosecute suspect,
cefc3b2a24f3c572ca0c226ba993ce5f6fe7c3d87c576db7d7c06463867e6b3f,2021-06,Derbyshire Constabulary,Derbyshire Constabulary,-1.563664,52.863398,On or near Petrol Station,E01019882,South Derbyshire 003E,Violence and sexual offences,Status update unavailable,
7632feb0dc1e4fd476fa22f9035066ec0857e626f2f62f40cee4d8e518e10958,2021-06,Derbyshire Constabulary,Derbyshire Constabulary,-1.564641,52.853306,On or near Pedestrian Subway,E01019882,South Derbyshire 003E,Violence and sexual offences,Status update unavailable,
78ee0327871bc7635da6e7aa90d1375b7a8892b0473f3d301beb1c545a904cdd,2021-06,Derbyshire Constabulary,Derbyshire Constabulary,-1.545096,52.870592,On or near Castle Hill,E01019882,South Derbyshire 003E,Violence and sexual offences,Unable to prosecute suspect,
10202aac15df0441d1dd9b1cc380eab895fb965266fcf225786f1ad0ab294f1e,2021-06,Derbyshire Constabulary,Derbyshire Constabulary,-1.564423,52.857324,On or near Pedestrian Subway,E01019882,South Derbyshire 003E,Violence and sexual offences,Unable to prosecute suspect,
419a03ba3c0d70e710ae421676b5ee2925f034d7bf50d93be2521d6e489104c4,2021-06,Derbyshire Constabulary,Derbyshire Constabulary,-1.567130,52.852363,On or near Ivy Close,E01019882,South Derbyshire 003E,Violence and sexual offences,Local resolution,
fc8ae61638345abbe1bdfab2ef3884f8974a38622ae8c89df58ff6ec0c54daeb,2021-06,Derbyshire Constabulary,Derbyshire Constabulary,-1.542927,52.870592,On or near Lower Green,E01019882,South Derbyshire 003E,Other crime,Unable to prosecute suspect,
,2021-06,Derbyshire Constabulary,Derbyshire Constabulary,-1.370812,52.867927,On or near Petrol Station,E01019832,South Derbyshire 004A,Anti-social behaviour,,
,2021-06,Derbyshire Constabulary,Derbyshire Constabulary,-1.360744,52.870678,On or near Clover Court,E01019832,South Derbyshire 004A,Anti-social behaviour,,
de40194ac853c35d9a1ea4f59bd919868447f01d63fe59389e92c1b56b220aee,2021-06,Derbyshire Constabulary,Derbyshire Constabulary,-1.397232,52.893126,On or near Shopping Area,E01019832,South Derbyshire 004A,Bicycle theft,Investigation complete; no suspect identified,
5fc061e872adcc09edfb4a05de1013f552fc1e0656f2b886881342f90eb34c49,2021-06,Derbyshire Constabulary,Derbyshire Constabulary,-1.350164,52.868849,On or near London Road,E01019832,South Derbyshire 004A,Burglary,Investigation complete; no suspect identified,
af06e1c5983a907873f7fb50017397823b4ca067f86036a03fe05209ae4ecbb3,2021-06,Derbyshire Constabulary,Derbyshire Constabulary,-1.397232,52.893126,On or near Shopping Area,E01019832,South Derbyshire 004A,Criminal damage and arson,Investigation complete; no suspect identified,
6fdad85a622854a36d6383f03c2b568d3095185c3fcba1a2efe6cd39a8237f02,2021-06,Derbyshire Constabulary,Derbyshire Constabulary,-1.397232,52.893126,On or near Shopping Area,E01019832,South Derbyshire 004A,Other theft,Investigation complete; no suspect identified,
bf95042dd3a8df5d98b705765b4c5684c0ccad18d44e03cc8ec1b8fd6522cd4f,2021-06,Derbyshire Constabulary,Derbyshire Constabulary,-1.370812,52.867927,On or near Petrol Station,E01019832,South Derbyshire 004A,Other theft,Investigation complete; no suspect identified,
fc2abe4b23544e596bdae982bddd7a31cf971ca8c98b332551eafd4658036f2a,2021-06,Derbyshire Constabulary,Derbyshire Constabulary,-1.346752,52.868525,On or near Parking Area,E01019832,South Derbyshire 004A,Public order,Unable to prosecute suspect,
e3b18d6fc2661340c4c7f4c59ce60c8555a04271d3bfa4a3768abec5b4134739,2021-06,Derbyshire Constabulary,Derbyshire Constabulary,-1.391484,52.888575,On or near Main Road,E01019832,South Derbyshire 004A,Vehicle crime,Unable to prosecute suspect,
730d73b80562a2f3326c63f7ee779bc03c75d3c69d4b72676061fea1e2d48945,2021-06,Derbyshire Constabulary,Derbyshire Constabulary,-1.356318,52.868559,On or near Cowlishaw Close,E01019832,South Derbyshire 004A,Vehicle crime,Investigation complete; no suspect identified,
ab61aa724e9b84370245b683f52042fcf1dbaa1527acf439f3a59a1099a529f8,2021-06,Derbyshire Constabulary,Derbyshire Constabulary,-1.359010,52.869383,On or near West End Drive,E01019832,South Derbyshire 004A,Violence and sexual offences,Unable to prosecute suspect,
f592ad10b3038c3044ba0e06f277f59b5cb6923426376b2aa2caa55e67815c95,2021-06,Derbyshire Constabulary,Derbyshire Constabulary,-1.364090,52.870471,On or near Cheal Close,E01019832,South Derbyshire 004A,Violence and sexual offences,Investigation complete; no suspect identified,
07de0f78d4f606a9f430333ce883a5e1c61b52a707edf8767f14b46e576e14f8,2021-06,Derbyshire Constabulary,Derbyshire Constabulary,-1.355072,52.869478,On or near Wakelyn Close,E01019832,South Derbyshire 004A,Violence and sexual offences,Unable to prosecute suspect,
9ebd13401f51e4f476be29bec8f73cd2fb13d5d0c8d3fae5ffb0db9190e8b66e,2021-06,Derbyshire Constabulary,Derbyshire Constabulary,-1.361024,52.869834,On or near Alts Nook Way,E01019832,South Derbyshire 004A,Violence and sexual offences,Awaiting court outcome,
f4589625e7f285510b642cbfaf8d7a659460a1d2f435f174623c32a769a43b3e,2021-06,Derbyshire Constabulary,Derbyshire Constabulary,-1.359010,52.869383,On or near West End Drive,E01019832,South Derbyshire 004A,Violence and sexual offences,Status update unavailable,
d74aad6e659eedee400a0c5e07a6acb891d3dbaf946149b9677be6c5a3b12ac1,2021-06,Derbyshire Constabulary,Derbyshire Constabulary,-1.355072,52.869478,On or near Wakelyn Close,E01019832,South Derbyshire 004A,Other crime,Unable to prosecute suspect,
,2021-06,Derbyshire Constabulary,Derbyshire Constabulary,-1.387640,52.857587,On or near Holly Court,E01019833,South Derbyshire 004B,Anti-social behaviour,,
8f3936202b27215a75738d528640ade45656c7eca49e7de94c8d56a67dfd06e6,2021-06,Derbyshire Constabulary,Derbyshire Constabulary,-1.351212,52.863327,On or near Park/Open Space,E01019833,South Derbyshire 004B,Burglary,Investigation complete; no suspect identified,
5286f96ff1dec6743d94a35f32e074006273e2cd42cf0a5cba485e124a4fb634,2021-06,Derbyshire Constabulary,Derbyshire Constabulary,-1.386625,52.862157,On or near Green Leas,E01019833,South Derbyshire 004B,Vehicle crime,Investigation complete; no suspect identified,
ba949a1c30a91b7e3a7be86c367354c643311aa1b602522b96ec59f6cef0a367,2021-06,Derbyshire Constabulary,Derbyshire Constabulary,-1.389888,52.858264,On or near Cedar Croft,E01019833,South Derbyshire 004B,Violence and sexual offences,Status update unavailable,
,2021-06,Derbyshire Constabulary,Derbyshire Constabulary,-1.438621,52.861399,On or near Swarkestone Road,E01019834,South Derbyshire 004C,Anti-social behaviour,,
,2021-06,Derbyshire Constabulary,Derbyshire Constabulary,-1.438621,52.861399,On or near Swarkestone Road,E01019834,South Derbyshire 004C,Anti-social behaviour,,
,2021-06,Derbyshire Constabulary,Derbyshire Constabulary,-1.400594,52.848744,On or near Old Gate Avenue,E01019834,South Derbyshire 004C,Anti-social behaviour,,
,2021-06,Derbyshire Constabulary,Derbyshire Constabulary,-1.455665,52.853738,On or near Woodshop Lane,E01019834,South Derbyshire 004C,Anti-social behaviour,,
9ba79fa1e197c036a65fe72846eba4f575cec7a5c0b4559243679832c3e76a67,2021-06,Derbyshire Constabulary,Derbyshire Constabulary,-1.404215,52.846713,On or near Park Lane,E01019834,South Derbyshire 004C,Burglary,Investigation complete; no suspect identified,
5a5d4bf3f2acb2666eb8e46892073b5de9bbb2f2a6fb0bcad8d4e129d09234cc,2021-06,Derbyshire Constabulary,Derbyshire Constabulary,-1.450140,52.854890,On or near Petrol Station,E01019834,South Derbyshire 004C,Other theft,Investigation complete; no suspect identified,
3f3c7f24c6bd1e0c77f5b23b34901abe600c7b3524e72ad16f03a866be577309,2021-06,Derbyshire Constabulary,Derbyshire Constabulary,-1.438621,52.861399,On or near Swarkestone Road,E01019834,South Derbyshire 004C,Public order,Unable to prosecute suspect,
bed7c42c0fca69bde1341477a09371ebc5582987d32369af07f0cf7f2cbcdd35,2021-06,Derbyshire Constabulary,Derbyshire Constabulary,-1.438621,52.861399,On or near Swarkestone Road,E01019834,South Derbyshire 004C,Shoplifting,Investigation complete; no suspect identified,
e1a7e7a6f2592100a0314ef1c8ed5d4c26bf7f815aac6116f79310faaf97eea8,2021-06,Derbyshire Constabulary,Derbyshire Constabulary,-1.477534,52.849225,On or near Green Lane,E01019834,South Derbyshire 004C,Vehicle crime,Investigation complete; no suspect identified,
620bd4b614847177688da4317fedba6a6dab7c72e9f9b40f896958bbd59d493a,2021-06,Derbyshire Constabulary,Derbyshire Constabulary,-1.416072,52.841666,On or near Park/Open Space,E01019834,South Derbyshire 004C,Violence and sexual offences,Unable to prosecute suspect,
38b77abb383d2e47bec343737c9f11a5bcff5e8f4c129b7176068ef9a323babd,2021-06,Derbyshire Constabulary,Derbyshire Constabulary,-1.438621,52.861399,On or near Swarkestone Road,E01019834,South Derbyshire 004C,Violence and sexual offences,Unable to prosecute suspect,
,2021-06,Derbyshire Constabulary,Derbyshire Constabulary,-1.413790,52.882161,On or near Sevenlands Drive,E01019835,South Derbyshire 004D,Anti-social behaviour,,
,2021-06,Derbyshire Constabulary,Derbyshire Constabulary,-1.413790,52.882161,On or near Sevenlands Drive,E01019835,South Derbyshire 004D,Anti-social behaviour,,
,2021-06,Derbyshire Constabulary,Derbyshire Constabulary,-1.413790,52.882161,On or near Sevenlands Drive,E01019835,South Derbyshire 004D,Anti-social behaviour,,
,2021-06,Derbyshire Constabulary,Derbyshire Constabulary,-1.412892,52.882615,On or near Windmill Close,E01019835,South Derbyshire 004D,Anti-social behaviour,,
,2021-06,Derbyshire Constabulary,Derbyshire Constabulary,-1.412892,52.882615,On or near Windmill Close,E01019835,South Derbyshire 004D,Anti-social behaviour,,
,2021-06,Derbyshire Constabulary,Derbyshire Constabulary,-1.414622,52.883262,On or near Orchard Close,E01019835,South Derbyshire 004D,Anti-social behaviour,,
,2021-06,Derbyshire Constabulary,Derbyshire Constabulary,-1.413790,52.882161,On or near Sevenlands Drive,E01019835,South Derbyshire 004D,Anti-social behaviour,,
6c707b42be529a548778af6d208396d3f7e24b7ddb93468fd120f1d298752a50,2021-06,Derbyshire Constabulary,Derbyshire Constabulary,-1.413790,52.882161,On or near Sevenlands Drive,E01019835,South Derbyshire 004D,Burglary,Status update unavailable,
ab51b6c736914aa38a0ac216745a25a45a8598897cd1c772eebd991ede720475,2021-06,Derbyshire Constabulary,Derbyshire Constabulary,-1.418006,52.882425,On or near Mill Hill,E01019835,South Derbyshire 004D,Criminal damage and arson,Unable to prosecute suspect,
515ad2e4346bb211c317be45fe3468e12406bd90312926cc7a313957ef515bc6,2021-06,Derbyshire Constabulary,Derbyshire Constabulary,-1.412892,52.882615,On or near Windmill Close,E01019835,South Derbyshire 004D,Public order,Unable to prosecute suspect,
265ba4a0f4ecab7baee387719b3dc6d9d744047370c9c97390761680796d8c35,2021-06,Derbyshire Constabulary,Derbyshire Constabulary,-1.413790,52.882161,On or near Sevenlands Drive,E01019835,South Derbyshire 004D,Public order,Unable to prosecute suspect,
0ad94a2ea6fa3b5cb9d3ff23ce4251650f0d3307e2a018f6df040068ee3b1b93,2021-06,Derbyshire Constabulary,Derbyshire Constabulary,-1.417568,52.884068,On or near Meadow Nook,E01019835,South Derbyshire 004D,Public order,Unable to prosecute suspect,
0fb0325a61450ca6a3fcdb08ab3805f09d1fd04773948516b13ee954934005cf,2021-06,Derbyshire Constabulary,Derbyshire Constabulary,-1.412892,52.882615,On or near Windmill Close,E01019835,South Derbyshire 004D,Public order,Investigation complete; no suspect identified,
845344438bf82e556bfed9b3e44219fbc432a98e4270f47219d5940ef72ff393,2021-06,Derbyshire Constabulary,Derbyshire Constabulary,-1.413790,52.882161,On or near Sevenlands Drive,E01019835,South Derbyshire 004D,Public order,Unable to prosecute suspect,
96eb4faf0ce92f5cd8a8a412141432911b9822a615872979e5999ec6a4c10a4e,2021-06,Derbyshire Constabulary,Derbyshire Constabulary,-1.394948,52.871396,On or near A6,E01019835,South Derbyshire 004D,Vehicle crime,Investigation complete; no suspect identified,
0c03e8449c81c3e38b8768feeab10368e314661ff40d4a983a7d28e41be75846,2021-06,Derbyshire Constabulary,Derbyshire Constabulary,-1.412572,52.883153,On or near Colwell Drive,E01019835,South Derbyshire 004D,Vehicle crime,Unable to prosecute suspect,
f76780255166fa413e7f5b8b7a2b8c1428285eee0aeeffa73f416440ae0182e0,2021-06,Derbyshire Constabulary,Derbyshire Constabulary,-1.394948,52.871396,On or near A6,E01019835,South Derbyshire 004D,Vehicle crime,Investigation complete; no suspect identified,
5ba7cdde8cc596695dd3c0a44c968959f960d51e0b5d8fec7a9b2ef809df84f3,2021-06,Derbyshire Constabulary,Derbyshire Constabulary,-1.413790,52.882161,On or near Sevenlands Drive,E01019835,South Derbyshire 004D,Violence and sexual offences,Unable to prosecute suspect,
26138b23da767b8ab9e2a50e5f7bea80f566112e752b32e552b40784206554ed,2021-06,Derbyshire Constabulary,Derbyshire Constabulary,-1.413790,52.882161,On or near Sevenlands Drive,E01019835,South Derbyshire 004D,Violence and sexual offences,Unable to prosecute suspect,
a69e9a2c2ae737618c3ba795a99b452b17d510ae1109ecef7c589b1abe6f83d6,2021-06,Derbyshire Constabulary,Derbyshire Constabulary,-1.412892,52.882615,On or near Windmill Close,E01019835,South Derbyshire 004D,Violence and sexual offences,Offender given a caution,
eda36cbc10eec1db60b87cd4c3c5d0fee1ddf8752c04b721f0931efe454ab4a2,2021-06,Derbyshire Constabulary,Derbyshire Constabulary,-1.403405,52.883080,On or near A6,E01019835,South Derbyshire 004D,Violence and sexual offences,Unable to prosecute suspect,
7b156c6317ce78ff21382eed5eee85fd726ab21e830281f47199976dd2028a9f,2021-06,Derbyshire Constabulary,Derbyshire Constabulary,-1.418162,52.883010,On or near Willow Croft,E01019835,South Derbyshire 004D,Violence and sexual offences,Awaiting court outcome,
0cf8489052086dfd6520243e927c2d8ff6e9fc096079a4436746e120ff932d17,2021-06,Derbyshire Constabulary,Derbyshire Constabulary,-1.403405,52.883080,On or near A6,E01019835,South Derbyshire 004D,Violence and sexual offences,Status update unavailable,
72603aa7bd7fe8c2904184603f86376018fb218af58f87dc0c4a23efe5c8c1fd,2021-06,Derbyshire Constabulary,Derbyshire Constabulary,-1.418162,52.883010,On or near Willow Croft,E01019835,South Derbyshire 004D,Violence and sexual offences,Unable to prosecute suspect,
0198bb26c066202881decb4dacb90d5850ef516eed4e6eeb1b9601e70923d27a,2021-06,Derbyshire Constabulary,Derbyshire Constabulary,-1.413790,52.882161,On or near Sevenlands Drive,E01019835,South Derbyshire 004D,Violence and sexual offences,Unable to prosecute suspect,
1fc660e6df78d3ee14b1b48fdb99c2835a7d4a4afa21df7aba376c708ec38006,2021-06,Derbyshire Constabulary,Derbyshire Constabulary,-1.413790,52.882161,On or near Sevenlands Drive,E01019835,South Derbyshire 004D,Violence and sexual offences,Unable to prosecute suspect,
d20206f7e770e7d2a8af34477b27f0b466e9160e06d4b1ecfb00522fef36a953,2021-06,Derbyshire Constabulary,Derbyshire Constabulary,-1.403405,52.883080,On or near A6,E01019835,South Derbyshire 004D,Violence and sexual offences,Unable to prosecute suspect,
f8946958db00017d9ef6223c0594ab2b80653b6ceda35f3d3f7ebe92fdd26809,2021-06,Derbyshire Constabulary,Derbyshire Constabulary,-1.413790,52.882161,On or near Sevenlands Drive,E01019835,South Derbyshire 004D,Violence and sexual offences,Unable to prosecute suspect,
3a4363661f59294d336591013e3ed23654e2e50b0372e61e56982bdd65533aad,2021-06,Derbyshire Constabulary,Derbyshire Constabulary,-1.403405,52.883080,On or near A6,E01019835,South Derbyshire 004D,Violence and sexual offences,Awaiting court outcome,
aa296f30a77dd0a2509b0e0f285f1c2cb48a0be3f22e41421869eba08dc30e08,2021-06,Derbyshire Constabulary,Derbyshire Constabulary,-1.413790,52.882161,On or near Sevenlands Drive,E01019835,South Derbyshire 004D,Other crime,Unable to prosecute suspect,
,2021-06,Derbyshire Constabulary,Derbyshire Constabulary,-1.537773,52.801938,On or near Repton Road,E01019867,South Derbyshire 005A,Anti-social behaviour,,
,2021-06,Derbyshire Constabulary,Derbyshire Constabulary,-1.568151,52.806331,On or near Mount Road,E01019867,South Derbyshire 005A,Anti-social behaviour,,
,2021-06,Derbyshire Constabulary,Derbyshire Constabulary,-1.568151,52.806331,On or near Mount Road,E01019867,South Derbyshire 005A,Anti-social behaviour,,
cf280ef0bceb8ad6a9f1340772a87d33dc4448d5e8398a2f03bc10e8d938fda2,2021-06,Derbyshire Constabulary,Derbyshire Constabulary,-1.579692,52.795558,On or near Ashby Road East,E01019867,South Derbyshire 005A,Criminal damage and arson,Investigation complete; no suspect identified,
ae5b8c1a2e21e1a48018d21d9e0234fa41eab4c10d63d5546f600f5eefed91bc,2021-06,Derbyshire Constabulary,Derbyshire Constabulary,-1.537773,52.801938,On or near Repton Road,E01019867,South Derbyshire 005A,Drugs,Offender given penalty notice,
e5e7c5276ab66da6ed647757c7ab80e18f1b68a77c42da88c97ffa278d1833b6,2021-06,Derbyshire Constabulary,Derbyshire Constabulary,-1.537773,52.801938,On or near Repton Road,E01019867,South Derbyshire 005A,Other theft,Investigation complete; no suspect identified,
58d3d7a2bd40e5a3df2019dc794f352fc5d78881f403cf4fddd982f269858d35,2021-06,Derbyshire Constabulary,Derbyshire Constabulary,-1.568151,52.806331,On or near Mount Road,E01019867,South Derbyshire 005A,Violence and sexual offences,Unable to prosecute suspect,
1dad07f606c7eb5ce2d1d61fc8c1f7d5c3a99f29b6fcc846cf993559a62745b5,2021-06,Derbyshire Constabulary,Derbyshire Constabulary,-1.579692,52.795558,On or near Ashby Road East,E01019867,South Derbyshire 005A,Violence and sexual offences,Unable to prosecute suspect,
,2021-06,Derbyshire Constabulary,Derbyshire Constabulary,-1.447179,52.843657,On or near Ward'S Lane,E01019868,South Derbyshire 005B,Anti-social behaviour,,
,2021-06,Derbyshire Constabulary,Derbyshire Constabulary,-1.447179,52.843657,On or near Ward'S Lane,E01019868,South Derbyshire 005B,Anti-social behaviour,,
,2021-06,Derbyshire Constabulary,Derbyshire Constabulary,-1.447179,52.843657,On or near Ward'S Lane,E01019868,South Derbyshire 005B,Anti-social behaviour,,
,2021-06,Derbyshire Constabulary,Derbyshire Constabulary,-1.540432,52.836755,On or near Longlands,E01019868,South Derbyshire 005B,Anti-social behaviour,,
c00c8c938d1f816ec031a3e3fc4fe99f1cb3c09def6627f762b271f78b09cbf1,2021-06,Derbyshire Constabulary,Derbyshire Constabulary,-1.540216,52.834669,On or near Mount Pleasant Road,E01019868,South Derbyshire 005B,Burglary,Investigation complete; no suspect identified,
3ee8f3c93da759bf670c2cb3473f38bbfac27af67b4be869c3aec2f01da2db47,2021-06,Derbyshire Constabulary,Derbyshire Constabulary,-1.540432,52.836755,On or near Longlands,E01019868,South Derbyshire 005B,Drugs,Unable to prosecute suspect,
c427b9aa343395c708bd535d9be0d7ea3852c2fdfb8ec76b8ba7961183e2509d,2021-06,Derbyshire Constabulary,Derbyshire Constabulary,-1.540432,52.836755,On or near Longlands,E01019868,South Derbyshire 005B,Public order,Awaiting court outcome,
9032a559966425a74e8a406e21e192a5da98f020b06e9b3d53e381a26415b4de,2021-06,Derbyshire Constabulary,Derbyshire Constabulary,-1.540650,52.837197,On or near Hill View,E01019868,South Derbyshire 005B,Public order,Investigation complete; no suspect identified,
c8efae67de815d1ec4a44e7a504ed07b7a5baadd0a07c7e3ab3933fa45933420,2021-06,Derbyshire Constabulary,Derbyshire Constabulary,-1.526161,52.835863,On or near Walnut Close,E01019868,South Derbyshire 005B,Robbery,Investigation complete; no suspect identified,
f940f46700e19185ea52f4dd6079da0b6d780ab78eb44ad86489aeeaa5095eb4,2021-06,Derbyshire Constabulary,Derbyshire Constabulary,-1.458762,52.845868,On or near Park/Open Space,E01019868,South Derbyshire 005B,Robbery,Investigation complete; no suspect identified,
38a88d3f2feab8e7d2fe608ae24d73386cf6e995789fbea48cd9b038432a780e,2021-06,Derbyshire Constabulary,Derbyshire Constabulary,-1.540432,52.836755,On or near Longlands,E01019868,South Derbyshire 005B,Vehicle crime,Unable to prosecute suspect,
814927be0fd81e0e537601304b1fc56cd65453b83ca20c92c264272f0d4ff549,2021-06,Derbyshire Constabulary,Derbyshire Constabulary,-1.541139,52.830169,On or near Main Street,E01019868,South Derbyshire 005B,Violence and sexual offences,Status update unavailable,
6c0ccadc29f4279ca2d722d3e534655929612677d8b5a20117caf5a3df547fc4,2021-06,Derbyshire Constabulary,Derbyshire Constabulary,-1.540432,52.836755,On or near Longlands,E01019868,South Derbyshire 005B,Violence and sexual offences,Unable to prosecute suspect,
d19fde2c7e0ce4fbfc266e2d19785a697c30e6b65204254445d3b120677a8f6e,2021-06,Derbyshire Constabulary,Derbyshire Constabulary,-1.540650,52.837197,On or near Hill View,E01019868,South Derbyshire 005B,Violence and sexual offences,Unable to prosecute suspect,
913e6a1b5119cf57f81c0fe2ff07c4c24586ef145cef91af6cf84f24bb3207ed,2021-06,Derbyshire Constabulary,Derbyshire Constabulary,-1.503808,52.835610,On or near Chestnut Drive,E01019868,South Derbyshire 005B,Violence and sexual offences,Unable to prosecute suspect,
9a4fa28d32475a05d3e6a4056535585b52af1844ae1c765d6cdf48333357b3dc,2021-06,Derbyshire Constabulary,Derbyshire Constabulary,-1.540650,52.837197,On or near Hill View,E01019868,South Derbyshire 005B,Violence and sexual offences,Unable to prosecute suspect,
3c976375e83fdd97b111feab63021a934ca7b4c2c89aa804b4e6294045288c72,2021-06,Derbyshire Constabulary,Derbyshire Constabulary,-1.541139,52.830169,On or near Main Street,E01019868,South Derbyshire 005B,Violence and sexual offences,Status update unavailable,
,2021-06,Derbyshire Constabulary,Derbyshire Constabulary,-1.543486,52.839931,On or near Saxon Croft,E01019869,South Derbyshire 005C,Anti-social behaviour,,
577cbfa0571ce1fc0f76363699a351c549e22397a3698777c8a64008aad07634,2021-06,Derbyshire Constabulary,Derbyshire Constabulary,-1.549577,52.836647,On or near The Pastures,E01019869,South Derbyshire 005C,Other theft,Investigation complete; no suspect identified,
e68b01eee6e4ae25c4e085921a67d0a370cc89aabd97084cd402c7f1aad42ee5,2021-06,Derbyshire Constabulary,Derbyshire Constabulary,-1.552341,52.837844,On or near Mitre Drive,E01019869,South Derbyshire 005C,Other theft,Investigation complete; no suspect identified,
,2021-06,Derbyshire Constabulary,Derbyshire Constabulary,-1.562339,52.851860,On or near Beech Avenue,E01019880,South Derbyshire 005D,Anti-social behaviour,,
,2021-06,Derbyshire Constabulary,Derbyshire Constabulary,-1.562339,52.851860,On or near Beech Avenue,E01019880,South Derbyshire 005D,Anti-social behaviour,,
74189021261f28897f803efe32459e583b20ddac40c2072702d3298c1cd8d17f,2021-06,Derbyshire Constabulary,Derbyshire Constabulary,-1.570120,52.853344,On or near The Castle Way,E01019880,South Derbyshire 005D,Burglary,Investigation complete; no suspect identified,
bc004338bfa974a9634c5af2410766e9259f978dd541920a5117ef396766be92,2021-06,Derbyshire Constabulary,Derbyshire Constabulary,-1.562595,52.850009,On or near Sycamore Court,E01019880,South Derbyshire 005D,Violence and sexual offences,Unable to prosecute suspect,
b5aa004ea7b7bd4376cfe0e6e8c2aa130fa068dba431587961ffa706aa0ff2a5,2021-06,Derbyshire Constabulary,Derbyshire Constabulary,-1.565846,52.851648,On or near Saxon Grove,E01019880,South Derbyshire 005D,Violence and sexual offences,Unable to prosecute suspect,
0e60c8e5f2fa256ee2d4159c008c2cda709e19a2ca5256df18915bfaf0463885,2021-06,Derbyshire Constabulary,Derbyshire Constabulary,-1.582214,52.854349,On or near Petrol Station,E01019880,South Derbyshire 005D,Violence and sexual offences,Unable to prosecute suspect,
,2021-06,Derbyshire Constabulary,Derbyshire Constabulary,-1.484233,52.806446,On or near The Green,E01019843,South Derbyshire 006A,Anti-social behaviour,,
,2021-06,Derbyshire Constabulary,Derbyshire Constabulary,-1.521523,52.787787,On or near Kendricks Close,E01019843,South Derbyshire 006A,Anti-social behaviour,,
,2021-06,Derbyshire Constabulary,Derbyshire Constabulary,-1.481577,52.811486,On or near Burton Road,E01019843,South Derbyshire 006A,Anti-social behaviour,,
,2021-06,Derbyshire Constabulary,Derbyshire Constabulary,-1.484233,52.806446,On or near The Green,E01019843,South Derbyshire 006A,Anti-social behaviour,,
,2021-06,Derbyshire Constabulary,Derbyshire Constabulary,-1.481793,52.813267,On or near Sports/Recreation Area,E01019843,South Derbyshire 006A,Anti-social behaviour,,
,2021-06,Derbyshire Constabulary,Derbyshire Constabulary,-1.521523,52.787787,On or near Kendricks Close,E01019843,South Derbyshire 006A,Anti-social behaviour,,
a2cbf5f64feb95904c8549d7ef6aac26274af2579053716fe7a03cb48e78476c,2021-06,Derbyshire Constabulary,Derbyshire Constabulary,-1.444883,52.800146,On or near Parking Area,E01019843,South Derbyshire 006A,Criminal damage and arson,Investigation complete; no suspect identified,
4408474460f413f3183ca8d628a093c90365b976f230e8a7f75a034c2c49354b,2021-06,Derbyshire Constabulary,Derbyshire Constabulary,-1.472204,52.812425,On or near Main Street,E01019843,South Derbyshire 006A,Criminal damage and arson,Investigation complete; no suspect identified,
e2084d0f0d73b0dcbb5e9ac055fc065fe26717adedccf376abafba18b8ff1759,2021-06,Derbyshire Constabulary,Derbyshire Constabulary,-1.534327,52.791272,On or near Repton Road,E01019843,South Derbyshire 006A,Public order,Unable to prosecute suspect,
39a256d93432326629f4c980d71702d4c9df4d53e7ff7eb5be8b663e9e9e49a7,2021-06,Derbyshire Constabulary,Derbyshire Constabulary,-1.478463,52.811284,On or near Harpur Avenue,E01019843,South Derbyshire 006A,Public order,Unable to prosecute suspect,
19ef2de6f379c4d07ca581f0762ccfd17f2a463e9d4e9544ec3c2294c05f481e,2021-06,Derbyshire Constabulary,Derbyshire Constabulary,-1.484233,52.806446,On or near The Green,E01019843,South Derbyshire 006A,Theft from the person,Investigation complete; no suspect identified,
c0f2b44ba47e8332dbcf4127b6433125ee25b18b9d9f2e7294b98a0562510aca,2021-06,Derbyshire Constabulary,Derbyshire Constabulary,-1.444883,52.800146,On or near Parking Area,E01019843,South Derbyshire 006A,Violence and sexual offences,Status update unavailable,
7ea206dc7f1a4df1e867752f5b91874724900afc067cee37c86f0eda27c3825a,2021-06,Derbyshire Constabulary,Derbyshire Constabulary,-1.472204,52.812425,On or near Main Street,E01019843,South Derbyshire 006A,Violence and sexual offences,Unable to prosecute suspect,
,2021-06,Derbyshire Constabulary,Derbyshire Constabulary,-1.428345,52.827324,On or near Queensway,E01019853,South Derbyshire 006B,Anti-social behaviour,,
,2021-06,Derbyshire Constabulary,Derbyshire Constabulary,-1.422342,52.834559,On or near Trent Lane,E01019853,South Derbyshire 006B,Anti-social behaviour,,
6720d910cab277406905ffbb1d821453dd3be53d8a8a24fa8bd5b4fe15851b59,2021-06,Derbyshire Constabulary,Derbyshire Constabulary,-1.427110,52.828658,On or near Pack Horse Road,E01019853,South Derbyshire 006B,Criminal damage and arson,Investigation complete; no suspect identified,
6e5351fbdfbfb328fe185ad0e9a440450907dd109898ecd72343d23d1075c13d,2021-06,Derbyshire Constabulary,Derbyshire Constabulary,-1.422342,52.834559,On or near Trent Lane,E01019853,South Derbyshire 006B,Criminal damage and arson,Status update unavailable,
fed09c76db2ed720c9d98461c24cf8b407fc209191d4abd3a3cb1adcc48396c8,2021-06,Derbyshire Constabulary,Derbyshire Constabulary,-1.422687,52.833194,On or near Sleepy Lane,E01019853,South Derbyshire 006B,Public order,Unable to prosecute suspect,
e1cf80a731ec5f431daa1fa4b5d5b18dab9a9ebec176a5a1b89daf1b398a4624,2021-06,Derbyshire Constabulary,Derbyshire Constabulary,-1.422342,52.834559,On or near Trent Lane,E01019853,South Derbyshire 006B,Violence and sexual offences,Unable to prosecute suspect,
,2021-06,Derbyshire Constabulary,Derbyshire Constabulary,-1.430554,52.822975,On or near Thomas Cook Close,E01019854,South Derbyshire 006C,Anti-social behaviour,,
,2021-06,Derbyshire Constabulary,Derbyshire Constabulary,-1.430554,52.822975,On or near Thomas Cook Close,E01019854,South Derbyshire 006C,Anti-social behaviour,,
,2021-06,Derbyshire Constabulary,Derbyshire Constabulary,-1.428416,52.823019,On or near Market Place,E01019854,South Derbyshire 006C,Anti-social behaviour,,
,2021-06,Derbyshire Constabulary,Derbyshire Constabulary,-1.429609,52.823752,On or near Blanch Croft,E01019854,South Derbyshire 006C,Anti-social behaviour,,
fdd9cbc0c85ba304deee67249452ea2a3751507b580f31139f4e29799bac5f88,2021-06,Derbyshire Constabulary,Derbyshire Constabulary,-1.432325,52.823694,On or near George Street,E01019854,South Derbyshire 006C,Burglary,Investigation complete; no suspect identified,
4dba53b243719c3bfa60dae762372911e7b87a52951ca3c9c0c8e4c97ffa2823,2021-06,Derbyshire Constabulary,Derbyshire Constabulary,-1.429231,52.823148,On or near Parking Area,E01019854,South Derbyshire 006C,Criminal damage and arson,Awaiting court outcome,
a749783db2228c0e55cc4eaf683d7cf5c74d82bc5cb0ddc09b7acae7478c629f,2021-06,Derbyshire Constabulary,Derbyshire Constabulary,-1.430382,52.822471,On or near High Street,E01019854,South Derbyshire 006C,Criminal damage and arson,Awaiting court outcome,
22404dc38ed9af889ffabb58418f1abd1d2c15860cfc040fdee9dcea2ac382bd,2021-06,Derbyshire Constabulary,Derbyshire Constabulary,-1.423488,52.824235,On or near Castle Lane,E01019854,South Derbyshire 006C,Other theft,Investigation complete; no suspect identified,
a2e982b01486996f40808fbbed5965f0e04e3ac11a2c691c9d57b4b7ffb9b2d8,2021-06,Derbyshire Constabulary,Derbyshire Constabulary,-1.430382,52.822471,On or near High Street,E01019854,South Derbyshire 006C,Public order,Awaiting court outcome,
eca9da2e12fbf320c4f879b72785740fc95df5eca101ae7bb9b5c8eb8367f772,2021-06,Derbyshire Constabulary,Derbyshire Constabulary,-1.430554,52.822975,On or near Thomas Cook Close,E01019854,South Derbyshire 006C,Public order,Unable to prosecute suspect,
fc8ef179cf2652ed3ec6a7186813ae63448e80bbbc9d27aa09120b6a302234ee,2021-06,Derbyshire Constabulary,Derbyshire Constabulary,-1.424110,52.820948,On or near Church Square,E01019854,South Derbyshire 006C,Public order,Action to be taken by another organisation,
182bb6b7a01cf044926b0280b10b63ed6fec99a6a9c1765f9f3e31260efe045f,2021-06,Derbyshire Constabulary,Derbyshire Constabulary,-1.436802,52.824092,On or near Hatton Court,E01019854,South Derbyshire 006C,Violence and sexual offences,Investigation complete; no suspect identified,
6b354a19a76111eb04277c26f6e40097912df736448cc6c270dc63734d7a4cfd,2021-06,Derbyshire Constabulary,Derbyshire Constabulary,-1.429231,52.823148,On or near Parking Area,E01019854,South Derbyshire 006C,Violence and sexual offences,Investigation complete; no suspect identified,
81298886c59034540505e6b0ffae240377a29b8fb1e5265aae019560457b4817,2021-06,Derbyshire Constabulary,Derbyshire Constabulary,-1.429231,52.823148,On or near Parking Area,E01019854,South Derbyshire 006C,Violence and sexual offences,Awaiting court outcome,
8b871af525d72c90c800464629b5f668dcf9a943cb5edd040e131bf7177d8957,2021-06,Derbyshire Constabulary,Derbyshire Constabulary,-1.429231,52.823148,On or near Parking Area,E01019854,South Derbyshire 006C,Violence and sexual offences,Awaiting court outcome,
f5c139d881718565b7118d3ba9ad5433afde557230153f0ae9959bd196f34ad3,2021-06,Derbyshire Constabulary,Derbyshire Constabulary,-1.429231,52.823148,On or near Parking Area,E01019854,South Derbyshire 006C,Violence and sexual offences,Awaiting court outcome,
f4b1a005f8754a5aa08f22fba370363cf3e9d1eb02e60395459e3a11c6388934,2021-06,Derbyshire Constabulary,Derbyshire Constabulary,-1.429231,52.823148,On or near Parking Area,E01019854,South Derbyshire 006C,Violence and sexual offences,Awaiting court outcome,
f2be4be13758d6ce36cccb9a9a0794cd0156164d4dc43d9b25542e85efd3e95a,2021-06,Derbyshire Constabulary,Derbyshire Constabulary,-1.429231,52.823148,On or near Parking Area,E01019854,South Derbyshire 006C,Other crime,Unable to prosecute suspect,
,2021-06,Derbyshire Constabulary,Derbyshire Constabulary,-1.430715,52.825376,On or near Alma Street,E01019855,South Derbyshire 006D,Anti-social behaviour,,
,2021-06,Derbyshire Constabulary,Derbyshire Constabulary,-1.441010,52.816471,On or near Park/Open Space,E01019855,South Derbyshire 006D,Anti-social behaviour,,
,2021-06,Derbyshire Constabulary,Derbyshire Constabulary,-1.441010,52.816471,On or near Park/Open Space,E01019855,South Derbyshire 006D,Anti-social behaviour,,
,2021-06,Derbyshire Constabulary,Derbyshire Constabulary,-1.434998,52.819032,On or near B587,E01019855,South Derbyshire 006D,Anti-social behaviour,,
960bc3905b9beb1cb2df24c8a325a388b515c6c4a54c59832c7ca0e7cbf112d1,2021-06,Derbyshire Constabulary,Derbyshire Constabulary,-1.432102,52.824870,On or near North Street,E01019855,South Derbyshire 006D,Public order,Unable to prosecute suspect,
df5d70575f81e4ff99839b6a6b835c1f6ace84bed3643d1ef064b65a0b053495,2021-06,Derbyshire Constabulary,Derbyshire Constabulary,-1.432102,52.824870,On or near North Street,E01019855,South Derbyshire 006D,Public order,Unable to prosecute suspect,
eab89e808fd6a8152e1e3bbd00b160a27f732180c1d447e01d093392bab9242c,2021-06,Derbyshire Constabulary,Derbyshire Constabulary,-1.417025,52.829247,On or near Station Road,E01019855,South Derbyshire 006D,Vehicle crime,Investigation complete; no suspect identified,
2ea085140784f4986695759878225dfc319689b4d3b282fb58eee335c59c725e,2021-06,Derbyshire Constabulary,Derbyshire Constabulary,-1.432102,52.824870,On or near North Street,E01019855,South Derbyshire 006D,Violence and sexual offences,Unable to prosecute suspect,
,2021-06,Derbyshire Constabulary,Derbyshire Constabulary,-1.541258,52.780799,On or near Dunsmore Way,E01019844,South Derbyshire 007A,Anti-social behaviour,,
,2021-06,Derbyshire Constabulary,Derbyshire Constabulary,-1.541258,52.780799,On or near Dunsmore Way,E01019844,South Derbyshire 007A,Anti-social behaviour,,
e64f37ea8ff211b8cc86e7d527e95c039c436821ec4a71f8328f38fc7b6be123,2021-06,Derbyshire Constabulary,Derbyshire Constabulary,-1.539237,52.778454,On or near Lincoln Way,E01019844,South Derbyshire 007A,Criminal damage and arson,Unable to prosecute suspect,
24c93c6094b9ca0599e17575c870ce666a3c0ccd1cb1c122d7f6537098a687cf,2021-06,Derbyshire Constabulary,Derbyshire Constabulary,-1.538402,52.780293,On or near Durham Close,E01019844,South Derbyshire 007A,Criminal damage and arson,Unable to prosecute suspect,
cdc6b5fae4e5eebeeb7347375be583a5070bb1c4ffdb25f6486779a826813703,2021-06,Derbyshire Constabulary,Derbyshire Constabulary,-1.541667,52.782778,On or near Exeter Close,E01019844,South Derbyshire 007A,Public order,Further action is not in the public interest,
a5bee2fe95f731e6f160dd6818e81ee8a77520b6657156eae5f06b33169bbaa1,2021-06,Derbyshire Constabulary,Derbyshire Constabulary,-1.538402,52.780293,On or near Durham Close,E01019844,South Derbyshire 007A,Public order,Unable to prosecute suspect,
0b4d2f6af2e3956100212dc99f5497cb4bde955e20716c48be486f47b59179ac,2021-06,Derbyshire Constabulary,Derbyshire Constabulary,-1.537713,52.781019,On or near Salisbury Drive,E01019844,South Derbyshire 007A,Violence and sexual offences,Unable to prosecute suspect,
0b876e2e260703400606f2d183fb2faed3b99767f79761f96fac5cb2cdc12140,2021-06,Derbyshire Constabulary,Derbyshire Constabulary,-1.539237,52.778454,On or near Lincoln Way,E01019844,South Derbyshire 007A,Violence and sexual offences,Unable to prosecute suspect,
b2e0a4edc2899d60a5e0d35dcebcded8aa9878dfda8b7469ce1794e11b3f77e9,2021-06,Derbyshire Constabulary,Derbyshire Constabulary,-1.545596,52.782793,On or near Hereford Crescent,E01019844,South Derbyshire 007A,Violence and sexual offences,Further action is not in the public interest,
d5bcf90f8d2f8fbf15361dda543b4cfbb6884f3c430b7aa9eb7102e8a522fcb3,2021-06,Derbyshire Constabulary,Derbyshire Constabulary,-1.539237,52.778454,On or near Lincoln Way,E01019844,South Derbyshire 007A,Other crime,Unable to prosecute suspect,
031fc69221b474ded805e8773550e371deb9c73797818389f18d73e52b07ac3a,2021-06,Derbyshire Constabulary,Derbyshire Constabulary,-1.539237,52.778454,On or near Lincoln Way,E01019844,South Derbyshire 007A,Other crime,Unable to prosecute suspect,
,2021-06,Derbyshire Constabulary,Derbyshire Constabulary,-1.563312,52.785934,On or near Parking Area,E01019856,South Derbyshire 007B,Anti-social behaviour,,
,2021-06,Derbyshire Constabulary,Derbyshire Constabulary,-1.563312,52.785934,On or near Parking Area,E01019856,South Derbyshire 007B,Anti-social behaviour,,
,2021-06,Derbyshire Constabulary,Derbyshire Constabulary,-1.563312,52.785934,On or near Parking Area,E01019856,South Derbyshire 007B,Anti-social behaviour,,
,2021-06,Derbyshire Constabulary,Derbyshire Constabulary,-1.563312,52.785934,On or near Parking Area,E01019856,South Derbyshire 007B,Anti-social behaviour,,
cfc0b52f4462764e7a9771c012fd87db964e30327c07a6ce927a54898a0aa1f6,2021-06,Derbyshire Constabulary,Derbyshire Constabulary,-1.564921,52.783630,On or near Belvoir Crescent,E01019856,South Derbyshire 007B,Drugs,Investigation complete; no suspect identified,
9cc9d7ee544c851dd60ba51c2b9a62bc07f105b45997d66ed17475269335bfe8,2021-06,Derbyshire Constabulary,Derbyshire Constabulary,-1.563006,52.780944,On or near Union Road,E01019856,South Derbyshire 007B,Public order,Unable to prosecute suspect,
902b18d11ace20c043d7a087893371d86c32d7637fbcd6b1b9e11945df69e22b,2021-06,Derbyshire Constabulary,Derbyshire Constabulary,-1.567733,52.784188,On or near Abbotts Close,E01019856,South Derbyshire 007B,Public order,Unable to prosecute suspect,
8ce77f2ae614e4fbbd8149c745ccbce6fe8429a46c548dfbb238c1452ca36acf,2021-06,Derbyshire Constabulary,Derbyshire Constabulary,-1.567472,52.785014,On or near Wellwood Road,E01019856,South Derbyshire 007B,Vehicle crime,Investigation complete; no suspect identified,
5133d365da34ea68997ae1d90cc58d08d9212395f72c9c959f8364a88104b6cb,2021-06,Derbyshire Constabulary,Derbyshire Constabulary,-1.568723,52.786035,On or near Cottage Close,E01019856,South Derbyshire 007B,Violence and sexual offences,Unable to prosecute suspect,
cf332abd34df3b59d792633d9a48f93d91c71455ae726ce1b77803e3212c64b9,2021-06,Derbyshire Constabulary,Derbyshire Constabulary,-1.563312,52.785934,On or near Parking Area,E01019856,South Derbyshire 007B,Violence and sexual offences,Unable to prosecute suspect,
2d216db3d56594290ced92d29649c0e853094bf1a4f32e6802987759c8db589e,2021-06,Derbyshire Constabulary,Derbyshire Constabulary,-1.567472,52.785014,On or near Wellwood Road,E01019856,South Derbyshire 007B,Violence and sexual offences,Unable to prosecute suspect,
144b92f0b32e4f84cde5e59d058de62e238ec55e5555d0f91cbd7a36d99197fd,2021-06,Derbyshire Constabulary,Derbyshire Constabulary,-1.563312,52.785934,On or near Parking Area,E01019856,South Derbyshire 007B,Violence and sexual offences,Unable to prosecute suspect,
18b4eee909aee910d2fa544b62a846e5df3c8bf1a3c79f02fc6fc3d388b52aae,2021-06,Derbyshire Constabulary,Derbyshire Constabulary,-1.567472,52.785014,On or near Wellwood Road,E01019856,South Derbyshire 007B,Violence and sexual offences,Unable to prosecute suspect,
38dfa4d5fcaab051c9ab5e28c1530bc324903373241f6d2b45fad9db18a3a1e7,2021-06,Derbyshire Constabulary,Derbyshire Constabulary,-1.566579,52.782422,On or near High Street,E01019856,South Derbyshire 007B,Violence and sexual offences,Unable to prosecute suspect,
f26b25a867378eb03ef798305ec2bbc47272a270e87132eb8d8ec0bc5175bbc8,2021-06,Derbyshire Constabulary,Derbyshire Constabulary,-1.563312,52.785934,On or near Parking Area,E01019856,South Derbyshire 007B,Violence and sexual offences,Unable to prosecute suspect,
b33574eb291b5287de4a93c70157a78d84ed993aba9539e7bca07892bc6fb2c8,2021-06,Derbyshire Constabulary,Derbyshire Constabulary,-1.559208,52.787096,On or near Primrose Meadow,E01019857,South Derbyshire 007C,Violence and sexual offences,Status update unavailable,
3a0d00161bd960992f9b2b8fe10d80e9331bfcb53c1769ef6c1deed866d68391,2021-06,Derbyshire Constabulary,Derbyshire Constabulary,-1.559208,52.787096,On or near Primrose Meadow,E01019857,South Derbyshire 007C,Violence and sexual offences,Unable to prosecute suspect,
,2021-06,Derbyshire Constabulary,Derbyshire Constabulary,-1.555110,52.781813,On or near Shakespeare Close,E01019858,South Derbyshire 007D,Anti-social behaviour,,
,2021-06,Derbyshire Constabulary,Derbyshire Constabulary,-1.558018,52.785986,On or near Acacia Avenue,E01019858,South Derbyshire 007D,Anti-social behaviour,,
,2021-06,Derbyshire Constabulary,Derbyshire Constabulary,-1.558018,52.785986,On or near Acacia Avenue,E01019858,South Derbyshire 007D,Anti-social behaviour,,
c9dd481c7a04c69de85306420dee8d45c2add901c98117e89d0269f12e16f1f4,2021-06,Derbyshire Constabulary,Derbyshire Constabulary,-1.558018,52.785986,On or near Acacia Avenue,E01019858,South Derbyshire 007D,Criminal damage and arson,Unable to prosecute suspect,
9cad80dd40daf162a6c3535698db9124b65e9c550f2b2c4bdc5f4ea4c5f81ab6,2021-06,Derbyshire Constabulary,Derbyshire Constabulary,-1.551856,52.782502,On or near Masefield Avenue,E01019858,South Derbyshire 007D,Vehicle crime,Investigation complete; no suspect identified,
3a30ba4628dc3791f0c2d6aea91068a4382d3448351376e70eb9a1e45f4cb2c8,2021-06,Derbyshire Constabulary,Derbyshire Constabulary,-1.561850,52.785281,On or near Poplar Avenue,E01019858,South Derbyshire 007D,Violence and sexual offences,Unable to prosecute suspect,
b9e96b19947f1c786ba634b8e85d846224d9f81b2583149f84e2ecd766d68cfd,2021-06,Derbyshire Constabulary,Derbyshire Constabulary,-1.558813,52.783634,On or near Elmsleigh Green,E01019858,South Derbyshire 007D,Violence and sexual offences,Status update unavailable,
dd5880df598ff22d82d82990ce04b053308bada255966a002b95a82e1aa962e7,2021-06,Derbyshire Constabulary,Derbyshire Constabulary,-1.561850,52.785281,On or near Poplar Avenue,E01019858,South Derbyshire 007D,Violence and sexual offences,Status update unavailable,
,2021-06,Derbyshire Constabulary,Derbyshire Constabulary,-1.547996,52.782973,On or near Sandcliffe Road,E01019859,South Derbyshire 007E,Anti-social behaviour,,
,2021-06,Derbyshire Constabulary,Derbyshire Constabulary,-1.547996,52.782973,On or near Sandcliffe Road,E01019859,South Derbyshire 007E,Anti-social behaviour,,
,2021-06,Derbyshire Constabulary,Derbyshire Constabulary,-1.549995,52.780347,On or near Midway Road,E01019859,South Derbyshire 007E,Anti-social behaviour,,
,2021-06,Derbyshire Constabulary,Derbyshire Constabulary,-1.543344,52.779827,On or near Dunsmore Way,E01019859,South Derbyshire 007E,Anti-social behaviour,,
,2021-06,Derbyshire Constabulary,Derbyshire Constabulary,-1.554119,52.778627,On or near Newhall Road,E01019859,South Derbyshire 007E,Anti-social behaviour,,
ac24f371473ae2e5c46b73bd5bf4595bdbc19a1fb05e861fa10da891e4267937,2021-06,Derbyshire Constabulary,Derbyshire Constabulary,-1.544989,52.781325,On or near Petrol Station,E01019859,South Derbyshire 007E,Public order,Unable to prosecute suspect,
16dc4f17a0346d0b5da0359d8e04e64da216bb863c7c6b31cfd669fa71a56f8a,2021-06,Derbyshire Constabulary,Derbyshire Constabulary,-1.544989,52.781325,On or near Petrol Station,E01019859,South Derbyshire 007E,Public order,Awaiting court outcome,
c18a85f407c8c9d364789fd94139da4d8ee6f4627d83aac510fa6ce0f4fe3a08,2021-06,Derbyshire Constabulary,Derbyshire Constabulary,-1.547996,52.782973,On or near Sandcliffe Road,E01019859,South Derbyshire 007E,Public order,Investigation complete; no suspect identified,
c29b0a5108fe6622747eb70d2ea7c6f489ab27730ce8bc89da684ef0bc6a25a1,2021-06,Derbyshire Constabulary,Derbyshire Constabulary,-1.544989,52.781325,On or near Petrol Station,E01019859,South Derbyshire 007E,Public order,Unable to prosecute suspect,
0501d75ecac53eaffab11405ab776c021778d9bd3df6b19395ecf9ed196fe7f3,2021-06,Derbyshire Constabulary,Derbyshire Constabulary,-1.547996,52.782973,On or near Sandcliffe Road,E01019859,South Derbyshire 007E,Shoplifting,Awaiting court outcome,
310d7e9a6b3635217a5be5f268aecc3c3b32d16ba4aced71d7fc5ece3f9c241e,2021-06,Derbyshire Constabulary,Derbyshire Constabulary,-1.547996,52.782973,On or near Sandcliffe Road,E01019859,South Derbyshire 007E,Shoplifting,Investigation complete; no suspect identified,
b02c78889635b8a5a94d41cda688567703e6c000c9bd4bacb6e719c6bf3d022e,2021-06,Derbyshire Constabulary,Derbyshire Constabulary,-1.554119,52.778627,On or near Newhall Road,E01019859,South Derbyshire 007E,Violence and sexual offences,Status update unavailable,
19965f77e9638e1115187fdfdaf286b662648c7d271e4d3356b9ecb8db98c23c,2021-06,Derbyshire Constabulary,Derbyshire Constabulary,-1.546272,52.780485,On or near Dundee Road,E01019859,South Derbyshire 007E,Violence and sexual offences,Unable to prosecute suspect,
76f3d2d5d957049651da3e8db99daa406f957046633ef52314d3fcd382cfa09e,2021-06,Derbyshire Constabulary,Derbyshire Constabulary,-1.543344,52.779827,On or near Dunsmore Way,E01019859,South Derbyshire 007E,Other crime,Investigation complete; no suspect identified,
ac97c2c4d12ced513d33e4bcb26f88520833960cbc1db86a3fbcadc319d2a709,2021-06,Derbyshire Constabulary,Derbyshire Constabulary,-1.546338,52.778508,On or near Watchorn Close,E01019859,South Derbyshire 007E,Other crime,Unable to prosecute suspect,
,2021-06,Derbyshire Constabulary,Derbyshire Constabulary,-1.571105,52.789504,On or near Wood Lane,E01019860,South Derbyshire 008A,Anti-social behaviour,,
,2021-06,Derbyshire Constabulary,Derbyshire Constabulary,-1.568332,52.789575,On or near Brook House Mews,E01019860,South Derbyshire 008A,Anti-social behaviour,,
5d6284348bfa298550530de37fa2c42eee50c3ae94107feebc96a2e8e03d4e84,2021-06,Derbyshire Constabulary,Derbyshire Constabulary,-1.568699,52.788435,On or near The Castle Mews,E01019860,South Derbyshire 008A,Drugs,Awaiting court outcome,
,2021-06,Derbyshire Constabulary,Derbyshire Constabulary,-1.576846,52.784671,On or near Higgins Road,E01019861,South Derbyshire 008B,Anti-social behaviour,,
9c3d95d78b7d7baa2cbcf14ba211c2863c58fc2e9549c5fbfa86ba0272d755fe,2021-06,Derbyshire Constabulary,Derbyshire Constabulary,-1.576783,52.788176,On or near Rose Tree Lane,E01019861,South Derbyshire 008B,Public order,Unable to prosecute suspect,
555991b544817bcb738d2698d95491d76a7c2b455d242b4f12a257f7618e6c9a,2021-06,Derbyshire Constabulary,Derbyshire Constabulary,-1.573829,52.783914,On or near Orchard Street,E01019861,South Derbyshire 008B,Public order,Status update unavailable,
a3675dfa906061f2ba529b9e36bb239f6157c0995230af51fd599b0fc6aca1ee,2021-06,Derbyshire Constabulary,Derbyshire Constabulary,-1.580572,52.784207,On or near Main Street,E01019861,South Derbyshire 008B,Public order,Investigation complete; no suspect identified,
c9307597e31d120234157c4e4f398e4e8d9f55e6335122a6d699abf982feed45,2021-06,Derbyshire Constabulary,Derbyshire Constabulary,-1.576783,52.788176,On or near Rose Tree Lane,E01019861,South Derbyshire 008B,Violence and sexual offences,Unable to prosecute suspect,
d8892077bcf87ebbaa15cf5a985b0b4731e000555538237266c3bd955dbba850,2021-06,Derbyshire Constabulary,Derbyshire Constabulary,-1.576783,52.788176,On or near Rose Tree Lane,E01019861,South Derbyshire 008B,Violence and sexual offences,Awaiting court outcome,
4704bc37e96306c288637031ec1f3f514826e7022141f579dd1e5d772fd5acd9,2021-06,Derbyshire Constabulary,Derbyshire Constabulary,-1.578540,52.787346,On or near The Tramway,E01019861,South Derbyshire 008B,Violence and sexual offences,Local resolution,
5813a5fd48b2d8e2d40eef7befa06abfb3ee2123ac5bcb57c59096b673b9bea9,2021-06,Derbyshire Constabulary,Derbyshire Constabulary,-1.573625,52.789585,On or near Bretby Hollow,E01019861,South Derbyshire 008B,Violence and sexual offences,Unable to prosecute suspect,
c0a2f95ea821b74981ed81995c5b25d776c76792809e89fa1a0aa79e9fb35785,2021-06,Derbyshire Constabulary,Derbyshire Constabulary,-1.576846,52.784671,On or near Higgins Road,E01019861,South Derbyshire 008B,Violence and sexual offences,Status update unavailable,
,2021-06,Derbyshire Constabulary,Derbyshire Constabulary,-1.582942,52.782912,On or near The Croft,E01019862,South Derbyshire 008C,Anti-social behaviour,,
331fc9d5dc248820a572fec24b333ca7f60794869d3139e10382a7aca638a680,2021-06,Derbyshire Constabulary,Derbyshire Constabulary,-1.583771,52.770653,On or near A514,E01019862,South Derbyshire 008C,Other theft,Unable to prosecute suspect,
ade0e05b001895d5793460e6c2afee508a345c3866898cbcd8bfc9340d92cbee,2021-06,Derbyshire Constabulary,Derbyshire Constabulary,-1.603267,52.776626,On or near Woodland Road,E01019862,South Derbyshire 008C,Public order,Unable to prosecute suspect,
c22e633cb39c108414b653d1e7906ed7b3ffd530c0db5b44e532c022f111d3c4,2021-06,Derbyshire Constabulary,Derbyshire Constabulary,-1.581370,52.784534,On or near Chesterfield Avenue,E01019862,South Derbyshire 008C,Public order,Unable to prosecute suspect,
daba33e519b67f6d88cfd0d08fe70f70b4829994eeb70840aeba1d119df8e263,2021-06,Derbyshire Constabulary,Derbyshire Constabulary,-1.580169,52.787604,On or near Sunnyside,E01019862,South Derbyshire 008C,Public order,Further action is not in the public interest,
89a9fb3c43a245b2d7d806aa9ecf64a45b88b59e6d0f7146e6c2566e268f8622,2021-06,Derbyshire Constabulary,Derbyshire Constabulary,-1.586837,52.780274,On or near Watery Lane,E01019862,South Derbyshire 008C,Public order,Unable to prosecute suspect,
e0dc2ec575e214950c49a3709012697ca18e6b46bcb6488ed7b029cf783efb9c,2021-06,Derbyshire Constabulary,Derbyshire Constabulary,-1.581370,52.784534,On or near Chesterfield Avenue,E01019862,South Derbyshire 008C,Public order,Unable to prosecute suspect,
b5a507559f4eabea9f9d14867ad5f685d758836346fbee1f828ca6e913e5c0c2,2021-06,Derbyshire Constabulary,Derbyshire Constabulary,-1.583276,52.780612,On or near The Fairway,E01019862,South Derbyshire 008C,Violence and sexual offences,Unable to prosecute suspect,
73d6f9ee6737e0220945979a709f169cadc9cd23010c4c9ff941a4ac7512e9ad,2021-06,Derbyshire Constabulary,Derbyshire Constabulary,-1.583276,52.780612,On or near The Fairway,E01019862,South Derbyshire 008C,Violence and sexual offences,Unable to prosecute suspect,
cb231abd8b220a71e0b9f292cd4ef0e06cd0974e0255aada2526ef63c984531e,2021-06,Derbyshire Constabulary,Derbyshire Constabulary,-1.586837,52.780274,On or near Watery Lane,E01019862,South Derbyshire 008C,Violence and sexual offences,Investigation complete; no suspect identified,
44842b3eb3b6b798b9777be76ed3b16b693921a9ddfe53d7354a018a6248858c,2021-06,Derbyshire Constabulary,Derbyshire Constabulary,-1.583276,52.780612,On or near The Fairway,E01019862,South Derbyshire 008C,Violence and sexual offences,Unable to prosecute suspect,
3a4decbfe92e604ab74261cafb3df5960331bdc63d2053c58fb2079bb366d70d,2021-06,Derbyshire Constabulary,Derbyshire Constabulary,-1.583276,52.780612,On or near The Fairway,E01019862,South Derbyshire 008C,Violence and sexual offences,Awaiting court outcome,
86382108e988c2d7067d8ab088d582339f3c23a803d05ff858425fbcb38e2788,2021-06,Derbyshire Constabulary,Derbyshire Constabulary,-1.583276,52.780612,On or near The Fairway,E01019862,South Derbyshire 008C,Violence and sexual offences,Unable to prosecute suspect,
,2021-06,Derbyshire Constabulary,Derbyshire Constabulary,-1.575302,52.780305,On or near St Catherine'S Road,E01019863,South Derbyshire 008D,Anti-social behaviour,,
6db2654cb9cd48c9924f4ba3348846ea541232952dddae16dd3e1212e564ea39,2021-06,Derbyshire Constabulary,Derbyshire Constabulary,-1.568573,52.783149,On or near Church Road,E01019863,South Derbyshire 008D,Burglary,Investigation complete; no suspect identified,
3b36d7e9fc0953c9dc423a664e7b06c2f4934b430da0d4e2df82767634ef693f,2021-06,Derbyshire Constabulary,Derbyshire Constabulary,-1.570729,52.780990,On or near Meadow Lane,E01019863,South Derbyshire 008D,Criminal damage and arson,Investigation complete; no suspect identified,
e070dbe0075ba1de2940016667781621bda5edebd2fead3ae48b34b68d7413ea,2021-06,Derbyshire Constabulary,Derbyshire Constabulary,-1.569771,52.783503,On or near Robinson Road,E01019863,South Derbyshire 008D,Criminal damage and arson,Investigation complete; no suspect identified,
1d949fb365df3a68417ace67cd922fd5e2c5aca41d09e4895770709f4f830db5,2021-06,Derbyshire Constabulary,Derbyshire Constabulary,-1.568745,52.780767,On or near Rambler Close,E01019863,South Derbyshire 008D,Vehicle crime,Investigation complete; no suspect identified,
30c192268ff984c2955475e912c1a76d39fc279bba69cd9081ca2785cc43442f,2021-06,Derbyshire Constabulary,Derbyshire Constabulary,-1.572662,52.785024,On or near High Street,E01019863,South Derbyshire 008D,Vehicle crime,Investigation complete; no suspect identified,
d64d094760437d57075c4635339107d986ab46f647a0d0f7a1bf5e2d93882da0,2021-06,Derbyshire Constabulary,Derbyshire Constabulary,-1.572473,52.781571,On or near Manton Close,E01019863,South Derbyshire 008D,Violence and sexual offences,Unable to prosecute suspect,
71920e6d8c64b5dc4cf50512cab576609a83232e610d3551693493f6b7ea6104,2021-06,Derbyshire Constabulary,Derbyshire Constabulary,-1.572662,52.785024,On or near High Street,E01019863,South Derbyshire 008D,Violence and sexual offences,Status update unavailable,
9df94d988088d7ff9805f8ee7160112419684d9190d4065983437c4d23ea6483,2021-06,Derbyshire Constabulary,Derbyshire Constabulary,-1.570729,52.780990,On or near Meadow Lane,E01019863,South Derbyshire 008D,Violence and sexual offences,Unable to prosecute suspect,
2cefef18187d6dacc606cd85c9456cdb4fdc6adcdf50c9cb8ef45dd820664bdc,2021-06,Derbyshire Constabulary,Derbyshire Constabulary,-1.569771,52.783503,On or near Robinson Road,E01019863,South Derbyshire 008D,Violence and sexual offences,Status update unavailable,
0d6ab819942cb510c27c1798a85ce78b05026faf9dc201675cafad02fae120e1,2021-06,Derbyshire Constabulary,Derbyshire Constabulary,-1.572197,52.781031,On or near Pingle Farm Road,E01019863,South Derbyshire 008D,Violence and sexual offences,Unable to prosecute suspect,
87f614ff532ac429e8cd3d278847d4b6e7b2d24303409656fb0ee5360460f4d6,2021-06,Derbyshire Constabulary,Derbyshire Constabulary,-1.570729,52.780990,On or near Meadow Lane,E01019863,South Derbyshire 008D,Violence and sexual offences,Unable to prosecute suspect,
c5b22d5879a3007b288b61710fcc16419b8ee823939bf9a54bb2b6dcc564dcae,2021-06,Derbyshire Constabulary,Derbyshire Constabulary,-1.566822,52.780328,On or near Kinder Avenue,E01019863,South Derbyshire 008D,Violence and sexual offences,Unable to prosecute suspect,
b65085da4dd8cba7ba9cad4990f5f8645586c738ff84084bc8b09df8c98a2f2d,2021-06,Derbyshire Constabulary,Derbyshire Constabulary,-1.569771,52.783503,On or near Robinson Road,E01019863,South Derbyshire 008D,Violence and sexual offences,Status update unavailable,
527988d27b72faafe8afff5ac5e483f2d7e2c3c7a12d5acad41e153de33ebb93,2021-06,Derbyshire Constabulary,Derbyshire Constabulary,-1.568573,52.783149,On or near Church Road,E01019863,South Derbyshire 008D,Violence and sexual offences,Unable to prosecute suspect,
be3f36b18a17fcb9ce584d78b027ddd6f06330f1110f1a6d5c9006fb902d7ed8,2021-06,Derbyshire Constabulary,Derbyshire Constabulary,-1.569771,52.783503,On or near Robinson Road,E01019863,South Derbyshire 008D,Other crime,Unable to prosecute suspect,
,2021-06,Derbyshire Constabulary,Derbyshire Constabulary,-1.578554,52.776757,On or near Parking Area,E01019864,South Derbyshire 008E,Anti-social behaviour,,
,2021-06,Derbyshire Constabulary,Derbyshire Constabulary,-1.581902,52.780095,On or near The Gables,E01019864,South Derbyshire 008E,Anti-social behaviour,,
157d05bc907a143ca78710fd091e30b37d8af24768df38cc0a47001d2654ad1b,2021-06,Derbyshire Constabulary,Derbyshire Constabulary,-1.579663,52.780069,On or near Oversetts Road,E01019864,South Derbyshire 008E,Criminal damage and arson,Investigation complete; no suspect identified,
6b27eb3bf47f16ebed263a7d646559c44cb843ae96aee103f0be7e4513bb070f,2021-06,Derbyshire Constabulary,Derbyshire Constabulary,-1.578554,52.776757,On or near Parking Area,E01019864,South Derbyshire 008E,Other theft,Unable to prosecute suspect,
f3d63a0a2fc8f4ecf0844a3c0f5f7407498a3e43edeae890dcee286735a48548,2021-06,Derbyshire Constabulary,Derbyshire Constabulary,-1.580537,52.780216,On or near Warren Hill,E01019864,South Derbyshire 008E,Other theft,Unable to prosecute suspect,
0c33dbb5f0f922114320fe11c38d60755d37272f8559c40ccb0e17f9c4dc1dca,2021-06,Derbyshire Constabulary,Derbyshire Constabulary,-1.582446,52.780582,On or near St John'S Drive,E01019864,South Derbyshire 008E,Violence and sexual offences,Unable to prosecute suspect,
1c026f6643547447e0e9d4c39b38276bfb71dfc1c7150ba2bf26c82b07c60d60,2021-06,Derbyshire Constabulary,Derbyshire Constabulary,-1.580537,52.780216,On or near Warren Hill,E01019864,South Derbyshire 008E,Violence and sexual offences,Status update unavailable,
1318ba2bede268019e7ef030c24a262d58926c0c615fe2cc4802dfc418a5ffa4,2021-06,Derbyshire Constabulary,Derbyshire Constabulary,-1.579094,52.782233,On or near Swans Rest,E01019864,South Derbyshire 008E,Violence and sexual offences,Unable to prosecute suspect,
9af57910f3cfb82e27ea02000224653ee35432156dde1b117c4073e780b13ab3,2021-06,Derbyshire Constabulary,Derbyshire Constabulary,-1.580537,52.780216,On or near Warren Hill,E01019864,South Derbyshire 008E,Violence and sexual offences,Unable to prosecute suspect,
1d2f9a6ad5febe4596836c471a1c0750aec59a88ebed31c86951eb4b0a8a4a69,2021-06,Derbyshire Constabulary,Derbyshire Constabulary,-1.580537,52.780216,On or near Warren Hill,E01019864,South Derbyshire 008E,Violence and sexual offences,Unable to prosecute suspect,
20d6b1ee4ac521581aeebce0eb303e2941eb99eb7b1b4ea3606b366fb8d56759,2021-06,Derbyshire Constabulary,Derbyshire Constabulary,-1.582446,52.780582,On or near St John'S Drive,E01019864,South Derbyshire 008E,Violence and sexual offences,Status update unavailable,
1bdec27035d7a320ef8b1b6c2f7df2e9a32a546501bc687785dd06baaf704d35,2021-06,Derbyshire Constabulary,Derbyshire Constabulary,-1.580537,52.780216,On or near Warren Hill,E01019864,South Derbyshire 008E,Violence and sexual offences,Unable to prosecute suspect,
e1d951ef785ad907bd7e5ee4e690f545800aff1b2d3a9f38819647d0091fedf1,2021-06,Derbyshire Constabulary,Derbyshire Constabulary,-1.581902,52.780095,On or near The Gables,E01019864,South Derbyshire 008E,Violence and sexual offences,Unable to prosecute suspect,
079a4dcfafe47e7be00f19ecc7fd1d549129b97d709ae102f70cdecf71753f90,2021-06,Derbyshire Constabulary,Derbyshire Constabulary,-1.571840,52.778063,On or near Almond Grove,E01019865,South Derbyshire 008F,Criminal damage and arson,Unable to prosecute suspect,
d6c8f7ed56f55a6e2ea2433736485667c0a6e15be0aa83c4c9faa210029068fd,2021-06,Derbyshire Constabulary,Derbyshire Constabulary,-1.571840,52.778063,On or near Almond Grove,E01019865,South Derbyshire 008F,Public order,Status update unavailable,
4346135f573a37765146cf476dd342c15e6033615b25d81acfc16244e5aab6bf,2021-06,Derbyshire Constabulary,Derbyshire Constabulary,-1.571840,52.778063,On or near Almond Grove,E01019865,South Derbyshire 008F,Violence and sexual offences,Status update unavailable,
107dfff616a57e82c23f49f964b95a80640c46a54e6d04059f751e862d07a2e6,2021-06,Derbyshire Constabulary,Derbyshire Constabulary,-1.571840,52.778063,On or near Almond Grove,E01019865,South Derbyshire 008F,Violence and sexual offences,Unable to prosecute suspect,
378a1794d02fbe1a26af0e7cfef43c2e3e4660f8d59779f7e7245ca50e9a6fae,2021-06,Derbyshire Constabulary,Derbyshire Constabulary,-1.566199,52.778834,On or near Potters Croft,E01019865,South Derbyshire 008F,Violence and sexual offences,Unable to prosecute suspect,
9ab4e3ef3bbad1ab0c42df79329881265d8e2eac276639e90c63c762d0f828f2,2021-06,Derbyshire Constabulary,Derbyshire Constabulary,-1.569748,52.779818,On or near Amberwood,E01019865,South Derbyshire 008F,Violence and sexual offences,Unable to prosecute suspect,
b278ca32a2e1221ce71201b2d85ed97b05c8a6634b9657f99cf95523c7c2fc7f,2021-06,Derbyshire Constabulary,Derbyshire Constabulary,-1.569748,52.779818,On or near Amberwood,E01019865,South Derbyshire 008F,Violence and sexual offences,Investigation complete; no suspect identified,
fa16efaf97fa33371e83c7b3b4afe19a96f793927eedf3fd83d2c62833314cc5,2021-06,Derbyshire Constabulary,Derbyshire Constabulary,-1.568599,52.779067,On or near Potters Croft,E01019865,South Derbyshire 008F,Violence and sexual offences,Status update unavailable,
78f5adf8fb33d3bde3db63314ad661a163ba5ac2f801a863cebf4de62c1ac537,2021-06,Derbyshire Constabulary,Derbyshire Constabulary,-1.577261,52.780123,On or near Renshaw Drive,E01019865,South Derbyshire 008F,Violence and sexual offences,Status update unavailable,
,2021-06,Derbyshire Constabulary,Derbyshire Constabulary,-1.558965,52.778861,On or near Rest Haven,E01019876,South Derbyshire 009A,Anti-social behaviour,,
,2021-06,Derbyshire Constabulary,Derbyshire Constabulary,-1.560144,52.776591,On or near Forman Close,E01019876,South Derbyshire 009A,Anti-social behaviour,,
,2021-06,Derbyshire Constabulary,Derbyshire Constabulary,-1.557736,52.778695,On or near North Street,E01019876,South Derbyshire 009A,Anti-social behaviour,,
,2021-06,Derbyshire Constabulary,Derbyshire Constabulary,-1.558544,52.777916,On or near Dominion Road,E01019876,South Derbyshire 009A,Anti-social behaviour,,
,2021-06,Derbyshire Constabulary,Derbyshire Constabulary,-1.558965,52.778861,On or near Rest Haven,E01019876,South Derbyshire 009A,Anti-social behaviour,,
5618a1ae8ce380a8f46a5c9c4ac3d80d874c43698a4c98cf5643a3ad139025fd,2021-06,Derbyshire Constabulary,Derbyshire Constabulary,-1.559501,52.778557,On or near Nelson Street,E01019876,South Derbyshire 009A,Drugs,Awaiting court outcome,
5dd81dc1796f9a675af52802aca315565fbe4cbb9b1d0f6e6ea62dd877f17cc9,2021-06,Derbyshire Constabulary,Derbyshire Constabulary,-1.559501,52.778557,On or near Nelson Street,E01019876,South Derbyshire 009A,Public order,Further action is not in the public interest,
397157e3a40ad1ddfac984dc4b740dce2d46a481f484f40489082569b74862cd,2021-06,Derbyshire Constabulary,Derbyshire Constabulary,-1.556576,52.779014,On or near Newhall Road,E01019876,South Derbyshire 009A,Public order,Unable to prosecute suspect,
b8f04029924d0cdc65d6f421a295d9257279ba93eed61ede9444e2e3f2c9f7cd,2021-06,Derbyshire Constabulary,Derbyshire Constabulary,-1.562298,52.774612,On or near Parking Area,E01019876,South Derbyshire 009A,Public order,Unable to prosecute suspect,
bbc53ae9e14b445a0b923e027a37e1f8d2daca37a45835b6fb6a92cbfd8f7083,2021-06,Derbyshire Constabulary,Derbyshire Constabulary,-1.563476,52.775453,On or near Yard Close,E01019876,South Derbyshire 009A,Violence and sexual offences,Unable to prosecute suspect,
a84f64184110dc180e3876b000348f69d041534005692ed96231118b9d1baa5f,2021-06,Derbyshire Constabulary,Derbyshire Constabulary,-1.559501,52.778557,On or near Nelson Street,E01019876,South Derbyshire 009A,Violence and sexual offences,Unable to prosecute suspect,
a49b4a11fcd4b14d1500ccb25584c733727770bc3ac9d8bc68945af9744e6f8f,2021-06,Derbyshire Constabulary,Derbyshire Constabulary,-1.556382,52.777746,On or near John Street,E01019876,South Derbyshire 009A,Violence and sexual offences,Unable to prosecute suspect,
3e3ff321410b8bd61ae5bd83352f6f5c2353305ea214077e4da57a4185c29a6e,2021-06,Derbyshire Constabulary,Derbyshire Constabulary,-1.563202,52.776126,On or near Middle Close,E01019876,South Derbyshire 009A,Violence and sexual offences,Unable to prosecute suspect,
427d7a733dfe458eac7dda73542f8ec3643f8ada52b42a0b1876626a7191f451,2021-06,Derbyshire Constabulary,Derbyshire Constabulary,-1.563476,52.775453,On or near Yard Close,E01019876,South Derbyshire 009A,Violence and sexual offences,Awaiting court outcome,
50c3ea4999162dbf407bee2c8061ea305fac16a4206e86c533f1513d0f7e83ee,2021-06,Derbyshire Constabulary,Derbyshire Constabulary,-1.563202,52.776126,On or near Middle Close,E01019876,South Derbyshire 009A,Violence and sexual offences,Unable to prosecute suspect,
92381db63d66de5d9d6b59ee057a0ef5adad3520e01e32ed58727acb39c9e5c2,2021-06,Derbyshire Constabulary,Derbyshire Constabulary,-1.556576,52.779014,On or near Newhall Road,E01019876,South Derbyshire 009A,Violence and sexual offences,Unable to prosecute suspect,
33af59ebd39107f387eab17ac0251dc603f620c7f3a679856f1a5cc5424eba1d,2021-06,Derbyshire Constabulary,Derbyshire Constabulary,-1.559501,52.778557,On or near Nelson Street,E01019876,South Derbyshire 009A,Violence and sexual offences,Investigation complete; no suspect identified,
99fd256dd8080ca24e089e370207659cb259283baefac690aadce735545e2ffd,2021-06,Derbyshire Constabulary,Derbyshire Constabulary,-1.561768,52.777262,On or near Darklands Road,E01019876,South Derbyshire 009A,Violence and sexual offences,Investigation complete; no suspect identified,
fbb8553dc54b14df6366fbccccf80846efdd5aae2a0f2b752429cbd5ea12d7db,2021-06,Derbyshire Constabulary,Derbyshire Constabulary,-1.557736,52.778695,On or near North Street,E01019876,South Derbyshire 009A,Other crime,Unable to prosecute suspect,
151535c3aa0254967b3d8201a987f2cc16b71849f3d00cc7dec8c9cc11094fcd,2021-06,Derbyshire Constabulary,Derbyshire Constabulary,-1.556382,52.777746,On or near John Street,E01019876,South Derbyshire 009A,Other crime,Status update unavailable,
,2021-06,Derbyshire Constabulary,Derbyshire Constabulary,-1.555964,52.772135,On or near Supermarket,E01019877,South Derbyshire 009B,Anti-social behaviour,,
,2021-06,Derbyshire Constabulary,Derbyshire Constabulary,-1.554480,52.775195,On or near Belmont Street,E01019877,South Derbyshire 009B,Anti-social behaviour,,
,2021-06,Derbyshire Constabulary,Derbyshire Constabulary,-1.552646,52.773381,On or near A514,E01019877,South Derbyshire 009B,Anti-social behaviour,,
,2021-06,Derbyshire Constabulary,Derbyshire Constabulary,-1.554480,52.775195,On or near Belmont Street,E01019877,South Derbyshire 009B,Anti-social behaviour,,
,2021-06,Derbyshire Constabulary,Derbyshire Constabulary,-1.559024,52.774439,On or near Bus/Coach Station,E01019877,South Derbyshire 009B,Anti-social behaviour,,
,2021-06,Derbyshire Constabulary,Derbyshire Constabulary,-1.560569,52.772628,On or near West Street,E01019877,South Derbyshire 009B,Anti-social behaviour,,
,2021-06,Derbyshire Constabulary,Derbyshire Constabulary,-1.560142,52.775297,On or near Randall Drive,E01019877,South Derbyshire 009B,Anti-social behaviour,,
,2021-06,Derbyshire Constabulary,Derbyshire Constabulary,-1.557866,52.771719,On or near Rink Drive,E01019877,South Derbyshire 009B,Anti-social behaviour,,
,2021-06,Derbyshire Constabulary,Derbyshire Constabulary,-1.553358,52.773321,On or near East End Drive,E01019877,South Derbyshire 009B,Anti-social behaviour,,
,2021-06,Derbyshire Constabulary,Derbyshire Constabulary,-1.552776,52.775143,On or near Stanley Street,E01019877,South Derbyshire 009B,Anti-social behaviour,,
,2021-06,Derbyshire Constabulary,Derbyshire Constabulary,-1.555964,52.772135,On or near Supermarket,E01019877,South Derbyshire 009B,Anti-social behaviour,,
,2021-06,Derbyshire Constabulary,Derbyshire Constabulary,-1.555542,52.772888,On or near Ernest Hall Way,E01019877,South Derbyshire 009B,Anti-social behaviour,,
b55d956db2d543694c0e7e4c1d925acaf36839c713764beefb83fa46505e4e40,2021-06,Derbyshire Constabulary,Derbyshire Constabulary,-1.555964,52.772135,On or near Supermarket,E01019877,South Derbyshire 009B,Criminal damage and arson,Investigation complete; no suspect identified,
f1ef072d587bdc63918186d6a5bf535c46e42562226720f8bf2a17431d935cb7,2021-06,Derbyshire Constabulary,Derbyshire Constabulary,-1.558122,52.769886,On or near Highfield Street,E01019877,South Derbyshire 009B,Criminal damage and arson,Investigation complete; no suspect identified,
318cfa507b30662d6e2f74b31d9b720a68b512aa3e385b1fe4316904f1f9b3c7,2021-06,Derbyshire Constabulary,Derbyshire Constabulary,-1.554480,52.775195,On or near Belmont Street,E01019877,South Derbyshire 009B,Drugs,Offender given a drugs possession warning,
2b199cf56e021ae3aa89d2d81463969094bed60fb299fcaab23a8cea98a6d351,2021-06,Derbyshire Constabulary,Derbyshire Constabulary,-1.556219,52.770446,On or near Alleyne Close,E01019877,South Derbyshire 009B,Other theft,Investigation complete; no suspect identified,
b46d48922bc5b83833748c26b9d40c4eea9bcd30d274fc34acf9a60b529b071f,2021-06,Derbyshire Constabulary,Derbyshire Constabulary,-1.555542,52.772888,On or near Ernest Hall Way,E01019877,South Derbyshire 009B,Other theft,Investigation complete; no suspect identified,
83c34fa9b1f42ab661ef0dc6aa9078d75c5f44eccf1c92bed171e14bcd6c68d3,2021-06,Derbyshire Constabulary,Derbyshire Constabulary,-1.557097,52.772984,On or near Further/Higher Educational Building,E01019877,South Derbyshire 009B,Other theft,Investigation complete; no suspect identified,
22609fdb4ad1d5d0fea1a4b7261e84d56f5d9aafbad4a2c3a50dbbe603b21270,2021-06,Derbyshire Constabulary,Derbyshire Constabulary,-1.559318,52.773181,On or near Grove Street,E01019877,South Derbyshire 009B,Other theft,Investigation complete; no suspect identified,
bf370622d41951f4054c5c61389724d7a6847a8f02fd4aed1700ca3b3b523553,2021-06,Derbyshire Constabulary,Derbyshire Constabulary,-1.559318,52.773181,On or near Grove Street,E01019877,South Derbyshire 009B,Public order,Investigation complete; no suspect identified,
610100942648da347770740e20873fd1460c05a0fa69b379e8c24b8636c27cf9,2021-06,Derbyshire Constabulary,Derbyshire Constabulary,-1.555964,52.772135,On or near Supermarket,E01019877,South Derbyshire 009B,Public order,Unable to prosecute suspect,
9e84f3093348bf2042a20ca71a913e07243d8bbcb62eb0ae3e6c4f2e89df4f56,2021-06,Derbyshire Constabulary,Derbyshire Constabulary,-1.555131,52.773885,On or near Supermarket,E01019877,South Derbyshire 009B,Public order,Investigation complete; no suspect identified,
a5d3f7a68efc5442bc28905a74e8bc650131c08f4db6237b2f2a1e3fa062e8a3,2021-06,Derbyshire Constabulary,Derbyshire Constabulary,-1.559235,52.771149,On or near Alexandra Road,E01019877,South Derbyshire 009B,Public order,Investigation complete; no suspect identified,
e980d56738218916e7e7b9005371cfa9cf472df87eef89dfc1a6f1adb92bc468,2021-06,Derbyshire Constabulary,Derbyshire Constabulary,-1.555964,52.772135,On or near Supermarket,E01019877,South Derbyshire 009B,Public order,Investigation complete; no suspect identified,
c93c9388d41cd609b4dee47f6f6fa0614af84e52afb612473466f58add7c2950,2021-06,Derbyshire Constabulary,Derbyshire Constabulary,-1.555964,52.772135,On or near Supermarket,E01019877,South Derbyshire 009B,Public order,Investigation complete; no suspect identified,
28c7768c0072b1b9cf6a98a3f5621a9cc589401d6776c76556f0e7ebdf176709,2021-06,Derbyshire Constabulary,Derbyshire Constabulary,-1.552689,52.772095,On or near Parking Area,E01019877,South Derbyshire 009B,Shoplifting,Investigation complete; no suspect identified,
577b3ad476e2ad48d034bed5f726be41e825667ee0935e684f0d56c0478c9b01,2021-06,Derbyshire Constabulary,Derbyshire Constabulary,-1.557097,52.772984,On or near Further/Higher Educational Building,E01019877,South Derbyshire 009B,Shoplifting,Investigation complete; no suspect identified,
939f05347ad5686a71d65034b967981a09053b737de48fe607c82f671079e353,2021-06,Derbyshire Constabulary,Derbyshire Constabulary,-1.557097,52.772984,On or near Further/Higher Educational Building,E01019877,South Derbyshire 009B,Shoplifting,Awaiting court outcome,
4829d0a40795fefcc1ea19640bba8fbbd985c128454cd0d13865a9781e9025ad,2021-06,Derbyshire Constabulary,Derbyshire Constabulary,-1.555964,52.772135,On or near Supermarket,E01019877,South Derbyshire 009B,Shoplifting,Investigation complete; no suspect identified,
bc53a1061acca99b9959d643f66144e55ae5e37e90842ecb697ab02fcf494ef4,2021-06,Derbyshire Constabulary,Derbyshire Constabulary,-1.555131,52.773885,On or near Supermarket,E01019877,South Derbyshire 009B,Shoplifting,Investigation complete; no suspect identified,
b80a757b009d7b9cafeaf32d7ea5b06bbdb09bc0cf8da7030f60640ca2a70353,2021-06,Derbyshire Constabulary,Derbyshire Constabulary,-1.557097,52.772984,On or near Further/Higher Educational Building,E01019877,South Derbyshire 009B,Shoplifting,Status update unavailable,
70200e46f685ed967d8e3cc962c803fca38bd2795817e37819f07bd27760b2e4,2021-06,Derbyshire Constabulary,Derbyshire Constabulary,-1.557866,52.771719,On or near Rink Drive,E01019877,South Derbyshire 009B,Shoplifting,Investigation complete; no suspect identified,
a1317e1c2e829a6ecfbfa462e810bafdc4620102bcd72866931f56eeae22ed47,2021-06,Derbyshire Constabulary,Derbyshire Constabulary,-1.556219,52.770446,On or near Alleyne Close,E01019877,South Derbyshire 009B,Shoplifting,Investigation complete; no suspect identified,
97d1e434e697e5695d6e6c9cf35d5e49e2747c5c7884285deafb12658dfdc022,2021-06,Derbyshire Constabulary,Derbyshire Constabulary,-1.553358,52.773321,On or near East End Drive,E01019877,South Derbyshire 009B,Vehicle crime,Investigation complete; no suspect identified,
fa16efaf97fa33371e83c7b3b4afe19a96f793927eedf3fd83d2c62833314cc5,2021-06,Derbyshire Constabulary,Derbyshire Constabulary,-1.555964,52.772135,On or near Supermarket,E01019877,South Derbyshire 009B,Violence and sexual offences,Status update unavailable,
1ee26c6fa07c47c0bcbea6cadb75a454074378972a27ec02022a4be51b58ff29,2021-06,Derbyshire Constabulary,Derbyshire Constabulary,-1.551998,52.774412,On or near Church Street,E01019877,South Derbyshire 009B,Violence and sexual offences,Unable to prosecute suspect,
7c519fe8b958c0bd25d87137f26338e33025a02a600f4492c5e099be590fe918,2021-06,Derbyshire Constabulary,Derbyshire Constabulary,-1.557423,52.775970,On or near Rowley Court,E01019877,South Derbyshire 009B,Violence and sexual offences,Unable to prosecute suspect,
1c45fd3dd108d42ab84a20aaafb457ca5453d744e5b2f4e214b8924e3ccd3660,2021-06,Derbyshire Constabulary,Derbyshire Constabulary,-1.557866,52.771719,On or near Rink Drive,E01019877,South Derbyshire 009B,Violence and sexual offences,Unable to prosecute suspect,
1f24960aa7f99f939648f7cb3685b7449bdd5cb57e802f98b8e595db698792bd,2021-06,Derbyshire Constabulary,Derbyshire Constabulary,-1.555695,52.769419,On or near Ravenwood,E01019877,South Derbyshire 009B,Violence and sexual offences,Unable to prosecute suspect,
e8f3ed28acd28664c5bf3f0200e84be6dfea33e81a5685695189e61196b8d0c9,2021-06,Derbyshire Constabulary,Derbyshire Constabulary,-1.555964,52.772135,On or near Supermarket,E01019877,South Derbyshire 009B,Violence and sexual offences,Status update unavailable,
019a87d619ec2b745b31af0c1dfbcad990b96247eb8d5945e66546033235b980,2021-06,Derbyshire Constabulary,Derbyshire Constabulary,-1.554480,52.775195,On or near Belmont Street,E01019877,South Derbyshire 009B,Violence and sexual offences,Unable to prosecute suspect,
a31d6f00e4ad758c08fc7f87481159da7fc54c3bb876a584f8b0a1fff707957e,2021-06,Derbyshire Constabulary,Derbyshire Constabulary,-1.553358,52.773321,On or near East End Drive,E01019877,South Derbyshire 009B,Violence and sexual offences,Unable to prosecute suspect,
cdd2d269b8ac8e00ccec36bc3a9cc1c302a05be8d0da09cfa4ea8129b7b16cdf,2021-06,Derbyshire Constabulary,Derbyshire Constabulary,-1.560569,52.772628,On or near West Street,E01019877,South Derbyshire 009B,Violence and sexual offences,Unable to prosecute suspect,
ec71923c29fe9ddf62e2f4d5de75fe1358d8ff1a96fc538aaed6a95c49d94df6,2021-06,Derbyshire Constabulary,Derbyshire Constabulary,-1.559198,52.769009,On or near Hastings Road,E01019877,South Derbyshire 009B,Violence and sexual offences,Unable to prosecute suspect,
988aaf365b977003c61d58ac536062895a25de3937df6e78521b3ca2dd3f0f58,2021-06,Derbyshire Constabulary,Derbyshire Constabulary,-1.559198,52.769009,On or near Hastings Road,E01019877,South Derbyshire 009B,Violence and sexual offences,Unable to prosecute suspect,
e463cb4229e5de3353ddd9adb474145202aaf42e6976ebaa83fa272debb51613,2021-06,Derbyshire Constabulary,Derbyshire Constabulary,-1.557010,52.777164,On or near Petrol Station,E01019877,South Derbyshire 009B,Violence and sexual offences,Unable to prosecute suspect,
e66b105403500f23a12e9977cfea1be1da0776a6e711149fc97f938a12abbc7b,2021-06,Derbyshire Constabulary,Derbyshire Constabulary,-1.550394,52.774757,On or near Hall Farm Road,E01019877,South Derbyshire 009B,Violence and sexual offences,Investigation complete; no suspect identified,
425ccac81e8ab1d95bfd36382142000502e75c56bb629960beecc42a99d9f8ca,2021-06,Derbyshire Constabulary,Derbyshire Constabulary,-1.557434,52.769021,On or near Hastings Road,E01019877,South Derbyshire 009B,Violence and sexual offences,Status update unavailable,
9f8d6bfbb5182503f2ff33fd920eb5f7f2186cd496b8f37b8a5632040699d08e,2021-06,Derbyshire Constabulary,Derbyshire Constabulary,-1.552776,52.775143,On or near Stanley Street,E01019877,South Derbyshire 009B,Violence and sexual offences,Unable to prosecute suspect,
d409d439e664f69b6254516927f72f8fee0f3a31b53d32be78c1208b02e3d718,2021-06,Derbyshire Constabulary,Derbyshire Constabulary,-1.552776,52.775143,On or near Stanley Street,E01019877,South Derbyshire 009B,Violence and sexual offences,Unable to prosecute suspect,
5cc9b38ca5371667a43837e5f5c3a4c0373ee80c03966b2d2bec3c5e1051a99b,2021-06,Derbyshire Constabulary,Derbyshire Constabulary,-1.553358,52.773321,On or near East End Drive,E01019877,South Derbyshire 009B,Other crime,Unable to prosecute suspect,
,2021-06,Derbyshire Constabulary,Derbyshire Constabulary,-1.563522,52.767848,On or near Cleveland Close,E01019878,South Derbyshire 009C,Anti-social behaviour,,
,2021-06,Derbyshire Constabulary,Derbyshire Constabulary,-1.566771,52.767509,On or near Ladybower Close,E01019878,South Derbyshire 009C,Anti-social behaviour,,
,2021-06,Derbyshire Constabulary,Derbyshire Constabulary,-1.565291,52.768780,On or near Pennine Way,E01019878,South Derbyshire 009C,Anti-social behaviour,,
69b9efbc9efd60c5f24bdb247e790462927185580177fd83146cd839856c41eb,2021-06,Derbyshire Constabulary,Derbyshire Constabulary,-1.563522,52.767848,On or near Cleveland Close,E01019878,South Derbyshire 009C,Criminal damage and arson,Awaiting court outcome,
2d11aab88e88aab6d0282829cbd6ebeb9d42977895f6affe3da26d60557d5f94,2021-06,Derbyshire Constabulary,Derbyshire Constabulary,-1.562421,52.769759,On or near Glebe Street,E01019878,South Derbyshire 009C,Criminal damage and arson,Awaiting court outcome,
40b7b9a8d28ff714be24acbad6a28677be960b2ec66f8bea91894fe4e6b67a33,2021-06,Derbyshire Constabulary,Derbyshire Constabulary,-1.563522,52.767848,On or near Cleveland Close,E01019878,South Derbyshire 009C,Criminal damage and arson,Investigation complete; no suspect identified,
d26ea20c74b77f849551e340217d5be4dbdce00b51bac11564bcbb16fa340b49,2021-06,Derbyshire Constabulary,Derbyshire Constabulary,-1.563522,52.767848,On or near Cleveland Close,E01019878,South Derbyshire 009C,Drugs,Unable to prosecute suspect,
1c401cc0e88321acf75ef510e1ed183457b29b713f41d70b38dd7ce018bb8f08,2021-06,Derbyshire Constabulary,Derbyshire Constabulary,-1.559276,52.768596,On or near Church Avenue,E01019878,South Derbyshire 009C,Vehicle crime,Investigation complete; no suspect identified,
5735c4c2c3bdc19162c22e95b4047c43bbe8345f873cf14095cc67fb622cdcc3,2021-06,Derbyshire Constabulary,Derbyshire Constabulary,-1.566564,52.770439,On or near Brook Street,E01019878,South Derbyshire 009C,Vehicle crime,Investigation complete; no suspect identified,
823316f58fb2ab4ac3b7e0ac8e2dde804cccbb1021e00b25e7662b76cfe9c207,2021-06,Derbyshire Constabulary,Derbyshire Constabulary,-1.560634,52.770633,On or near Stanhope Road,E01019878,South Derbyshire 009C,Violence and sexual offences,Unable to prosecute suspect,
249dabf10ef4a6be849aa9ce3d80d7ebe3ec2be05b3c2a36784299bf062341c3,2021-06,Derbyshire Constabulary,Derbyshire Constabulary,-1.565291,52.768780,On or near Pennine Way,E01019878,South Derbyshire 009C,Violence and sexual offences,Unable to prosecute suspect,
e2e8c2282dd4dbef98a046a37409fbfa4c04e4d97a679be2ced4265cf8799abe,2021-06,Derbyshire Constabulary,Derbyshire Constabulary,-1.560634,52.770633,On or near Stanhope Road,E01019878,South Derbyshire 009C,Violence and sexual offences,Unable to prosecute suspect,
347381b986ba0f66f8e7968dd1b03c539adb4f54f2311c98e125bc0ae8af2440,2021-06,Derbyshire Constabulary,Derbyshire Constabulary,-1.563522,52.767848,On or near Cleveland Close,E01019878,South Derbyshire 009C,Violence and sexual offences,Unable to prosecute suspect,
a9331d3a7313b4e31c14ca9cadfa815f2f3fe9de37f556731069264e80890a24,2021-06,Derbyshire Constabulary,Derbyshire Constabulary,-1.567865,52.767828,On or near Walton Close,E01019878,South Derbyshire 009C,Violence and sexual offences,Unable to prosecute suspect,
38f3965a85c4fc32cb209f25b308f29551014efe3316f14e4c0000998fc4509f,2021-06,Derbyshire Constabulary,Derbyshire Constabulary,-1.560634,52.770633,On or near Stanhope Road,E01019878,South Derbyshire 009C,Violence and sexual offences,Unable to prosecute suspect,
a81c4108f2a954d367e4aec44d770cf5eaf197e003bc7424e67eb722468902b6,2021-06,Derbyshire Constabulary,Derbyshire Constabulary,-1.567865,52.767828,On or near Walton Close,E01019878,South Derbyshire 009C,Violence and sexual offences,Unable to prosecute suspect,
,2021-06,Derbyshire Constabulary,Derbyshire Constabulary,-1.566631,52.774170,On or near William Nadin Way,E01019879,South Derbyshire 009D,Anti-social behaviour,,
,2021-06,Derbyshire Constabulary,Derbyshire Constabulary,-1.571326,52.770088,On or near Hearthcote Road,E01019879,South Derbyshire 009D,Anti-social behaviour,,
14167e6ecb709f99f34e76282b82e5869693ef72cf5777143d670a7f8e9cb071,2021-06,Derbyshire Constabulary,Derbyshire Constabulary,-1.571326,52.770088,On or near Hearthcote Road,E01019879,South Derbyshire 009D,Criminal damage and arson,Investigation complete; no suspect identified,
1101c93324748bfe8af189b9a69a5018cca46f5649c0e90a779ed5acd1930c9b,2021-06,Derbyshire Constabulary,Derbyshire Constabulary,-1.565798,52.771452,On or near Lansdowne Road,E01019879,South Derbyshire 009D,Drugs,Offender given a drugs possession warning,
948fa2bb788bc9cf7acfab07634d48e95232c68f820850a5133be41b038a6ed1,2021-06,Derbyshire Constabulary,Derbyshire Constabulary,-1.563809,52.771795,On or near Wilmot Road,E01019879,South Derbyshire 009D,Other theft,Investigation complete; no suspect identified,
d8c02831eac36c088c7d2a183e9842de4189c2d9450e65b27b84ab75c2f420cd,2021-06,Derbyshire Constabulary,Derbyshire Constabulary,-1.571326,52.770088,On or near Hearthcote Road,E01019879,South Derbyshire 009D,Public order,Unable to prosecute suspect,
56834afcd3f1cd76a69ea2b47ebed85872e0fdcfffbed76b829b008816a7f38b,2021-06,Derbyshire Constabulary,Derbyshire Constabulary,-1.566631,52.774170,On or near William Nadin Way,E01019879,South Derbyshire 009D,Shoplifting,Investigation complete; no suspect identified,
4d621d59988d247d6c15f85e05211c9a932e944ea6cd6c0107437e2af1fb8356,2021-06,Derbyshire Constabulary,Derbyshire Constabulary,-1.594628,52.750680,On or near Hillside Road,E01019850,South Derbyshire 011A,Criminal damage and arson,Unable to prosecute suspect,
c616e555d73a2187e5ce8a92ccbe872a3e16ec0d0346f2edbf15a784333ec60e,2021-06,Derbyshire Constabulary,Derbyshire Constabulary,-1.591010,52.746272,On or near Main Street,E01019850,South Derbyshire 011A,Public order,Unable to prosecute suspect,
7821061f25a7b7f87e528b2bb6f67d2e7573d5b31451e5ec17c77a2017d4f65d,2021-06,Derbyshire Constabulary,Derbyshire Constabulary,-1.591010,52.746272,On or near Main Street,E01019850,South Derbyshire 011A,Vehicle crime,Investigation complete; no suspect identified,
7be856d7c4f54ade84add618ef69b839f6056fbe17dfef5e4a880c8aa43b0438,2021-06,Derbyshire Constabulary,Derbyshire Constabulary,-1.639164,52.746922,On or near Yew Tree Road,E01019850,South Derbyshire 011A,Vehicle crime,Investigation complete; no suspect identified,
42c7720a4928b0fda34c7368e6ea4d4bd8e50c00f1448c449918a8a812ac2fde,2021-06,Derbyshire Constabulary,Derbyshire Constabulary,-1.659931,52.770015,On or near Sports/Recreation Area,E01019850,South Derbyshire 011A,Vehicle crime,Investigation complete; no suspect identified,
6b94ba3ad86981ad934f74d039a05aacae7b282826a5ab820094a36770f83d3b,2021-06,Derbyshire Constabulary,Derbyshire Constabulary,-1.594628,52.750680,On or near Hillside Road,E01019850,South Derbyshire 011A,Violence and sexual offences,Unable to prosecute suspect,
,2021-06,Derbyshire Constabulary,Derbyshire Constabulary,-1.584952,52.752436,On or near Arthur Street,E01019851,South Derbyshire 011B,Anti-social behaviour,,
,2021-06,Derbyshire Constabulary,Derbyshire Constabulary,-1.580352,52.745399,On or near Linton Heath,E01019851,South Derbyshire 011B,Anti-social behaviour,,
,2021-06,Derbyshire Constabulary,Derbyshire Constabulary,-1.580352,52.745399,On or near Linton Heath,E01019851,South Derbyshire 011B,Anti-social behaviour,,
,2021-06,Derbyshire Constabulary,Derbyshire Constabulary,-1.587407,52.743419,On or near Weathern Field,E01019851,South Derbyshire 011B,Anti-social behaviour,,
,2021-06,Derbyshire Constabulary,Derbyshire Constabulary,-1.595245,52.746412,On or near Cedar Grove,E01019851,South Derbyshire 011B,Anti-social behaviour,,
72d91007d0cfa74e8303ffbaa8ce2bd974167f3a069a5404b0336eb123c4e67f,2021-06,Derbyshire Constabulary,Derbyshire Constabulary,-1.595575,52.745991,On or near Duchess Close,E01019851,South Derbyshire 011B,Burglary,Investigation complete; no suspect identified,
dd0c8f8064b74ba5dc21d8a85a9c1144ad2f7ae3054410a8145799a761c6d583,2021-06,Derbyshire Constabulary,Derbyshire Constabulary,-1.587407,52.743419,On or near Weathern Field,E01019851,South Derbyshire 011B,Criminal damage and arson,Unable to prosecute suspect,
b61e79da33be683ab6851c37d3625f5f805a857ba6fd5ba9b3cc2a34c82b173e,2021-06,Derbyshire Constabulary,Derbyshire Constabulary,-1.587407,52.743419,On or near Weathern Field,E01019851,South Derbyshire 011B,Criminal damage and arson,Unable to prosecute suspect,
58668026c25f8224684e32335431e52dbc99ea84b99906705b02ca96b8e7197a,2021-06,Derbyshire Constabulary,Derbyshire Constabulary,-1.587407,52.743419,On or near Weathern Field,E01019851,South Derbyshire 011B,Violence and sexual offences,Unable to prosecute suspect,
2981bebd645a1f84eaebef1a241dfd1e5e7900d1034e8c24b0861898b5abc568,2021-06,Derbyshire Constabulary,Derbyshire Constabulary,-1.573278,52.746236,On or near Burton Road,E01019851,South Derbyshire 011B,Violence and sexual offences,Investigation complete; no suspect identified,
fa16efaf97fa33371e83c7b3b4afe19a96f793927eedf3fd83d2c62833314cc5,2021-06,Derbyshire Constabulary,Derbyshire Constabulary,-1.584952,52.752436,On or near Arthur Street,E01019851,South Derbyshire 011B,Violence and sexual offences,Status update unavailable,
125a77cc065ccc63975907743e67cfb482175522d38cae5b7051b310de4f14de,2021-06,Derbyshire Constabulary,Derbyshire Constabulary,-1.587407,52.743419,On or near Weathern Field,E01019851,South Derbyshire 011B,Violence and sexual offences,Unable to prosecute suspect,
3a8f5313f24ee4cf73d939187c9abac36571f2fdcbe6ce06440da61d90a4650f,2021-06,Derbyshire Constabulary,Derbyshire Constabulary,-1.575177,52.745991,On or near Sports/Recreation Area,E01019851,South Derbyshire 011B,Violence and sexual offences,Unable to prosecute suspect,
,2021-06,Derbyshire Constabulary,Derbyshire Constabulary,-1.583305,52.754264,On or near Linton Road,E01019852,South Derbyshire 011C,Anti-social behaviour,,
,2021-06,Derbyshire Constabulary,Derbyshire Constabulary,-1.586732,52.761611,On or near Swadlincote Lane,E01019852,South Derbyshire 011C,Anti-social behaviour,,
a69d2a73411022d70840b979494e0d4366dd59810ea6354420dd2e0d47d9d6af,2021-06,Derbyshire Constabulary,Derbyshire Constabulary,-1.588280,52.757724,On or near Mount Road,E01019852,South Derbyshire 011C,Criminal damage and arson,Investigation complete; no suspect identified,
821964126b12335e5ea8aef541eab10c609106c154f00804d35e43e5c8dc6f2f,2021-06,Derbyshire Constabulary,Derbyshire Constabulary,-1.601532,52.757167,On or near Coton Park,E01019852,South Derbyshire 011C,Violence and sexual offences,Status update unavailable,
d49da42916417d9e1a22ed0afb2dbffffa518f8c5246042f26e254dc937c2e26,2021-06,Derbyshire Constabulary,Derbyshire Constabulary,-1.582137,52.753954,On or near Arnold Close,E01019852,South Derbyshire 011C,Violence and sexual offences,Unable to prosecute suspect,
47d04c4c53248a2bad78c143fa213d2798f18a251f46d7208b5103b87d45af2f,2021-06,Derbyshire Constabulary,Derbyshire Constabulary,-1.582440,52.753218,On or near Bass'S Crescent,E01019852,South Derbyshire 011C,Violence and sexual offences,Unable to prosecute suspect,
615a0801cacc2073cfee82d3c1b833a6db2c50cd4b61445ee1b373eaf8d6a180,2021-06,Derbyshire Constabulary,Derbyshire Constabulary,-1.582137,52.753954,On or near Arnold Close,E01019852,South Derbyshire 011C,Violence and sexual offences,Unable to prosecute suspect,
a071aabd46ec924ff040bd865711a0fd2ed493a02d86e7de430356de3d5f6714,2021-06,Derbyshire Constabulary,Derbyshire Constabulary,-1.582440,52.753218,On or near Bass'S Crescent,E01019852,South Derbyshire 011C,Violence and sexual offences,Status update unavailable,
07049abd9c87e9779b12b4635e434fe2fdbafef2ea0a6509e473ab0636214006,2021-06,Derbyshire Constabulary,Derbyshire Constabulary,-1.580993,52.755856,On or near Bridge Street,E01019852,South Derbyshire 011C,Violence and sexual offences,Unable to prosecute suspect,
2d65289a682aafa1a71483292c9459a60d0223371ee79b03dc620972b3ce6890,2021-06,Derbyshire Constabulary,Derbyshire Constabulary,-1.580460,52.755746,On or near Cross Street,E01019852,South Derbyshire 011C,Violence and sexual offences,Unable to prosecute suspect,
38de9724ad3ce85d2a2a96721c862b9dabdc79353a3be505421373bcbbcc9d60,2021-06,Derbyshire Constabulary,Derbyshire Constabulary,-1.587950,52.759719,On or near Home Farm Court,E01019852,South Derbyshire 011C,Violence and sexual offences,Unable to prosecute suspect,
b21219cd22be591e9cd2e559f3ae78682891d28c38f5eb3a8f635f7a1de3a752,2021-06,Derbyshire Constabulary,Derbyshire Constabulary,-1.601532,52.757167,On or near Coton Park,E01019852,South Derbyshire 011C,Violence and sexual offences,Further investigation is not in the public interest,
0a8d4364047a1590148ef14ed24d1b08fcd4ef266d2bb0dc8b9b70867fb32d33,2021-06,Derbyshire Constabulary,Derbyshire Constabulary,-1.601532,52.757167,On or near Coton Park,E01019852,South Derbyshire 011C,Violence and sexual offences,Status update unavailable,
ae3c86db6a87dbed0682d10d9ac6293fe5e9f99633bd2065babe32833322e6e2,2021-06,Derbyshire Constabulary,Derbyshire Constabulary,-1.582137,52.753954,On or near Arnold Close,E01019852,South Derbyshire 011C,Violence and sexual offences,Unable to prosecute suspect,
c898de233fd580418cdc32c7a76244c574f81e7969b29cff96f26fc3f7f95234,2021-06,Derbyshire Constabulary,Derbyshire Constabulary,-1.575169,52.749821,On or near Fields Lane,E01019852,South Derbyshire 011C,Violence and sexual offences,Local resolution,
bbcc45e567cbdecd973eb27aa4a5678f51a7f36340e5256dbbbed0043d1d01bc,2021-06,Derbyshire Constabulary,Derbyshire Constabulary,-1.601532,52.757167,On or near Coton Park,E01019852,South Derbyshire 011C,Violence and sexual offences,Status update unavailable,
,2021-06,Derbyshire Constabulary,Derbyshire Constabulary,-1.578677,52.716392,On or near Hawthorn Avenue,E01019870,South Derbyshire 011D,Anti-social behaviour,,
ebf14936f7118ea324da0beca8562ac49170e5d768d0aa6790b96c3abff17de1,2021-06,Derbyshire Constabulary,Derbyshire Constabulary,-1.565808,52.733237,On or near Valley Road,E01019870,South Derbyshire 011D,Criminal damage and arson,Investigation complete; no suspect identified,
6d903333a72753653d84431a760cfa3a746565454894d83c97a7851eff7f92f4,2021-06,Derbyshire Constabulary,Derbyshire Constabulary,-1.578092,52.715590,On or near Croft Close,E01019870,South Derbyshire 011D,Other theft,Unable to prosecute suspect,
662671f54065a78c9613edfccbe13d9aeac674748b27e9e626191f594bf85d2e,2021-06,Derbyshire Constabulary,Derbyshire Constabulary,-1.578677,52.716392,On or near Hawthorn Avenue,E01019870,South Derbyshire 011D,Other theft,Unable to prosecute suspect,
7177303093f4d6d25671c5af382ebb52cde92d0c34ff6b0e6bde193b4d21639f,2021-06,Derbyshire Constabulary,Derbyshire Constabulary,-1.580269,52.717036,On or near Sports/Recreation Area,E01019870,South Derbyshire 011D,Vehicle crime,Investigation complete; no suspect identified,
b0f97921f139e9d00508da866535e4cf1e98cc894b07719aec233c45faf7569c,2021-06,Derbyshire Constabulary,Derbyshire Constabulary,-1.567626,52.733603,On or near Clifton Close,E01019870,South Derbyshire 011D,Violence and sexual offences,Unable to prosecute suspect,
f922665a02f460b4cbadf432e5403c221115614e22ec081fca3a4ebb52d38a32,2021-06,Derbyshire Constabulary,Derbyshire Constabulary,-1.567626,52.733603,On or near Clifton Close,E01019870,South Derbyshire 011D,Violence and sexual offences,Unable to prosecute suspect,
346d2fc8e1d4c76f1424417876e4050144762a68d119ab3927bf862656452020,2021-06,Derbyshire Constabulary,Derbyshire Constabulary,-1.572197,52.732550,On or near Lullington Road,E01019870,South Derbyshire 011D,Violence and sexual offences,Unable to prosecute suspect,
b33574eb291b5287de4a93c70157a78d84ed993aba9539e7bca07892bc6fb2c8,2021-06,Derbyshire Constabulary,Derbyshire Constabulary,-1.565808,52.733237,On or near Valley Road,E01019870,South Derbyshire 011D,Violence and sexual offences,Unable to prosecute suspect,
0e81f86f86bab1dbd3807f52ddab2816635c55d2acc7ae9db1e9bb509e0ac349,2021-06,Derbyshire Constabulary,Derbyshire Constabulary,-1.567626,52.733603,On or near Clifton Close,E01019870,South Derbyshire 011D,Violence and sexual offences,Status update unavailable,
ad37949827d464311bcecfa36f983e90a5e0037cac9419091a7d900bab75ccd9,2021-06,Derbyshire Constabulary,Derbyshire Constabulary,-1.567626,52.733603,On or near Clifton Close,E01019870,South Derbyshire 011D,Violence and sexual offences,Unable to prosecute suspect,
b7501efe1a42a7141525696383551cea250778778e55b29f315a25831c495518,2021-06,Derbyshire Constabulary,Derbyshire Constabulary,-1.580269,52.717036,On or near Sports/Recreation Area,E01019870,South Derbyshire 011D,Violence and sexual offences,Unable to prosecute suspect,
d1c2a825491564cdf4d8c46fc278e8c0d85f159251624279ac08dace4f0caf6f,2021-06,Derbyshire Constabulary,Derbyshire Constabulary,-1.567626,52.733603,On or near Clifton Close,E01019870,South Derbyshire 011D,Other crime,Status update unavailable,
,2021-06,Derbyshire Constabulary,Derbyshire Constabulary,-1.676236,52.759956,On or near Harbin Road,E01019871,South Derbyshire 011E,Anti-social behaviour,,
,2021-06,Derbyshire Constabulary,Derbyshire Constabulary,-1.680163,52.759904,On or near Parking Area,E01019871,South Derbyshire 011E,Anti-social behaviour,,
,2021-06,Derbyshire Constabulary,Derbyshire Constabulary,-1.683198,52.760326,On or near Riverside,E01019871,South Derbyshire 011E,Anti-social behaviour,,
a878d60893041dec624f822adbc867ce6417ab1a945ba59e31fd156caff5d082,2021-06,Derbyshire Constabulary,Derbyshire Constabulary,-1.676960,52.760255,On or near The Ropewalk,E01019871,South Derbyshire 011E,Criminal damage and arson,Offender given a caution,
dffba7215e4192e3ce4bfe0bf72ad3c4310b5d3847c5a870954c2e2a29bce0bb,2021-06,Derbyshire Constabulary,Derbyshire Constabulary,-1.676725,52.757998,On or near Standing Butts Close,E01019871,South Derbyshire 011E,Violence and sexual offences,Further investigation is not in the public interest,
,2021-06,Derbyshire Constabulary,Derbyshire Constabulary,-1.565301,52.737991,On or near Coronation Street,E01019872,South Derbyshire 011F,Anti-social behaviour,,
,2021-06,Derbyshire Constabulary,Derbyshire Constabulary,-1.565301,52.737991,On or near Coronation Street,E01019872,South Derbyshire 011F,Anti-social behaviour,,
,2021-06,Derbyshire Constabulary,Derbyshire Constabulary,-1.561949,52.735533,On or near Daisy Lane,E01019872,South Derbyshire 011F,Anti-social behaviour,,
,2021-06,Derbyshire Constabulary,Derbyshire Constabulary,-1.563347,52.739386,On or near Alexandra Road,E01019872,South Derbyshire 011F,Anti-social behaviour,,
050371aa3f47a8bc60c09d3a69cc64a552d3f1da95dfbe454e93d869306a791e,2021-06,Derbyshire Constabulary,Derbyshire Constabulary,-1.571747,52.742284,On or near Burton Road,E01019872,South Derbyshire 011F,Burglary,Investigation complete; no suspect identified,
cd34c4a860f000396355fd62d5a872898e7ca8490e76fb999b8b9449ecf707e5,2021-06,Derbyshire Constabulary,Derbyshire Constabulary,-1.563643,52.733490,On or near Ashley Close,E01019872,South Derbyshire 011F,Drugs,Unable to prosecute suspect,
c7ee46df65101d65e81f58760aafc2c704530d394edb64facd844411b64b2e95,2021-06,Derbyshire Constabulary,Derbyshire Constabulary,-1.556659,52.737285,On or near Sports/Recreation Area,E01019872,South Derbyshire 011F,Vehicle crime,Investigation complete; no suspect identified,
cf03994ae4d4f1a47a04ef7ca0d72912fc6f7433617e627c7287cbb6119160e9,2021-06,Derbyshire Constabulary,Derbyshire Constabulary,-1.561954,52.737961,On or near Forest View,E01019872,South Derbyshire 011F,Violence and sexual offences,Formal action is not in the public interest,
7023f2169866a802932573f7bc424607a4f072d6d7a6e7d594e3e4d2797c92e2,2021-06,Derbyshire Constabulary,Derbyshire Constabulary,-1.565053,52.739168,On or near Edward Street,E01019872,South Derbyshire 011F,Violence and sexual offences,Unable to prosecute suspect,
582805806f2ece2422b9fe95df13e72f41346858fab5d7fa940c34d4da7ea40c,2021-06,Derbyshire Constabulary,Derbyshire Constabulary,-1.557368,52.734509,On or near Moira Road,E01019872,South Derbyshire 011F,Violence and sexual offences,Status update unavailable,
86fa1f7799e531b7758a8e54238bad1dd032ddeaf40f2adbde6ca70e65d1fa8c,2021-06,Derbyshire Constabulary,Derbyshire Constabulary,-1.565053,52.739168,On or near Edward Street,E01019872,South Derbyshire 011F,Violence and sexual offences,Unable to prosecute suspect,
cbdf94ad89c51fc28ad5e7584c917f61bddc8def5a6c598330babf618a984566,2021-06,Derbyshire Constabulary,Derbyshire Constabulary,-1.557368,52.734509,On or near Moira Road,E01019872,South Derbyshire 011F,Violence and sexual offences,Status update unavailable,
2e01a5e1dfd32009f281769eaa1b2b7040caed224895b1de7a27d31345f371ef,2021-06,Derbyshire Constabulary,Derbyshire Constabulary,-1.565301,52.737991,On or near Coronation Street,E01019872,South Derbyshire 011F,Violence and sexual offences,Unable to prosecute suspect,
ce628ea53cc31aae3b7bf3bc24a900e200304c849f3f3b959d3f33fb1e8b0305,2021-06,Derbyshire Constabulary,Derbyshire Constabulary,-1.565053,52.739168,On or near Edward Street,E01019872,South Derbyshire 011F,Violence and sexual offences,Unable to prosecute suspect,
fece2588435642a5ab8c9041cbe7bf521d7419363a234707fc515ec42976aaa0,2021-06,Derbyshire Constabulary,Derbyshire Constabulary,-1.559654,52.738393,On or near Stanleigh Road,E01019872,South Derbyshire 011F,Violence and sexual offences,Unable to prosecute suspect,
03e03785dccf3fd8d703f0f234cefc2c2fc429e09336e022cdb2cba7b0517094,2021-06,Derbyshire Constabulary,Derbyshire Constabulary,-1.559654,52.738393,On or near Stanleigh Road,E01019872,South Derbyshire 011F,Violence and sexual offences,Unable to prosecute suspect,
ffabfe320671edcfbf15fc4821ee077543df45f0ac15446991b5b0898ac59d2b,2021-06,Derbyshire Constabulary,Derbyshire Constabulary,-1.561949,52.735533,On or near Daisy Lane,E01019872,South Derbyshire 011F,Violence and sexual offences,Unable to prosecute suspect,
b2dd67a2d5ee9178f96c341911862143d71c1081182ad3d1c36119e953c63a2b,2021-06,Derbyshire Constabulary,Derbyshire Constabulary,-1.563257,52.732149,On or near Squirrel Walk,E01019872,South Derbyshire 011F,Other crime,Awaiting court outcome,
,2021-06,Derbyshire Constabulary,Derbyshire Constabulary,-1.554081,52.764990,On or near Bridge Close,E01019837,South Derbyshire 012A,Anti-social behaviour,,
,2021-06,Derbyshire Constabulary,Derbyshire Constabulary,-1.562585,52.762244,On or near Moat Street,E01019837,South Derbyshire 012A,Anti-social behaviour,,
,2021-06,Derbyshire Constabulary,Derbyshire Constabulary,-1.554081,52.764990,On or near Bridge Close,E01019837,South Derbyshire 012A,Anti-social behaviour,,
,2021-06,Derbyshire Constabulary,Derbyshire Constabulary,-1.560789,52.766966,On or near Wood Street,E01019837,South Derbyshire 012A,Anti-social behaviour,,
,2021-06,Derbyshire Constabulary,Derbyshire Constabulary,-1.563786,52.760738,On or near Church Street,E01019837,South Derbyshire 012A,Anti-social behaviour,,
,2021-06,Derbyshire Constabulary,Derbyshire Constabulary,-1.559677,52.765604,On or near York Road,E01019837,South Derbyshire 012A,Anti-social behaviour,,
8b49a19b5276935de605a3cd94a8b0344b12004dacfba228a482953c6d628f63,2021-06,Derbyshire Constabulary,Derbyshire Constabulary,-1.554081,52.764990,On or near Bridge Close,E01019837,South Derbyshire 012A,Criminal damage and arson,Awaiting court outcome,
9727dfa8d1b143625951104975030773f3f61c63edcbed604f1cbbc1b7c19677,2021-06,Derbyshire Constabulary,Derbyshire Constabulary,-1.555502,52.768025,On or near Rosecroft Gardens,E01019837,South Derbyshire 012A,Criminal damage and arson,Investigation complete; no suspect identified,
054c65c634413e3d9c8e7c7a6b2c868499fe3e7b994349fb695342d707a85f4b,2021-06,Derbyshire Constabulary,Derbyshire Constabulary,-1.559635,52.766764,On or near New Street,E01019837,South Derbyshire 012A,Other theft,Unable to prosecute suspect,
d0052de6ec820fa9840fb4ac76b77880ebc112ac6d1ad12181f059f14772ab3c,2021-06,Derbyshire Constabulary,Derbyshire Constabulary,-1.561082,52.764351,On or near Chester Gardens,E01019837,South Derbyshire 012A,Public order,Investigation complete; no suspect identified,
fbbde485e97e5d9a6da29ad2e1f74221375d985a35eb95023418e34653b06321,2021-06,Derbyshire Constabulary,Derbyshire Constabulary,-1.559818,52.761865,On or near Bob Southern Grove,E01019837,South Derbyshire 012A,Shoplifting,Unable to prosecute suspect,
281868d6828fe8fd39ae44a9021e559f945efcc7ff0a183fb5d83989d4ee6c80,2021-06,Derbyshire Constabulary,Derbyshire Constabulary,-1.558971,52.762051,On or near Mickleton Close,E01019837,South Derbyshire 012A,Shoplifting,Investigation complete; no suspect identified,
028f4b561087da617878d0057dafd4a45060ae69d7c57bf8cb7295fea2a5b448,2021-06,Derbyshire Constabulary,Derbyshire Constabulary,-1.558971,52.762051,On or near Mickleton Close,E01019837,South Derbyshire 012A,Shoplifting,Investigation complete; no suspect identified,
0e893ef8ed345215017a80c9338ce3fdd20b22318f48d37da3bc1c86f9467557,2021-06,Derbyshire Constabulary,Derbyshire Constabulary,-1.558971,52.762051,On or near Mickleton Close,E01019837,South Derbyshire 012A,Shoplifting,Investigation complete; no suspect identified,
3456fc029a88de23ee442beb020c219bfe9120a99af1f219a4179037d0ca8e7d,2021-06,Derbyshire Constabulary,Derbyshire Constabulary,-1.561082,52.764351,On or near Chester Gardens,E01019837,South Derbyshire 012A,Violence and sexual offences,Unable to prosecute suspect,
9e1d3ad524bcc061d91372a05f284cee566f90f3d63dcfaf7016c01703bd0435,2021-06,Derbyshire Constabulary,Derbyshire Constabulary,-1.554081,52.764990,On or near Bridge Close,E01019837,South Derbyshire 012A,Violence and sexual offences,Unable to prosecute suspect,
3020e57c64b87e65a707885694e600506be26722d1e11b09c0d2796f3fc676cc,2021-06,Derbyshire Constabulary,Derbyshire Constabulary,-1.561082,52.764351,On or near Chester Gardens,E01019837,South Derbyshire 012A,Violence and sexual offences,Unable to prosecute suspect,
f65514d4240a4540ca9d007499917227e4464ab219d463b7e93a0133fab6dab0,2021-06,Derbyshire Constabulary,Derbyshire Constabulary,-1.563786,52.760738,On or near Church Street,E01019837,South Derbyshire 012A,Violence and sexual offences,Status update unavailable,
a5aa28e0dcf90fb9012b0fb14e4056ffcbc70e2a613dac0330c61d6bd8878445,2021-06,Derbyshire Constabulary,Derbyshire Constabulary,-1.561082,52.764351,On or near Chester Gardens,E01019837,South Derbyshire 012A,Violence and sexual offences,Unable to prosecute suspect,
a4c790ba36c063987cf875d3e6187e3c7a13c5f400d70a68db45915ff6be336e,2021-06,Derbyshire Constabulary,Derbyshire Constabulary,-1.563786,52.760738,On or near Church Street,E01019837,South Derbyshire 012A,Violence and sexual offences,Awaiting court outcome,
d582496ce0d8a6156cc7b44935658e6a0365c6d0f69775b071a5f12edef2344e,2021-06,Derbyshire Constabulary,Derbyshire Constabulary,-1.563786,52.760738,On or near Church Street,E01019837,South Derbyshire 012A,Violence and sexual offences,Unable to prosecute suspect,
980fc18cb68ed2467163f9949551e7e65ba998ec79667259c85a0f75ca75b0cd,2021-06,Derbyshire Constabulary,Derbyshire Constabulary,-1.559677,52.765604,On or near York Road,E01019837,South Derbyshire 012A,Violence and sexual offences,Status update unavailable,
ae81c95c6baf24266d15514d3845274a2a489616b41359f53b3d4076d9a2627f,2021-06,Derbyshire Constabulary,Derbyshire Constabulary,-1.554081,52.764990,On or near Bridge Close,E01019837,South Derbyshire 012A,Violence and sexual offences,Unable to prosecute suspect,
f4c6047ae2d47fd0ab7b22bf4faac37bcf9353e6ca05b541d001a02046eb60e4,2021-06,Derbyshire Constabulary,Derbyshire Constabulary,-1.561082,52.764351,On or near Chester Gardens,E01019837,South Derbyshire 012A,Violence and sexual offences,Unable to prosecute suspect,
d95ad3671de05de6dea53917dad53ad4e95a0321a3ba2902a40a726ec2010f95,2021-06,Derbyshire Constabulary,Derbyshire Constabulary,-1.563786,52.760738,On or near Church Street,E01019837,South Derbyshire 012A,Violence and sexual offences,Awaiting court outcome,
16324503989ea2ad583e69c29d3529461e05d52c74cc0f8a9ff81f92aafbb2ce,2021-06,Derbyshire Constabulary,Derbyshire Constabulary,-1.554081,52.764990,On or near Bridge Close,E01019837,South Derbyshire 012A,Violence and sexual offences,Investigation complete; no suspect identified,
0202c4bd28f527bca3910cccb6e7a84420374960d1421c573bef2fe08f824d0e,2021-06,Derbyshire Constabulary,Derbyshire Constabulary,-1.561082,52.764351,On or near Chester Gardens,E01019837,South Derbyshire 012A,Violence and sexual offences,Unable to prosecute suspect,
ae73e725b587630d0b58b9d126d5663dde4abd085c1931d2b2b357a64c5dd982,2021-06,Derbyshire Constabulary,Derbyshire Constabulary,-1.554081,52.764990,On or near Bridge Close,E01019837,South Derbyshire 012A,Violence and sexual offences,Unable to prosecute suspect,
d582496ce0d8a6156cc7b44935658e6a0365c6d0f69775b071a5f12edef2344e,2021-06,Derbyshire Constabulary,Derbyshire Constabulary,-1.554081,52.764990,On or near Bridge Close,E01019837,South Derbyshire 012A,Violence and sexual offences,Status update unavailable,
6f66afa7e9a598044edf8fa9f688e9eb46c9a923692b855998b1f58577470976,2021-06,Derbyshire Constabulary,Derbyshire Constabulary,-1.563786,52.760738,On or near Church Street,E01019837,South Derbyshire 012A,Other crime,Awaiting court outcome,
3d20050bd124ba51eb0a8ae04ec3b22c04190f6f614fd2eccc10ca0b5a4a2997,2021-06,Derbyshire Constabulary,Derbyshire Constabulary,-1.554081,52.764990,On or near Bridge Close,E01019837,South Derbyshire 012A,Other crime,Unable to prosecute suspect,
,2021-06,Derbyshire Constabulary,Derbyshire Constabulary,-1.567361,52.764796,On or near Newlands Close,E01019838,South Derbyshire 012B,Anti-social behaviour,,
,2021-06,Derbyshire Constabulary,Derbyshire Constabulary,-1.565811,52.764269,On or near Hall Street,E01019838,South Derbyshire 012B,Anti-social behaviour,,
,2021-06,Derbyshire Constabulary,Derbyshire Constabulary,-1.568219,52.764997,On or near Albert Road,E01019838,South Derbyshire 012B,Anti-social behaviour,,
3a32ecc2d67fc848adf25115402b8783f3d81c1d6c358b1c27f8d2daebd78019,2021-06,Derbyshire Constabulary,Derbyshire Constabulary,-1.564349,52.763752,On or near Oak Street,E01019838,South Derbyshire 012B,Criminal damage and arson,Local resolution,
4a1c0c5db104b03d0f7d25c72d10150309f70a22e5e1ed1855dbdacf8a8492cb,2021-06,Derbyshire Constabulary,Derbyshire Constabulary,-1.566406,52.760990,On or near Chapel Street,E01019838,South Derbyshire 012B,Criminal damage and arson,Status update unavailable,
ea565ab1702ed67f247f2d72b2b27a4bc042a35ede7101a64d22898777055d3b,2021-06,Derbyshire Constabulary,Derbyshire Constabulary,-1.564039,52.763634,On or near Regent Street,E01019838,South Derbyshire 012B,Other theft,Investigation complete; no suspect identified,
96805b17f6c5987b6c593b7dec6d89d0fc7d98c5cca3727a69f354a1401be2cb,2021-06,Derbyshire Constabulary,Derbyshire Constabulary,-1.568219,52.764997,On or near Albert Road,E01019838,South Derbyshire 012B,Public order,Unable to prosecute suspect,
88899468f556ea6f0d509cdfbe79e698b56835b92435c397d18bab5c7b357bb5,2021-06,Derbyshire Constabulary,Derbyshire Constabulary,-1.564039,52.763634,On or near Regent Street,E01019838,South Derbyshire 012B,Violence and sexual offences,Investigation complete; no suspect identified,
a26da2335b9def7db79354cdbf4ab76e4c5283af2b98252a8d5894f3cb4523a4,2021-06,Derbyshire Constabulary,Derbyshire Constabulary,-1.567361,52.764796,On or near Newlands Close,E01019838,South Derbyshire 012B,Violence and sexual offences,Further action is not in the public interest,
cdc4d6eb3fcf93b00c4ed7b483c1893ebabf690a2c9092be84fe35d7ed9c2415,2021-06,Derbyshire Constabulary,Derbyshire Constabulary,-1.564349,52.763752,On or near Oak Street,E01019838,South Derbyshire 012B,Violence and sexual offences,Unable to prosecute suspect,
,2021-06,Derbyshire Constabulary,Derbyshire Constabulary,-1.588350,52.766013,On or near Bus/Coach Station,E01033531,South Derbyshire 012C,Anti-social behaviour,,
1dc5eaf71b8eee53829615c427ee3966d7233abab104f80957d160a938506819,2021-06,Derbyshire Constabulary,Derbyshire Constabulary,-1.588350,52.766013,On or near Bus/Coach Station,E01033531,South Derbyshire 012C,Public order,Unable to prosecute suspect,
b15ed71279c3333cd28931e8c45507c5fa2824c94493e5b8e3ebc8a0369ce20b,2021-06,Derbyshire Constabulary,Derbyshire Constabulary,-1.575434,52.759162,On or near Castle Road,E01033531,South Derbyshire 012C,Public order,Unable to prosecute suspect,
073da9b51d4c5e30749a1e0f34158e96d0090d7a4f7a727d08fc398f2a0ddc97,2021-06,Derbyshire Constabulary,Derbyshire Constabulary,-1.575434,52.759162,On or near Castle Road,E01033531,South Derbyshire 012C,Violence and sexual offences,Unable to prosecute suspect,
64833091cd939510f78ed4bbf6459bd8ed0a91b404ce8bc2adcd62736fed6c9c,2021-06,Derbyshire Constabulary,Derbyshire Constabulary,-1.583016,52.761257,On or near Hope Way,E01033531,South Derbyshire 012C,Violence and sexual offences,Formal action is not in the public interest,
,2021-06,Derbyshire Constabulary,Derbyshire Constabulary,-1.540980,52.772015,On or near Sports/Recreation Area,E01033536,South Derbyshire 012D,Anti-social behaviour,,
,2021-06,Derbyshire Constabulary,Derbyshire Constabulary,-1.541602,52.769212,On or near Swadlincote Road,E01033536,South Derbyshire 012D,Anti-social behaviour,,
,2021-06,Derbyshire Constabulary,Derbyshire Constabulary,-1.547973,52.775224,On or near Rawdon Side,E01033536,South Derbyshire 012D,Anti-social behaviour,,
,2021-06,Derbyshire Constabulary,Derbyshire Constabulary,-1.543039,52.774980,On or near Mansfield Close,E01033536,South Derbyshire 012D,Anti-social behaviour,,
,2021-06,Derbyshire Constabulary,Derbyshire Constabulary,-1.543039,52.774980,On or near Mansfield Close,E01033536,South Derbyshire 012D,Anti-social behaviour,,
,2021-06,Derbyshire Constabulary,Derbyshire Constabulary,-1.537591,52.770069,On or near Rose Hill,E01033536,South Derbyshire 012D,Anti-social behaviour,,
,2021-06,Derbyshire Constabulary,Derbyshire Constabulary,-1.543039,52.774980,On or near Mansfield Close,E01033536,South Derbyshire 012D,Anti-social behaviour,,
,2021-06,Derbyshire Constabulary,Derbyshire Constabulary,-1.541602,52.769212,On or near Swadlincote Road,E01033536,South Derbyshire 012D,Anti-social behaviour,,
044b7f2d3075aedc20024ba142ecefc0b07a179e22d603dc5959210f617a1fc1,2021-06,Derbyshire Constabulary,Derbyshire Constabulary,-1.541028,52.770307,On or near Frederick Street,E01033536,South Derbyshire 012D,Burglary,Investigation complete; no suspect identified,
f74bb6dc2168c4f8590ce4177f652e58b41dc083fb3f572eeafdca7ddba70b4c,2021-06,Derbyshire Constabulary,Derbyshire Constabulary,-1.541028,52.770307,On or near Frederick Street,E01033536,South Derbyshire 012D,Criminal damage and arson,Investigation complete; no suspect identified,
355086e5e37397945cc6c71b1df458d605e228b25e7454ac4b81a789bc0b2148,2021-06,Derbyshire Constabulary,Derbyshire Constabulary,-1.537591,52.770069,On or near Rose Hill,E01033536,South Derbyshire 012D,Criminal damage and arson,Investigation complete; no suspect identified,
07b3a9cfc4a6a7b88ff442c2a60f20b08cc8c7b0f520761f2668b135e220dd4b,2021-06,Derbyshire Constabulary,Derbyshire Constabulary,-1.538902,52.770856,On or near Granville Street,E01033536,South Derbyshire 012D,Criminal damage and arson,Unable to prosecute suspect,
4d81ce6fbf9d268f918e95f3ecebb4e84a19d7471d39f9fcc401a2a8ee053d8b,2021-06,Derbyshire Constabulary,Derbyshire Constabulary,-1.548928,52.773124,On or near Outram Drive,E01033536,South Derbyshire 012D,Criminal damage and arson,Investigation complete; no suspect identified,
25a74f6dd186741be1cafc40c6de46d9bf1d9f495dd75b68254ced2084944cb9,2021-06,Derbyshire Constabulary,Derbyshire Constabulary,-1.550802,52.771100,On or near Derby Road,E01033536,South Derbyshire 012D,Other theft,Unable to prosecute suspect,
b96c95f7e4fc10c2ad6d1c5e7ac7c041551a65116bd1aee6aab8507221370382,2021-06,Derbyshire Constabulary,Derbyshire Constabulary,-1.541028,52.770307,On or near Frederick Street,E01033536,South Derbyshire 012D,Other theft,Investigation complete; no suspect identified,
0542bfb521a22eaa5332e44f9f349ee24e639383f9a1b4bfd72d5e244c20afba,2021-06,Derbyshire Constabulary,Derbyshire Constabulary,-1.543148,52.770252,On or near Bernard Street,E01033536,South Derbyshire 012D,Shoplifting,Status update unavailable,
fbbde485e97e5d9a6da29ad2e1f74221375d985a35eb95023418e34653b06321,2021-06,Derbyshire Constabulary,Derbyshire Constabulary,-1.543148,52.770252,On or near Bernard Street,E01033536,South Derbyshire 012D,Shoplifting,Status update unavailable,
38f53e8b66d2feec24704b4fe10da1100e8b465e44e0309067a2afd92ec5c701,2021-06,Derbyshire Constabulary,Derbyshire Constabulary,-1.537591,52.770069,On or near Rose Hill,E01033536,South Derbyshire 012D,Violence and sexual offences,Unable to prosecute suspect,
885690c021e4dccae72c89a726ccc540776f714c645496fcfcbd935e18729d6d,2021-06,Derbyshire Constabulary,Derbyshire Constabulary,-1.539176,52.770156,On or near Shiloh Close,E01033536,South Derbyshire 012D,Violence and sexual offences,Unable to prosecute suspect,
a393d088bca9b22ad2b2492e4e78738ae8cfe9930f6f42ff5eb62f96a9f3f338,2021-06,Derbyshire Constabulary,Derbyshire Constabulary,-1.541602,52.769212,On or near Swadlincote Road,E01033536,South Derbyshire 012D,Violence and sexual offences,Unable to prosecute suspect,
636bb9b5eecf78063199e9bdf54e36af7e0aa87218cdb0de34e514a45b6446bb,2021-06,Derbyshire Constabulary,Derbyshire Constabulary,-1.541602,52.769212,On or near Swadlincote Road,E01033536,South Derbyshire 012D,Violence and sexual offences,Unable to prosecute suspect,
147b3cf0e9a83f9de0504835dc121b494688880c509f92b77a09791c8f57db79,2021-06,Derbyshire Constabulary,Derbyshire Constabulary,-1.540011,52.771130,On or near Court Street,E01033536,South Derbyshire 012D,Violence and sexual offences,Status update unavailable,
601d497362df0431bdddf465045c4d38937d1789e3c78a022139610614eacd2c,2021-06,Derbyshire Constabulary,Derbyshire Constabulary,-1.541028,52.770307,On or near Frederick Street,E01033536,South Derbyshire 012D,Violence and sexual offences,Unable to prosecute suspect,
7cbf5e6524a92a9eac5ad2d70cdce48d5b9107d0ca2bf82df7926b7dba7e2905,2021-06,Derbyshire Constabulary,Derbyshire Constabulary,-1.541602,52.769212,On or near Swadlincote Road,E01033536,South Derbyshire 012D,Violence and sexual offences,Status update unavailable,
b02c78889635b8a5a94d41cda688567703e6c000c9bd4bacb6e719c6bf3d022e,2021-06,Derbyshire Constabulary,Derbyshire Constabulary,-1.547973,52.775224,On or near Rawdon Side,E01033536,South Derbyshire 012D,Violence and sexual offences,Status update unavailable,
d05204698784bc65f2163562d294a3b9ed6bd6811ce64ead74cc367cd59f6af6,2021-06,Derbyshire Constabulary,Derbyshire Constabulary,-1.540980,52.772015,On or near Sports/Recreation Area,E01033536,South Derbyshire 012D,Violence and sexual offences,Investigation complete; no suspect identified,
e489feb5c9366513229eda819f0f5932a1947167809b7453dfde52aa2c34446f,2021-06,Derbyshire Constabulary,Derbyshire Constabulary,-1.548171,52.774676,On or near Escolme Close,E01033536,South Derbyshire 012D,Violence and sexual offences,Unable to prosecute suspect,
b02c78889635b8a5a94d41cda688567703e6c000c9bd4bacb6e719c6bf3d022e,2021-06,Derbyshire Constabulary,Derbyshire Constabulary,-1.541602,52.769212,On or near Swadlincote Road,E01033536,South Derbyshire 012D,Violence and sexual offences,Status update unavailable,
,2021-06,Derbyshire Constabulary,Derbyshire Constabulary,-1.573707,52.758491,On or near Princess Street,E01033537,South Derbyshire 012E,Anti-social behaviour,,
a2eee4960818cd53641e0bd748461b927c17cdb9bf5b319ca4e33650c30559fa,2021-06,Derbyshire Constabulary,Derbyshire Constabulary,-1.569115,52.762861,On or near George Street,E01033537,South Derbyshire 012E,Public order,Further action is not in the public interest,
c358fcd5f1d932c2108f4759a3e8fd201e283582d9b48777f5c780725e400ca8,2021-06,Derbyshire Constabulary,Derbyshire Constabulary,-1.571494,52.760451,On or near Ashbourne Drive,E01033537,South Derbyshire 012E,Public order,Unable to prosecute suspect,
c621c69337348a9d68dd7c6b0fb9231ed9bd6ad031ffd79b4982c663aea071d0,2021-06,Derbyshire Constabulary,Derbyshire Constabulary,-1.566385,52.763094,On or near Talbot Street,E01033537,South Derbyshire 012E,Violence and sexual offences,Unable to prosecute suspect,
12bdee1fcf0a7983f83ef1232f4eacc9760685e706664a32606cd4f28613cadb,2021-06,Derbyshire Constabulary,Derbyshire Constabulary,-1.573707,52.758491,On or near Princess Street,E01033537,South Derbyshire 012E,Violence and sexual offences,Unable to prosecute suspect,
dd3028b528c8eb667b76b66ca5a6c435d2e1a1b149f9389fe38d2ef2f82cd325,2021-06,Derbyshire Constabulary,Derbyshire Constabulary,-1.566385,52.763094,On or near Talbot Street,E01033537,South Derbyshire 012E,Violence and sexual offences,Unable to prosecute suspect,
5d0599104e9b27afe1c6b86ac15818bc1f742518c8426e3d61569973b5021c51,2021-06,Derbyshire Constabulary,Derbyshire Constabulary,-1.571700,52.759149,On or near Spring Close,E01033537,South Derbyshire 012E,Violence and sexual offences,Unable to prosecute suspect,
21669ff49102e9354d116c5cddc2fa806f988bd5bee3debb7c933b171a204eff,2021-06,Derbyshire Constabulary,Derbyshire Constabulary,-1.571700,52.759149,On or near Spring Close,E01033537,South Derbyshire 012E,Violence and sexual offences,Unable to prosecute suspect,
ac69e62c9818a773b92f1050363f03089dafd0843babc3c0fa3186af2c416ac9,2021-06,Derbyshire Constabulary,Derbyshire Constabulary,-1.571157,52.758607,On or near Spring Street,E01033537,South Derbyshire 012E,Violence and sexual offences,Unable to prosecute suspect,
943c42e6747a86276fa918e403a5ae67b5afbded501294440b74a9d565e91167,2021-06,Derbyshire Constabulary,Derbyshire Constabulary,-1.566385,52.763094,On or near Talbot Street,E01033537,South Derbyshire 012E,Violence and sexual offences,Action to be taken by another organisation,
0d217f7f8caa446bb035776f74f42144bd802f9f0a8ec192c114b718efd8b32f,2021-06,Derbyshire Constabulary,Derbyshire Constabulary,-1.571700,52.759149,On or near Spring Close,E01033537,South Derbyshire 012E,Violence and sexual offences,Unable to prosecute suspect,
1f13590d416d7b6bf9da16987f7c5cd29f7d43ce256d3770c53eff574a767377,2021-06,Derbyshire Constabulary,Derbyshire Constabulary,-1.571157,52.758607,On or near Spring Street,E01033537,South Derbyshire 012E,Violence and sexual offences,Unable to prosecute suspect,
,2021-06,Derbyshire Constabulary,Derbyshire Constabulary,-1.527743,52.774804,On or near Woodville Road,E01019842,South Derbyshire 013A,Anti-social behaviour,,
,2021-06,Derbyshire Constabulary,Derbyshire Constabulary,-1.517688,52.783222,On or near Dinmore Grange,E01019842,South Derbyshire 013A,Anti-social behaviour,,
,2021-06,Derbyshire Constabulary,Derbyshire Constabulary,-1.524730,52.773794,On or near Goseley Crescent,E01019842,South Derbyshire 013A,Anti-social behaviour,,
,2021-06,Derbyshire Constabulary,Derbyshire Constabulary,-1.522275,52.773227,On or near Mount Road,E01019842,South Derbyshire 013A,Anti-social behaviour,,
692a584fbe107dd81aab76978e8268eacdf5c3c42a35b1bde33b27279d982f47,2021-06,Derbyshire Constabulary,Derbyshire Constabulary,-1.528172,52.773502,On or near The Cutting,E01019842,South Derbyshire 013A,Burglary,Investigation complete; no suspect identified,
8ff64efe84eeab9bc3dd3d0c7bb541f083b0824bbd2a224d41db6c9848e1f064,2021-06,Derbyshire Constabulary,Derbyshire Constabulary,-1.514102,52.767107,On or near Ashby Road,E01019842,South Derbyshire 013A,Other theft,Investigation complete; no suspect identified,
2289d4aea61bbb91bb0eaf22496021502ab6a18bb96458e0cebd93694a1c8394,2021-06,Derbyshire Constabulary,Derbyshire Constabulary,-1.523738,52.772324,On or near Elmsdale Road,E01019842,South Derbyshire 013A,Violence and sexual offences,Status update unavailable,
bed93f8997d3b8245d8d4553320f005029b447d8d760b315e6c6de823661964c,2021-06,Derbyshire Constabulary,Derbyshire Constabulary,-1.523354,52.772197,On or near Bretby View,E01019842,South Derbyshire 013A,Violence and sexual offences,Formal action is not in the public interest,
172a62c3316e2817964005e8aeef8a42f9e58188a564fd6d97e2a019f1a0a0a3,2021-06,Derbyshire Constabulary,Derbyshire Constabulary,-1.527743,52.774804,On or near Woodville Road,E01019842,South Derbyshire 013A,Violence and sexual offences,Unable to prosecute suspect,
5bf0ab92da7a85579adfaf1950ad1e550eb893fb322b103790f262399f297380,2021-06,Derbyshire Constabulary,Derbyshire Constabulary,-1.523789,52.771722,On or near Bell Lane,E01019842,South Derbyshire 013A,Violence and sexual offences,Local resolution,
4aad02f55dccaa855bc5ce4c3d23058d6fb9202ca4689002cc230585aa836093,2021-06,Derbyshire Constabulary,Derbyshire Constabulary,-1.523789,52.771722,On or near Bell Lane,E01019842,South Derbyshire 013A,Violence and sexual offences,Unable to prosecute suspect,
e9ba6fbf1c5da9605e21de845b42e03381d980d21e791c0016f316301b045e87,2021-06,Derbyshire Constabulary,Derbyshire Constabulary,-1.527743,52.774804,On or near Woodville Road,E01019842,South Derbyshire 013A,Violence and sexual offences,Unable to prosecute suspect,
c71fd121e8495e8dbbe5ed71996318fcce1bf6ba153b38ed27f411254bddcd93,2021-06,Derbyshire Constabulary,Derbyshire Constabulary,-1.527743,52.774804,On or near Woodville Road,E01019842,South Derbyshire 013A,Violence and sexual offences,Unable to prosecute suspect,
638655b2ac31b0fc3a488877518191b7a86077085ff3edbe8bad18e55bd3e124,2021-06,Derbyshire Constabulary,Derbyshire Constabulary,-1.527743,52.774804,On or near Woodville Road,E01019842,South Derbyshire 013A,Violence and sexual offences,Unable to prosecute suspect,
81b952e3b174e64a5ed1874e5d546090805b61d63d9ea34aab806b3e34bc8747,2021-06,Derbyshire Constabulary,Derbyshire Constabulary,-1.527743,52.774804,On or near Woodville Road,E01019842,South Derbyshire 013A,Violence and sexual offences,Unable to prosecute suspect,
147018dcaeed5bf3cd56aa340ff5897dad22fc9c674734d29b554a041ec57cf7,2021-06,Derbyshire Constabulary,Derbyshire Constabulary,-1.524730,52.773794,On or near Goseley Crescent,E01019842,South Derbyshire 013A,Violence and sexual offences,Status update unavailable,
,2021-06,Derbyshire Constabulary,Derbyshire Constabulary,-1.538195,52.760623,On or near Haywoods Road,E01019883,South Derbyshire 013B,Anti-social behaviour,,
,2021-06,Derbyshire Constabulary,Derbyshire Constabulary,-1.535647,52.770331,On or near Burton Road,E01019883,South Derbyshire 013B,Anti-social behaviour,,
,2021-06,Derbyshire Constabulary,Derbyshire Constabulary,-1.537656,52.761196,On or near Reservoir Way,E01019883,South Derbyshire 013B,Anti-social behaviour,,
,2021-06,Derbyshire Constabulary,Derbyshire Constabulary,-1.530777,52.766950,On or near High Street,E01019883,South Derbyshire 013B,Anti-social behaviour,,
,2021-06,Derbyshire Constabulary,Derbyshire Constabulary,-1.528475,52.767426,On or near Station Road,E01019883,South Derbyshire 013B,Anti-social behaviour,,
,2021-06,Derbyshire Constabulary,Derbyshire Constabulary,-1.528475,52.767426,On or near Station Road,E01019883,South Derbyshire 013B,Anti-social behaviour,,
,2021-06,Derbyshire Constabulary,Derbyshire Constabulary,-1.535838,52.766340,On or near Vicarage Road,E01019883,South Derbyshire 013B,Anti-social behaviour,,
,2021-06,Derbyshire Constabulary,Derbyshire Constabulary,-1.531210,52.765252,On or near Smallthorn Place,E01019883,South Derbyshire 013B,Anti-social behaviour,,
,2021-06,Derbyshire Constabulary,Derbyshire Constabulary,-1.530777,52.766950,On or near High Street,E01019883,South Derbyshire 013B,Anti-social behaviour,,
,2021-06,Derbyshire Constabulary,Derbyshire Constabulary,-1.528996,52.764489,On or near Mistletoe Drive,E01019883,South Derbyshire 013B,Anti-social behaviour,,
,2021-06,Derbyshire Constabulary,Derbyshire Constabulary,-1.527910,52.764844,On or near The City,E01019883,South Derbyshire 013B,Anti-social behaviour,,
,2021-06,Derbyshire Constabulary,Derbyshire Constabulary,-1.535838,52.766340,On or near Vicarage Road,E01019883,South Derbyshire 013B,Anti-social behaviour,,
,2021-06,Derbyshire Constabulary,Derbyshire Constabulary,-1.530387,52.765986,On or near Foster Road,E01019883,South Derbyshire 013B,Anti-social behaviour,,
,2021-06,Derbyshire Constabulary,Derbyshire Constabulary,-1.534647,52.769554,On or near A511,E01019883,South Derbyshire 013B,Anti-social behaviour,,
48ef44e4fead3666b28ec9b90789b8419d4b2958d17f6f8b4b78130e94867135,2021-06,Derbyshire Constabulary,Derbyshire Constabulary,-1.539176,52.761751,On or near Capstan Close,E01019883,South Derbyshire 013B,Criminal damage and arson,Investigation complete; no suspect identified,
d85dd0c9f7f7950c8aae6ebc06ba2c2e1cf6678e875054a7f1c65bbc67e2c75e,2021-06,Derbyshire Constabulary,Derbyshire Constabulary,-1.535838,52.766340,On or near Vicarage Road,E01019883,South Derbyshire 013B,Criminal damage and arson,Unable to prosecute suspect,
777f4f9228916ceb98fc3d1c306115d87991d74887b2b12d52c5b61c3f24e9e7,2021-06,Derbyshire Constabulary,Derbyshire Constabulary,-1.534691,52.762650,On or near Tooth Street,E01019883,South Derbyshire 013B,Criminal damage and arson,Formal action is not in the public interest,
6a6e15ada8cacff6d790d34874b58e7f3227cb8e5f3d64961091925ba6d4ff27,2021-06,Derbyshire Constabulary,Derbyshire Constabulary,-1.534691,52.762650,On or near Tooth Street,E01019883,South Derbyshire 013B,Criminal damage and arson,Formal action is not in the public interest,
5a4a61e36b3f818a9ca7174d1d3a7fe32877f4f86d67f40261b40a1a1ba276fe,2021-06,Derbyshire Constabulary,Derbyshire Constabulary,-1.535647,52.770331,On or near Burton Road,E01019883,South Derbyshire 013B,Other theft,Awaiting court outcome,
b895368dc37a4e155d9e7eb272d76e64e2f8f8c9ad52f4072312ddc168e2413f,2021-06,Derbyshire Constabulary,Derbyshire Constabulary,-1.542597,52.761953,On or near Sports/Recreation Area,E01019883,South Derbyshire 013B,Other theft,Investigation complete; no suspect identified,
a824ddb4703835fbdac18da963f9ef678c3e5d613426b52cc64bb4e478e9f1d7,2021-06,Derbyshire Constabulary,Derbyshire Constabulary,-1.534647,52.769554,On or near A511,E01019883,South Derbyshire 013B,Other theft,Investigation complete; no suspect identified,
230807c603fcb03f6b5f33e89a4e0033d7ee9f888b9aefee253fcd45d4b3a92c,2021-06,Derbyshire Constabulary,Derbyshire Constabulary,-1.534647,52.769554,On or near A511,E01019883,South Derbyshire 013B,Other theft,Investigation complete; no suspect identified,
cf1afc6bb684ee069a40f05afec851818999fd97f7d4b28b316dc6dc5fd9eca2,2021-06,Derbyshire Constabulary,Derbyshire Constabulary,-1.534647,52.769554,On or near A511,E01019883,South Derbyshire 013B,Public order,Unable to prosecute suspect,
555991b544817bcb738d2698d95491d76a7c2b455d242b4f12a257f7618e6c9a,2021-06,Derbyshire Constabulary,Derbyshire Constabulary,-1.534618,52.768098,On or near St Stephens Court,E01019883,South Derbyshire 013B,Public order,Unable to prosecute suspect,
5456f202c0d599d67a8e7a52e245be88d2140d28f3e91d51e12da9d089228116,2021-06,Derbyshire Constabulary,Derbyshire Constabulary,-1.528996,52.764489,On or near Mistletoe Drive,E01019883,South Derbyshire 013B,Public order,Unable to prosecute suspect,
b58911457a85f84393cbc6d0ab9861ae051d6d99350bafda69321516f2ed4417,2021-06,Derbyshire Constabulary,Derbyshire Constabulary,-1.526583,52.762834,On or near South Street,E01019883,South Derbyshire 013B,Public order,Investigation complete; no suspect identified,
203f005ca71b156a5d6bb0e02c6cd48266cafd424ed9c30350dbf98eb924d805,2021-06,Derbyshire Constabulary,Derbyshire Constabulary,-1.538195,52.760623,On or near Haywoods Road,E01019883,South Derbyshire 013B,Vehicle crime,Investigation complete; no suspect identified,
16a742ed1529ee69de20f088436099234b4400629a5d4cffad0af273960c5ed0,2021-06,Derbyshire Constabulary,Derbyshire Constabulary,-1.534618,52.768098,On or near St Stephens Court,E01019883,South Derbyshire 013B,Vehicle crime,Investigation complete; no suspect identified,
2e41f0808e85b03724938443af3020d234d9c3445a1a06bbc4b5d6dd4e736498,2021-06,Derbyshire Constabulary,Derbyshire Constabulary,-1.528456,52.763704,On or near Thorn Street,E01019883,South Derbyshire 013B,Violence and sexual offences,Unable to prosecute suspect,
512195caa76b2326bb0514a1e41f21d83ed9d42fceca059c4d4d5f043a2e9455,2021-06,Derbyshire Constabulary,Derbyshire Constabulary,-1.542597,52.761953,On or near Sports/Recreation Area,E01019883,South Derbyshire 013B,Violence and sexual offences,Unable to prosecute suspect,
77bc683ab842b9bb52892e41dc0857d1691b3e82f822cd8677cb25d5ef8ecf88,2021-06,Derbyshire Constabulary,Derbyshire Constabulary,-1.529863,52.765130,On or near Sun Street,E01019883,South Derbyshire 013B,Violence and sexual offences,Unable to prosecute suspect,
e66b105403500f23a12e9977cfea1be1da0776a6e711149fc97f938a12abbc7b,2021-06,Derbyshire Constabulary,Derbyshire Constabulary,-1.529863,52.765130,On or near Sun Street,E01019883,South Derbyshire 013B,Violence and sexual offences,Status update unavailable,
3ddeec25f59b440ae7aebf5f344af455c49483c8ba0b13ae479d2ee5d8f0d8d5,2021-06,Derbyshire Constabulary,Derbyshire Constabulary,-1.536635,52.762397,On or near Victoria Drive,E01019883,South Derbyshire 013B,Violence and sexual offences,Unable to prosecute suspect,
92eed030ce60b5861d6b372c3dfaf7a4d2fdd11a25bf49f156397b1371698ad9,2021-06,Derbyshire Constabulary,Derbyshire Constabulary,-1.526957,52.763878,On or near Buckley Close,E01019883,South Derbyshire 013B,Violence and sexual offences,Unable to prosecute suspect,
81fdc2ddd57404930fbd55ea5336a915846211daf4ed713335d4a60cbf4b61b4,2021-06,Derbyshire Constabulary,Derbyshire Constabulary,-1.526957,52.763878,On or near Buckley Close,E01019883,South Derbyshire 013B,Violence and sexual offences,Unable to prosecute suspect,
a0ea7b431179eecd108d74bb796a397c4d499505a9ad26ac1d1acc05f8f68aec,2021-06,Derbyshire Constabulary,Derbyshire Constabulary,-1.528475,52.767426,On or near Station Road,E01019883,South Derbyshire 013B,Violence and sexual offences,Formal action is not in the public interest,
ab54c716532aa21fd7989405a2ad945692378f1c0544572f79d6c21f06248d3b,2021-06,Derbyshire Constabulary,Derbyshire Constabulary,-1.535838,52.766340,On or near Vicarage Road,E01019883,South Derbyshire 013B,Violence and sexual offences,Unable to prosecute suspect,
,2021-06,Derbyshire Constabulary,Derbyshire Constabulary,-1.532150,52.774390,On or near Teasel Drive,E01019885,South Derbyshire 013C,Anti-social behaviour,,
8a5176c6988c03e7edf1fecf67e50aea8413c3aafb4c9bf5abbdc96e4b1c8f90,2021-06,Derbyshire Constabulary,Derbyshire Constabulary,-1.528468,52.770842,On or near Kingfisher Avenue,E01019885,South Derbyshire 013C,Criminal damage and arson,Unable to prosecute suspect,
706f93405bb6609c2e5459f24c4e01596d88f2d7e9e26814e4a3cba638074b86,2021-06,Derbyshire Constabulary,Derbyshire Constabulary,-1.531733,52.771835,On or near Hartshorne Road,E01019885,South Derbyshire 013C,Public order,Awaiting court outcome,
458bfb589829c47413866ca9635fd58105c8fb338d1d57fcc0d68503703b7bd1,2021-06,Derbyshire Constabulary,Derbyshire Constabulary,-1.532150,52.774390,On or near Teasel Drive,E01019885,South Derbyshire 013C,Vehicle crime,Status update unavailable,
1c026f6643547447e0e9d4c39b38276bfb71dfc1c7150ba2bf26c82b07c60d60,2021-06,Derbyshire Constabulary,Derbyshire Constabulary,-1.530746,52.773988,On or near Jubilee Park,E01019885,South Derbyshire 013C,Violence and sexual offences,Unable to prosecute suspect,
1f1188e417e295c4bb5bd3a8beb7499f33a68827a4d1214c40be83a53d328982,2021-06,Derbyshire Constabulary,Derbyshire Constabulary,-1.528468,52.770842,On or near Kingfisher Avenue,E01019885,South Derbyshire 013C,Violence and sexual offences,Unable to prosecute suspect,
eea1f3165f0eee48439a9a439d62616f40f220f12e2790bdc6b179035f2955b2,2021-06,Derbyshire Constabulary,Derbyshire Constabulary,-1.532589,52.770795,On or near Stanley Close,E01019885,South Derbyshire 013C,Violence and sexual offences,Unable to prosecute suspect,
b349297fcbb169750daaf92639225dd2aa0db7996f12d054783799baf79601b4,2021-06,Derbyshire Constabulary,Derbyshire Constabulary,-1.529613,52.771800,On or near Dove Close,E01019885,South Derbyshire 013C,Violence and sexual offences,Unable to prosecute suspect,
b8f9ea5f3b9723a587d1275f1ea4c7cf9d66c81362b4a7494dcf057ab1ed0064,2021-06,Derbyshire Constabulary,Derbyshire Constabulary,-1.529613,52.771800,On or near Dove Close,E01019885,South Derbyshire 013C,Violence and sexual offences,Unable to prosecute suspect,
,2021-06,Derbyshire Constabulary,Derbyshire Constabulary,-1.538499,52.776788,On or near Field View,E01033535,South Derbyshire 013D,Anti-social behaviour,,
,2021-06,Derbyshire Constabulary,Derbyshire Constabulary,-1.540683,52.774899,On or near Thompson Close,E01033535,South Derbyshire 013D,Anti-social behaviour,,
,2021-06,Derbyshire Constabulary,Derbyshire Constabulary,-1.536018,52.771663,On or near Sports/Recreation Area,E01033535,South Derbyshire 013D,Anti-social behaviour,,
fd68558e724a7e0455660fa3dd166d03bcf4a384102db690a3548ddb8832a01f,2021-06,Derbyshire Constabulary,Derbyshire Constabulary,-1.537683,52.772658,On or near Sorrel Drive,E01033535,South Derbyshire 013D,Criminal damage and arson,Unable to prosecute suspect,
9765ac3523a1f112070d671b3280b2fa69cdf4d9926e613b8f5199e3f9a38fdb,2021-06,Derbyshire Constabulary,Derbyshire Constabulary,-1.537777,52.773504,On or near Wood Farm Lane,E01033535,South Derbyshire 013D,Criminal damage and arson,Unable to prosecute suspect,
768630c5ba751f42948e494ca4fb5415c196f9a136dabee91037eedb30a3771c,2021-06,Derbyshire Constabulary,Derbyshire Constabulary,-1.537777,52.773504,On or near Wood Farm Lane,E01033535,South Derbyshire 013D,Drugs,Further investigation is not in the public interest,
49b68be8a46c1f95f8a1296bac028fe881d3993b8575dab9a45a7b69235354ac,2021-06,Derbyshire Constabulary,Derbyshire Constabulary,-1.537777,52.773504,On or near Wood Farm Lane,E01033535,South Derbyshire 013D,Drugs,Further investigation is not in the public interest,
d122e05299c2a59136894b03e1cf8b84eacf6f2d78990539677f4887bbd3c9f3,2021-06,Derbyshire Constabulary,Derbyshire Constabulary,-1.537777,52.773504,On or near Wood Farm Lane,E01033535,South Derbyshire 013D,Vehicle crime,Investigation complete; no suspect identified,
ae9d5015c541f97f292fda150feeff1d8602af3ef6fd31aa2b6ddc2fc46c5471,2021-06,Derbyshire Constabulary,Derbyshire Constabulary,-1.537683,52.772658,On or near Sorrel Drive,E01033535,South Derbyshire 013D,Other crime,Further investigation is not in the public interest,
5e708677ecb8e8c0551c80dee3847ff27132df3e5f775e472266871d3b2ff6df,2021-06,Derbyshire Constabulary,Derbyshire Constabulary,-1.537683,52.772658,On or near Sorrel Drive,E01033535,South Derbyshire 013D,Other crime,Further investigation is not in the public interest,
fb69a14e661d64b25e687d21f2053965f74342cdefdaf2e5043dd81181617b39,2021-06,Derbyshire Constabulary,Derbyshire Constabulary,0.188605,52.770400,On or near Queen Street,E01026277,South Holland 008D,Other crime,Status update unavailable,
86841c2ec9d08344b711147dfbda79e3e7ed2f5b048656aadd0cd77f3dbdcdf2,2021-06,Derbyshire Constabulary,Derbyshire Constabulary,0.188605,52.770400,On or near Queen Street,E01026277,South Holland 008D,Other crime,Status update unavailable,
279d74e1a88b0bddab243caa01bf9fe340958aa6ca2e4c3e26bc93500c4b1ad3,2021-06,Derbyshire Constabulary,Derbyshire Constabulary,-0.891540,52.079173,On or near Chettle Place,E01027307,South Northamptonshire 008D,Violence and sexual offences,Unable to prosecute suspect,
33949b92bcf8fdb569770014fa6edd335fa180cef0393da2dba7af71893dd6db,2021-06,Derbyshire Constabulary,Derbyshire Constabulary,-2.132962,52.787408,On or near Betjeman Walk,E01029717,Stafford 013C,Violence and sexual offences,Status update unavailable,
f613c2df82a8b698fbb06347e49b63915387f87356feedb160d71d0a2c14ea72,2021-06,Derbyshire Constabulary,Derbyshire Constabulary,-2.714399,53.447510,On or near Hammond Street,E01006874,St. Helens 014E,Violence and sexual offences,Status update unavailable,
d28002a1fbda931a15b506dbbb85afd1577e1bfb92d50899c454858de32d66b4,2021-06,Derbyshire Constabulary,Derbyshire Constabulary,-2.178949,53.041223,On or near Ellis Street,E01014249,Stoke-on-Trent 011A,Violence and sexual offences,Status update unavailable,
2a95b279e0b97363b0bfa944ee9b16bdd17ca439cc0ebb6291ce113b8d08fb34,2021-06,Derbyshire Constabulary,Derbyshire Constabulary,-2.178949,53.041223,On or near Ellis Street,E01014249,Stoke-on-Trent 011A,Violence and sexual offences,Status update unavailable,
ef61ad1e4106a6a6e2ad48af3801dd93ac1cea69f578cee09631112a7c13021f,2021-06,Derbyshire Constabulary,Derbyshire Constabulary,-2.123112,52.979494,On or near Argyll Road,E01014305,Stoke-on-Trent 029A,Violence and sexual offences,Unable to prosecute suspect,
cd8cc5ef25ddf82469dfdcc6a5d5ba55c087b3b1b51ccaef755ba3315f5b73ba,2021-06,Derbyshire Constabulary,Derbyshire Constabulary,-2.123112,52.979494,On or near Argyll Road,E01014305,Stoke-on-Trent 029A,Violence and sexual offences,Status update unavailable,
,2021-06,Derbyshire Constabulary,Derbyshire Constabulary,-1.990970,53.459390,On or near Lord Street,E01006049,Tameside 023C,Anti-social behaviour,,
0fead364a74995bbb4f06371ff807923d57ffd5fd3618625b4a39884fc8baa21,2021-06,Derbyshire Constabulary,Derbyshire Constabulary,-1.678590,52.612954,On or near Harport Close,E01029829,Tamworth 010A,Violence and sexual offences,Awaiting court outcome,
5a0b1c6198f0ffa50334e07ffee0b095e8f1b70eeddbfb50546b0b4927cc58db,2021-06,Derbyshire Constabulary,Derbyshire Constabulary,0.262613,51.888213,On or near Parking Area,E01022090,Uttlesford 006B,Public order,Status update unavailable,
dbdf8aeae26b5e07b65e35fb06a86a01f285c230d4295d1fbe703af149ca208f,2021-06,Derbyshire Constabulary,Derbyshire Constabulary,-1.409184,53.622151,On or near Haverdale Road,E01011786,Wakefield 040D,Violence and sexual offences,Unable to prosecute suspect,
0e81f86f86bab1dbd3807f52ddab2816635c55d2acc7ae9db1e9bb509e0ac349,2021-06,Derbyshire Constabulary,Derbyshire Constabulary,-1.956759,52.612528,On or near Petrol Station,E01010321,Walsall 010B,Violence and sexual offences,Status update unavailable,
